744.0
756.0
752.0
744.0
752.0
744.0
740.0
732.0
728.0
728.0
740.0
756.0
764.0
760.0
756.0
748.0
756.0
752.0
736.0
732.0
724.0
708.0
704.0
692.0
696.0
696.0
708.0
712.0
716.0
732.0
720.0
720.0
720.0
716.0
716.0
716.0
708.0
708.0
708.0
708.0
720.0
704.0
712.0
708.0
724.0
728.0
740.0
736.0
716.0
700.0
696.0
704.0
700.0
708.0
716.0
728.0
3680.0
2848.0
1420.0
1412.0
712.0
700.0
696.0
688.0
676.0
668.0
660.0
660.0
648.0
648.0
648.0
640.0
644.0
644.0
644.0
640.0
636.0
648.0
648.0
648.0
636.0
652.0
656.0
672.0
676.0
676.0
676.0
680.0
684.0
676.0
672.0
672.0
672.0
672.0
672.0
676.0
668.0
676.0
680.0
676.0
676.0
672.0
680.0
676.0
672.0
680.0
676.0
668.0
668.0
652.0
668.0
668.0
668.0
668.0
664.0
664.0
672.0
668.0
664.0
668.0
656.0
652.0
652.0
648.0
652.0
648.0
652.0
648.0
648.0
648.0
656.0
664.0
668.0
672.0
680.0
684.0
680.0
676.0
676.0
672.0
668.0
664.0
664.0
664.0
660.0
656.0
660.0
660.0
664.0
656.0
660.0
652.0
660.0
652.0
672.0
648.0
656.0
1296.0
660.0
648.0
648.0
652.0
636.0
636.0
640.0
632.0
628.0
624.0
628.0
624.0
620.0
620.0
620.0
616.0
620.0
644.0
640.0
648.0
656.0
668.0
672.0
672.0
680.0
692.0
692.0
684.0
692.0
696.0
680.0
684.0
688.0
680.0
676.0
684.0
676.0
680.0
680.0
664.0
668.0
664.0
664.0
664.0
656.0
656.0
648.0
652.0
664.0
664.0
656.0
664.0
660.0
664.0
656.0
652.0
660.0
656.0
656.0
660.0
648.0
644.0
644.0
652.0
644.0
648.0
648.0
644.0
656.0
660.0
660.0
660.0
668.0
680.0
680.0
680.0
668.0
680.0
668.0
668.0
684.0
672.0
664.0
660.0
656.0
660.0
668.0
672.0
680.0
672.0
684.0
688.0
692.0
680.0
684.0
696.0
684.0
688.0
692.0
692.0
692.0
692.0
696.0
696.0
716.0
720.0
736.0
740.0
732.0
752.0
760.0
760.0
764.0
764.0
760.0
752.0
760.0
752.0
756.0
748.0
744.0
752.0
736.0
748.0
756.0
748.0
748.0
752.0
752.0
752.0
764.0
748.0
756.0
748.0
740.0
736.0
728.0
724.0
740.0
728.0
716.0
720.0
716.0
716.0
696.0
700.0
688.0
680.0
672.0
684.0
680.0
664.0
676.0
676.0
672.0
668.0
664.0
672.0
676.0
680.0
672.0
684.0
680.0
688.0
696.0
700.0
700.0
692.0
680.0
672.0
688.0
692.0
700.0
708.0
704.0
704.0
716.0
720.0
712.0
724.0
724.0
724.0
728.0
724.0
720.0
724.0
716.0
720.0
716.0
716.0
716.0
720.0
720.0
716.0
720.0
720.0
716.0
720.0
712.0
708.0
696.0
684.0
688.0
684.0
672.0
668.0
676.0
664.0
664.0
668.0
672.0
672.0
680.0
672.0
660.0
656.0
660.0
652.0
652.0
648.0
648.0
632.0
676.0
664.0
684.0
696.0
716.0
712.0
704.0
716.0
716.0
712.0
712.0
700.0
700.0
656.0
720.0
672.0
1352.0
672.0
668.0
656.0
668.0
664.0
652.0
656.0
648.0
648.0
640.0
644.0
644.0
644.0
660.0
664.0
668.0
676.0
676.0
676.0
672.0
680.0
680.0
676.0
672.0
676.0
680.0
676.0
672.0
672.0
656.0
668.0
664.0
668.0
668.0
676.0
680.0
668.0
2020.0
664.0
672.0
676.0
672.0
676.0
672.0
680.0
684.0
688.0
692.0
2104.0
708.0
704.0
2096.0
692.0
684.0
692.0
688.0
700.0
692.0
696.0
688.0
688.0
684.0
680.0
688.0
684.0
680.0
688.0
680.0
696.0
692.0
684.0
684.0
700.0
708.0
696.0
688.0
692.0
680.0
676.0
672.0
680.0
680.0
680.0
688.0
688.0
688.0
688.0
696.0
704.0
712.0
704.0
716.0
720.0
732.0
720.0
732.0
720.0
724.0
720.0
724.0
724.0
732.0
736.0
748.0
1504.0
756.0
756.0
756.0
756.0
764.0
744.0
756.0
784.0
800.0
796.0
412.0
984.0
924.0
724.0
724.0
704.0
700.0
692.0
696.0
700.0
708.0
736.0
756.0
772.0
772.0
776.0
772.0
756.0
768.0
756.0
756.0
752.0
748.0
748.0
752.0
728.0
736.0
732.0
752.0
732.0
744.0
752.0
752.0
752.0
768.0
756.0
760.0
736.0
740.0
748.0
764.0
776.0
768.0
784.0
780.0
768.0
748.0
740.0
736.0
732.0
728.0
728.0
736.0
736.0
728.0
728.0
728.0
736.0
732.0
728.0
732.0
728.0
712.0
700.0
684.0
692.0
688.0
684.0
668.0
676.0
680.0
680.0
680.0
684.0
692.0
696.0
704.0
696.0
700.0
692.0
684.0
684.0
672.0
680.0
680.0
692.0
700.0
732.0
764.0
748.0
756.0
748.0
752.0
736.0
736.0
724.0
716.0
704.0
708.0
704.0
700.0
708.0
696.0
696.0
688.0
684.0
688.0
688.0
704.0
708.0
692.0
688.0
684.0
1348.0
656.0
676.0
672.0
1360.0
672.0
664.0
672.0
672.0
680.0
652.0
664.0
680.0
688.0
696.0
688.0
692.0
688.0
696.0
692.0
696.0
700.0
700.0
704.0
700.0
704.0
696.0
692.0
676.0
668.0
672.0
660.0
660.0
656.0
656.0
652.0
636.0
636.0
632.0
640.0
636.0
648.0
648.0
652.0
648.0
644.0
664.0
664.0
656.0
660.0
656.0
656.0
652.0
652.0
640.0
656.0
668.0
664.0
660.0
688.0
672.0
684.0
680.0
700.0
680.0
708.0
704.0
708.0
732.0
716.0
720.0
720.0
712.0
700.0
700.0
692.0
676.0
648.0
668.0
676.0
680.0
696.0
692.0
700.0
700.0
708.0
700.0
692.0
696.0
704.0
696.0
688.0
676.0
680.0
664.0
660.0
668.0
656.0
668.0
656.0
664.0
656.0
676.0
692.0
704.0
704.0
720.0
732.0
740.0
736.0
720.0
732.0
720.0
704.0
712.0
700.0
700.0
696.0
704.0
692.0
692.0
676.0
684.0
692.0
708.0
700.0
688.0
708.0
676.0
708.0
712.0
720.0
716.0
716.0
720.0
704.0
688.0
692.0
684.0
688.0
680.0
676.0
664.0
668.0
672.0
676.0
684.0
692.0
700.0
692.0
708.0
704.0
712.0
716.0
716.0
716.0
724.0
720.0
704.0
704.0
700.0
700.0
700.0
716.0
716.0
708.0
716.0
708.0
696.0
684.0
700.0
692.0
696.0
700.0
704.0
700.0
704.0
700.0
680.0
676.0
692.0
680.0
676.0
700.0
696.0
692.0
692.0
692.0
708.0
708.0
708.0
712.0
708.0
716.0
716.0
720.0
708.0
700.0
708.0
704.0
704.0
700.0
704.0
712.0
716.0
716.0
1428.0
708.0
720.0
712.0
712.0
704.0
696.0
688.0
680.0
684.0
680.0
684.0
680.0
680.0
688.0
684.0
680.0
680.0
684.0
688.0
708.0
704.0
728.0
740.0
736.0
744.0
732.0
744.0
728.0
740.0
724.0
724.0
720.0
716.0
720.0
716.0
688.0
676.0
668.0
660.0
656.0
652.0
652.0
648.0
636.0
636.0
632.0
636.0
640.0
640.0
644.0
652.0
648.0
660.0
1324.0
664.0
672.0
668.0
660.0
668.0
660.0
676.0
660.0
664.0
672.0
668.0
672.0
680.0
684.0
688.0
692.0
684.0
680.0
684.0
680.0
692.0
1384.0
2044.0
684.0
8428.0
2072.0
680.0
680.0
2000.0
660.0
660.0
1976.0
664.0
672.0
664.0
652.0
608.0
692.0
648.0
1288.0
636.0
636.0
628.0
644.0
648.0
644.0
652.0
660.0
656.0
648.0
652.0
644.0
640.0
652.0
664.0
668.0
676.0
692.0
716.0
728.0
740.0
752.0
760.0
776.0
748.0
740.0
744.0
740.0
732.0
748.0
752.0
760.0
752.0
764.0
744.0
764.0
768.0
760.0
752.0
756.0
748.0
748.0
740.0
736.0
724.0
720.0
720.0
724.0
728.0
724.0
736.0
724.0
728.0
724.0
728.0
720.0
716.0
724.0
716.0
720.0
712.0
716.0
696.0
692.0
688.0
692.0
708.0
724.0
740.0
756.0
752.0
752.0
740.0
744.0
