816.0
844.0
848.0
824.0
840.0
820.0
856.0
832.0
848.0
516.0
320.0
840.0
848.0
848.0
904.0
848.0
824.0
868.0
852.0
472.0
364.0
872.0
796.0
804.0
820.0
876.0
784.0
856.0
788.0
860.0
788.0
848.0
828.0
824.0
816.0
820.0
832.0
832.0
808.0
700.0
936.0
816.0
548.0
284.0
812.0
836.0
800.0
808.0
824.0
824.0
816.0
828.0
776.0
832.0
804.0
820.0
792.0
812.0
816.0
804.0
832.0
800.0
808.0
864.0
732.0
912.0
304.0
296.0
324.0
840.0
1004.0
944.0
996.0
1068.0
336.0
640.0
956.0
1112.0
980.0
528.0
348.0
776.0
856.0
768.0
308.0
496.0
824.0
808.0
340.0
472.0
800.0
816.0
820.0
820.0
812.0
808.0
848.0
784.0
868.0
784.0
864.0
644.0
1000.0
804.0
880.0
792.0
860.0
776.0
860.0
784.0
864.0
780.0
848.0
824.0
848.0
860.0
844.0
848.0
840.0
844.0
848.0
836.0
832.0
780.0
856.0
792.0
876.0
824.0
816.0
820.0
832.0
828.0
836.0
832.0
816.0
824.0
836.0
832.0
824.0
820.0
812.0
828.0
832.0
820.0
828.0
816.0
820.0
828.0
840.0
832.0
824.0
832.0
836.0
836.0
832.0
832.0
824.0
824.0
824.0
840.0
832.0
836.0
824.0
836.0
848.0
844.0
840.0
836.0
824.0
840.0
856.0
840.0
848.0
840.0
852.0
864.0
816.0
888.0
808.0
880.0
848.0
864.0
856.0
852.0
840.0
856.0
856.0
840.0
844.0
832.0
840.0
852.0
860.0
852.0
852.0
844.0
856.0
816.0
892.0
844.0
800.0
880.0
852.0
812.0
872.0
796.0
872.0
852.0
860.0
852.0
852.0
808.0
888.0
860.0
864.0
864.0
852.0
856.0
880.0
872.0
868.0
864.0
856.0
872.0
876.0
860.0
856.0
844.0
852.0
860.0
816.0
884.0
848.0
848.0
864.0
864.0
856.0
856.0
816.0
896.0
832.0
904.0
824.0
888.0
812.0
908.0
820.0
892.0
816.0
888.0
820.0
908.0
824.0
884.0
800.0
884.0
840.0
864.0
812.0
872.0
812.0
896.0
820.0
884.0
804.0
876.0
816.0
896.0
804.0
876.0
800.0
872.0
804.0
832.0
828.0
860.0
780.0
876.0
800.0
860.0
796.0
860.0
792.0
872.0
812.0
876.0
792.0
864.0
800.0
880.0
800.0
872.0
800.0
876.0
808.0
884.0
844.0
844.0
800.0
892.0
820.0
888.0
808.0
872.0
808.0
888.0
812.0
892.0
800.0
872.0
820.0
900.0
828.0
848.0
852.0
840.0
852.0
868.0
840.0
824.0
856.0
848.0
840.0
864.0
840.0
828.0
676.0
1032.0
864.0
884.0
840.0
832.0
844.0
872.0
840.0
832.0
856.0
848.0
848.0
864.0
844.0
840.0
860.0
852.0
844.0
856.0
832.0
832.0
864.0
852.0
832.0
852.0
832.0
848.0
844.0
832.0
884.0
1000.0
316.0
296.0
852.0
868.0
852.0
856.0
872.0
860.0
868.0
860.0
880.0
852.0
872.0
876.0
868.0
896.0
868.0
868.0
872.0
884.0
872.0
872.0
856.0
888.0
876.0
876.0
868.0
864.0
884.0
888.0
840.0
904.0
820.0
876.0
852.0
856.0
848.0
836.0
844.0
856.0
856.0
848.0
892.0
820.0
900.0
836.0
896.0
820.0
892.0
820.0
920.0
660.0
1032.0
364.0
476.0
908.0
820.0
904.0
812.0
844.0
832.0
836.0
848.0
844.0
840.0
832.0
836.0
856.0
860.0
896.0
808.0
856.0
840.0
872.0
852.0
896.0
820.0
904.0
844.0
916.0
840.0
880.0
860.0
876.0
868.0
840.0
836.0
832.0
848.0
868.0
880.0
852.0
840.0
852.0
904.0
856.0
840.0
876.0
848.0
856.0
868.0
884.0
880.0
840.0
896.0
868.0
848.0
840.0
832.0
868.0
872.0
840.0
872.0
844.0
828.0
876.0
860.0
848.0
868.0
852.0
844.0
888.0
860.0
836.0
868.0
844.0
860.0
872.0
848.0
844.0
848.0
844.0
868.0
876.0
848.0
860.0
856.0
856.0
864.0
860.0
840.0
848.0
884.0
852.0
856.0
860.0
840.0
848.0
844.0
852.0
828.0
828.0
868.0
856.0
840.0
872.0
836.0
828.0
864.0
848.0
844.0
868.0
832.0
848.0
872.0
840.0
840.0
856.0
832.0
832.0
880.0
844.0
824.0
844.0
848.0
836.0
852.0
856.0
828.0
836.0
876.0
852.0
836.0
848.0
832.0
844.0
860.0
860.0
828.0
832.0
868.0
848.0
840.0
848.0
848.0
832.0
836.0
860.0
856.0
832.0
832.0
864.0
848.0
840.0
840.0
860.0
836.0
864.0
856.0
840.0
856.0
844.0
836.0
844.0
840.0
836.0
824.0
824.0
844.0
868.0
836.0
856.0
832.0
856.0
852.0
832.0
832.0
836.0
824.0
836.0
840.0
836.0
848.0
820.0
828.0
864.0
848.0
836.0
816.0
852.0
868.0
856.0
852.0
840.0
816.0
836.0
836.0
844.0
856.0
832.0
828.0
836.0
840.0
824.0
856.0
828.0
836.0
852.0
844.0
828.0
820.0
848.0
844.0
844.0
828.0
824.0
840.0
852.0
832.0
840.0
828.0
816.0
820.0
848.0
836.0
824.0
820.0
836.0
836.0
828.0
856.0
828.0
816.0
832.0
832.0
836.0
852.0
828.0
812.0
860.0
836.0
824.0
844.0
820.0
812.0
860.0
836.0
824.0
836.0
840.0
832.0
828.0
852.0
828.0
816.0
836.0
844.0
836.0
844.0
844.0
840.0
852.0
856.0
836.0
828.0
832.0
820.0
824.0
836.0
832.0
828.0
816.0
828.0
828.0
860.0
836.0
820.0
820.0
848.0
844.0
832.0
828.0
832.0
832.0
828.0
852.0
832.0
816.0
844.0
836.0
836.0
852.0
828.0
816.0
816.0
856.0
832.0
812.0
816.0
828.0
828.0
820.0
840.0
820.0
808.0
820.0
840.0
832.0
812.0
836.0
820.0
824.0
840.0
836.0
816.0
808.0
840.0
828.0
820.0
696.0
944.0
820.0
824.0
844.0
824.0
808.0
840.0
820.0
820.0
836.0
840.0
828.0
584.0
1084.0
880.0
836.0
836.0
840.0
824.0
824.0
852.0
836.0
820.0
812.0
852.0
836.0
828.0
832.0
840.0
820.0
824.0
852.0
840.0
824.0
812.0
852.0
840.0
828.0
840.0
840.0
820.0
820.0
860.0
840.0
820.0
820.0
852.0
840.0
824.0
644.0
968.0
820.0
828.0
856.0
832.0
824.0
844.0
828.0
836.0
856.0
824.0
828.0
840.0
832.0
696.0
972.0
820.0
832.0
844.0
832.0
844.0
844.0
824.0
824.0
852.0
840.0
824.0
652.0
964.0
824.0
852.0
844.0
828.0
832.0
832.0
832.0
844.0
848.0
828.0
820.0
852.0
840.0
840.0
844.0
832.0
824.0
832.0
860.0
836.0
828.0
844.0
832.0
844.0
860.0
844.0
824.0
728.0
964.0
848.0
832.0
852.0
832.0
832.0
852.0
852.0
832.0
824.0
840.0
840.0
840.0
856.0
836.0
828.0
864.0
848.0
840.0
844.0
848.0
836.0
836.0
864.0
848.0
868.0
836.0
836.0
840.0
864.0
844.0
820.0
832.0
840.0
840.0
868.0
840.0
824.0
856.0
856.0
844.0
832.0
848.0
840.0
848.0
848.0
832.0
856.0
840.0
832.0
836.0
864.0
840.0
824.0
828.0
856.0
856.0
832.0
828.0
860.0
844.0
840.0
844.0
848.0
824.0
824.0
856.0
848.0
828.0
824.0
852.0
840.0
840.0
844.0
856.0
832.0
828.0
868.0
848.0
836.0
840.0
848.0
840.0
656.0
1000.0
844.0
840.0
852.0
848.0
848.0
860.0
832.0
824.0
868.0
848.0
828.0
852.0
836.0
832.0
872.0
848.0
832.0
856.0
844.0
848.0
868.0
852.0
836.0
836.0
856.0
856.0
840.0
864.0
844.0
844.0
872.0
864.0
844.0
840.0
864.0
848.0
856.0
872.0
852.0
836.0
844.0
876.0
852.0
836.0
864.0
848.0
852.0
852.0
880.0
852.0
836.0
868.0
872.0
840.0
876.0
836.0
836.0
880.0
856.0
840.0
872.0
840.0
876.0
856.0
832.0
828.0
828.0
876.0
856.0
844.0
848.0
860.0
844.0
844.0
876.0
848.0
840.0
848.0
868.0
860.0
