796.0
772.0
748.0
740.0
780.0
740.0
748.0
780.0
772.0
748.0
792.0
812.0
768.0
768.0
828.0
788.0
804.0
820.0
784.0
804.0
788.0
736.0
736.0
748.0
824.0
832.0
792.0
804.0
744.0
752.0
748.0
780.0
840.0
840.0
824.0
864.0
820.0
812.0
832.0
856.0
824.0
788.0
900.0
852.0
812.0
812.0
836.0
804.0
768.0
784.0
788.0
796.0
764.0
248.0
516.0
748.0
756.0
752.0
708.0
748.0
9140.0
10680.0
1004.0
1340.0
1548.0
748.0
772.0
792.0
792.0
776.0
824.0
808.0
776.0
764.0
744.0
760.0
772.0
768.0
740.0
760.0
768.0
732.0
788.0
792.0
756.0
736.0
740.0
740.0
724.0
528.0
192.0
740.0
284.0
460.0
752.0
728.0
740.0
740.0
728.0
492.0
260.0
488.0
244.0
736.0
748.0
776.0
756.0
772.0
776.0
760.0
768.0
780.0
784.0
788.0
764.0
752.0
788.0
776.0
776.0
776.0
792.0
776.0
776.0
788.0
804.0
788.0
820.0
812.0
812.0
808.0
792.0
760.0
768.0
792.0
768.0
764.0
808.0
828.0
792.0
780.0
812.0
808.0
780.0
772.0
780.0
756.0
736.0
716.0
704.0
700.0
704.0
716.0
772.0
820.0
796.0
840.0
800.0
772.0
784.0
764.0
744.0
736.0
728.0
732.0
696.0
500.0
432.0
240.0
312.0
728.0
704.0
484.0
952.0
724.0
740.0
708.0
696.0
712.0
732.0
740.0
720.0
732.0
760.0
756.0
768.0
768.0
736.0
752.0
764.0
752.0
736.0
760.0
732.0
732.0
728.0
744.0
760.0
748.0
784.0
752.0
784.0
792.0
796.0
792.0
784.0
756.0
760.0
784.0
784.0
788.0
760.0
760.0
772.0
796.0
768.0
756.0
780.0
812.0
816.0
804.0
768.0
800.0
792.0
800.0
792.0
768.0
752.0
776.0
780.0
796.0
792.0
780.0
808.0
788.0
284.0
1308.0
824.0
780.0
768.0
820.0
788.0
768.0
804.0
776.0
776.0
800.0
516.0
1004.0
736.0
712.0
712.0
740.0
768.0
752.0
768.0
824.0
800.0
784.0
796.0
808.0
788.0
760.0
792.0
760.0
740.0
728.0
952.0
720.0
284.0
328.0
732.0
324.0
236.0
952.0
320.0
468.0
764.0
864.0
856.0
824.0
804.0
792.0
1572.0
780.0
760.0
764.0
776.0
376.0
400.0
304.0
536.0
264.0
468.0
284.0
800.0
556.0
2072.0
272.0
252.0
460.0
932.0
544.0
708.0
716.0
728.0
728.0
712.0
416.0
264.0
784.0
708.0
720.0
736.0
784.0
740.0
724.0
748.0
812.0
808.0
772.0
772.0
748.0
476.0
312.0
760.0
752.0
764.0
740.0
728.0
704.0
696.0
688.0
696.0
716.0
712.0
724.0
736.0
740.0
752.0
812.0
800.0
784.0
764.0
756.0
756.0
728.0
720.0
448.0
972.0
1480.0
792.0
732.0
764.0
756.0
764.0
816.0
792.0
788.0
776.0
784.0
772.0
760.0
752.0
416.0
308.0
768.0
792.0
776.0
424.0
336.0
776.0
768.0
296.0
440.0
720.0
720.0
720.0
796.0
828.0
860.0
780.0
836.0
784.0
404.0
352.0
748.0
736.0
708.0
720.0
720.0
780.0
796.0
800.0
776.0
756.0
760.0
740.0
752.0
660.0
956.0
352.0
232.0
312.0
492.0
452.0
480.0
380.0
308.0
372.0
768.0
308.0
328.0
752.0
1500.0
756.0
756.0
708.0
776.0
456.0
300.0
736.0
408.0
488.0
528.0
344.0
420.0
396.0
204.0
816.0
732.0
824.0
792.0
788.0
772.0
756.0
748.0
716.0
752.0
728.0
716.0
508.0
224.0
700.0
708.0
712.0
272.0
548.0
480.0
948.0
696.0
260.0
416.0
696.0
712.0
704.0
732.0
704.0
704.0
708.0
704.0
684.0
696.0
708.0
700.0
692.0
708.0
716.0
696.0
696.0
716.0
728.0
728.0
728.0
696.0
724.0
740.0
720.0
720.0
716.0
728.0
732.0
716.0
712.0
700.0
732.0
704.0
684.0
684.0
676.0
688.0
692.0
700.0
716.0
728.0
740.0
680.0
696.0
724.0
736.0
716.0
692.0
696.0
716.0
732.0
720.0
700.0
684.0
696.0
708.0
724.0
700.0
704.0
704.0
724.0
724.0
732.0
700.0
688.0
720.0
732.0
736.0
720.0
708.0
720.0
760.0
740.0
720.0
704.0
696.0
728.0
724.0
692.0
696.0
704.0
720.0
720.0
700.0
720.0
724.0
724.0
704.0
692.0
696.0
708.0
692.0
680.0
684.0
692.0
696.0
696.0
692.0
716.0
724.0
704.0
696.0
708.0
736.0
688.0
688.0
712.0
708.0
720.0
692.0
696.0
692.0
704.0
684.0
684.0
704.0
704.0
708.0
692.0
692.0
700.0
724.0
692.0
700.0
724.0
736.0
716.0
716.0
752.0
780.0
768.0
752.0
748.0
724.0
712.0
708.0
696.0
704.0
720.0
708.0
720.0
768.0
760.0
740.0
780.0
744.0
752.0
772.0
776.0
788.0
780.0
784.0
768.0
752.0
768.0
768.0
768.0
724.0
756.0
288.0
492.0
756.0
428.0
352.0
264.0
504.0
772.0
764.0
500.0
268.0
756.0
756.0
748.0
748.0
788.0
756.0
788.0
700.0
908.0
812.0
272.0
508.0
768.0
756.0
764.0
804.0
800.0
784.0
776.0
784.0
764.0
744.0
760.0
736.0
764.0
752.0
740.0
784.0
768.0
732.0
736.0
752.0
760.0
728.0
768.0
768.0
748.0
740.0
752.0
732.0
284.0
6156.0
296.0
336.0
348.0
728.0
724.0
712.0
692.0
428.0
280.0
1444.0
484.0
412.0
472.0
252.0
432.0
832.0
304.0
504.0
460.0
440.0
228.0
300.0
376.0
268.0
380.0
424.0
400.0
736.0
696.0
708.0
704.0
700.0
692.0
296.0
404.0
1412.0
2780.0
696.0
692.0
724.0
692.0
696.0
688.0
692.0
688.0
732.0
728.0
960.0
484.0
724.0
696.0
728.0
756.0
784.0
744.0
716.0
732.0
744.0
752.0
752.0
792.0
792.0
752.0
736.0
736.0
716.0
712.0
708.0
736.0
468.0
296.0
764.0
748.0
732.0
736.0
692.0
272.0
488.0
624.0
800.0
552.0
704.0
212.0
612.0
956.0
232.0
848.0
532.0
688.0
692.0
736.0
728.0
848.0
824.0
680.0
644.0
768.0
772.0
328.0
420.0
816.0
704.0
240.0
508.0
472.0
288.0
300.0
332.0
828.0
708.0
728.0
712.0
780.0
736.0
764.0
760.0
756.0
364.0
372.0
716.0
700.0
708.0
696.0
708.0
464.0
232.0
380.0
312.0
696.0
300.0
392.0
252.0
388.0
696.0
660.0
236.0
356.0
272.0
584.0
308.0
404.0
200.0
320.0
260.0
288.0
304.0
552.0
356.0
312.0
1788.0
264.0
336.0
580.0
516.0
192.0
240.0
412.0
360.0
624.0
824.0
264.0
424.0
708.0
808.0
484.0
416.0
244.0
840.0
724.0
224.0
544.0
736.0
740.0
400.0
348.0
736.0
664.0
816.0
744.0
244.0
476.0
712.0
600.0
808.0
1180.0
316.0
692.0
724.0
544.0
916.0
688.0
728.0
852.0
412.0
464.0
364.0
480.0
300.0
384.0
284.0
332.0
272.0
636.0
448.0
488.0
584.0
412.0
312.0
344.0
336.0
620.0
352.0
316.0
372.0
840.0
204.0
476.0
376.0
264.0
468.0
336.0
708.0
424.0
320.0
460.0
668.0
344.0
404.0
1616.0
676.0
204.0
452.0
556.0
388.0
360.0
396.0
376.0
428.0
788.0
284.0
412.0
600.0
780.0
412.0
380.0
1400.0
260.0
428.0
732.0
556.0
652.0
280.0
704.0
412.0
336.0
564.0
336.0
308.0
400.0
600.0
320.0
256.0
444.0
368.0
272.0
232.0
472.0
428.0
224.0
504.0
292.0
460.0
584.0
416.0
672.0
432.0
328.0
832.0
1336.0
272.0
292.0
276.0
636.0
380.0
212.0
952.0
680.0
660.0
712.0
500.0
516.0
316.0
312.0
416.0
552.0
388.0
320.0
220.0
540.0
512.0
380.0
500.0
476.0
376.0
460.0
360.0
492.0
504.0
392.0
280.0
612.0
324.0
632.0
444.0
664.0
472.0
248.0
320.0
572.0
608.0
420.0
648.0
388.0
216.0
388.0
320.0
248.0
424.0
596.0
264.0
248.0
372.0
464.0
560.0
520.0
