1152.0
1136.0
1148.0
1120.0
1104.0
1116.0
1080.0
1124.0
1088.0
1088.0
1056.0
964.0
1024.0
1068.0
1100.0
1116.0
1172.0
1164.0
1148.0
1140.0
1172.0
1176.0
1188.0
1192.0
1196.0
1148.0
1148.0
1156.0
1156.0
1096.0
1112.0
1076.0
1056.0
1008.0
1024.0
1036.0
1000.0
1028.0
1036.0
1024.0
984.0
960.0
1056.0
1088.0
1044.0
1020.0
1032.0
1032.0
1028.0
1044.0
1084.0
1076.0
1052.0
1088.0
1104.0
1076.0
1060.0
1076.0
1076.0
1104.0
1128.0
1140.0
520.0
1500.0
1216.0
432.0
1568.0
1144.0
1128.0
1092.0
1052.0
1116.0
1028.0
1024.0
1020.0
976.0
972.0
968.0
1012.0
1224.0
1192.0
1192.0
1128.0
1116.0
1096.0
1088.0
1076.0
1100.0
1052.0
1036.0
1060.0
1084.0
1036.0
1016.0
1052.0
1092.0
1096.0
1064.0
1096.0
1088.0
1064.0
1092.0
1088.0
1060.0
1056.0
1076.0
1060.0
1096.0
1072.0
1060.0
1100.0
1048.0
1044.0
1060.0
1052.0
1048.0
1048.0
1072.0
1084.0
1092.0
1064.0
1048.0
1064.0
1108.0
1092.0
1080.0
1080.0
1080.0
1068.0
1080.0
1036.0
1028.0
1064.0
1036.0
1000.0
952.0
980.0
976.0
1016.0
1048.0
1092.0
1052.0
1068.0
1076.0
1084.0
1088.0
1076.0
1112.0
1100.0
1088.0
1060.0
1052.0
1040.0
1088.0
1100.0
1092.0
1104.0
1096.0
1100.0
1100.0
1092.0
1092.0
1096.0
1088.0
1052.0
1056.0
1112.0
1100.0
1092.0
1096.0
1112.0
1088.0
1056.0
1052.0
1024.0
1028.0
1032.0
1012.0
1048.0
1092.0
1056.0
1060.0
1080.0
1068.0
1036.0
1064.0
1092.0
1072.0
1040.0
1028.0
2060.0
1060.0
1076.0
1060.0
1060.0
1100.0
1124.0
1084.0
1092.0
1100.0
1112.0
2012.0
1136.0
1084.0
1100.0
1096.0
1504.0
1308.0
1196.0
1192.0
1156.0
1132.0
1152.0
1204.0
1204.0
1176.0
1152.0
1124.0
1144.0
1140.0
1112.0
1096.0
1100.0
1112.0
1048.0
1080.0
1084.0
1080.0
1096.0
1108.0
1096.0
1116.0
1116.0
1104.0
1092.0
1032.0
1064.0
1084.0
1044.0
1016.0
1028.0
1032.0
1040.0
1104.0
1092.0
1088.0
1072.0
1040.0
1052.0
988.0
1052.0
1052.0
1132.0
1072.0
1508.0
1324.0
1148.0
1056.0
1008.0
972.0
932.0
940.0
944.0
932.0
932.0
968.0
940.0
936.0
904.0
928.0
920.0
912.0
916.0
932.0
912.0
908.0
900.0
916.0
888.0
856.0
884.0
916.0
896.0
900.0
868.0
900.0
888.0
904.0
892.0
864.0
872.0
868.0
856.0
844.0
848.0
836.0
828.0
820.0
840.0
856.0
832.0
840.0
848.0
836.0
852.0
824.0
840.0
836.0
828.0
832.0
832.0
820.0
824.0
828.0
820.0
828.0
832.0
832.0
840.0
836.0
844.0
836.0
828.0
832.0
832.0
820.0
836.0
840.0
840.0
840.0
832.0
868.0
868.0
860.0
860.0
856.0
852.0
860.0
860.0
844.0
848.0
484.0
1164.0
840.0
812.0
828.0
816.0
816.0
824.0
832.0
816.0
832.0
840.0
840.0
864.0
872.0
876.0
912.0
904.0
912.0
916.0
944.0
944.0
928.0
952.0
976.0
416.0
1388.0
492.0
1356.0
1032.0
984.0
1008.0
1008.0
984.0
992.0
1016.0
956.0
952.0
960.0
968.0
932.0
884.0
872.0
876.0
872.0
868.0
856.0
872.0
884.0
888.0
896.0
920.0
924.0
920.0
900.0
924.0
916.0
932.0
952.0
928.0
904.0
900.0
924.0
932.0
908.0
868.0
928.0
956.0
980.0
1000.0
1004.0
948.0
932.0
936.0
924.0
944.0
952.0
1852.0
924.0
908.0
880.0
912.0
932.0
960.0
988.0
1020.0
1072.0
1084.0
1120.0
1120.0
1092.0
1052.0
1072.0
1044.0
1064.0
1068.0
1032.0
1024.0
1044.0
1100.0
1080.0
1012.0
1024.0
1024.0
1052.0
1012.0
984.0
1032.0
1108.0
1088.0
1076.0
1044.0
1020.0
972.0
964.0
948.0
932.0
656.0
1080.0
1064.0
1048.0
1032.0
996.0
988.0
936.0
904.0
904.0
916.0
740.0
1164.0
984.0
972.0
980.0
996.0
964.0
964.0
952.0
956.0
976.0
964.0
972.0
972.0
984.0
980.0
956.0
932.0
944.0
992.0
1000.0
992.0
948.0
924.0
960.0
916.0
908.0
904.0
920.0
940.0
956.0
948.0
924.0
940.0
948.0
952.0
976.0
1000.0
1020.0
1012.0
984.0
1004.0
1024.0
988.0
928.0
932.0
912.0
884.0
880.0
964.0
1016.0
944.0
988.0
996.0
972.0
1000.0
1064.0
1108.0
1104.0
1068.0
1072.0
1056.0
1044.0
1024.0
976.0
1052.0
1124.0
1104.0
1080.0
1060.0
1012.0
988.0
1004.0
1016.0
1028.0
1032.0
1040.0
1012.0
1036.0
1004.0
1008.0
1024.0
1016.0
1020.0
1000.0
992.0
972.0
920.0
920.0
916.0
936.0
912.0
924.0
940.0
968.0
968.0
964.0
956.0
952.0
984.0
1028.0
1020.0
1016.0
980.0
988.0
936.0
920.0
964.0
972.0
984.0
1000.0
972.0
944.0
976.0
1008.0
988.0
936.0
944.0
968.0
988.0
964.0
944.0
928.0
968.0
964.0
976.0
1004.0
976.0
992.0
1000.0
964.0
968.0
1004.0
1056.0
1044.0
1028.0
1020.0
1020.0
1036.0
1044.0
1044.0
1048.0
1060.0
1044.0
1072.0
1100.0
1108.0
1092.0
1044.0
1056.0
1068.0
1056.0
1044.0
1020.0
948.0
924.0
920.0
904.0
904.0
868.0
872.0
860.0
880.0
1036.0
1048.0
1068.0
1084.0
1148.0
1160.0
1112.0
1104.0
1076.0
1112.0
1128.0
1140.0
1132.0
1128.0
1120.0
1120.0
1088.0
1060.0
1056.0
1052.0
1028.0
1028.0
1044.0
1040.0
1052.0
1004.0
996.0
992.0
1004.0
972.0
948.0
996.0
1004.0
952.0
1028.0
1020.0
1004.0
968.0
964.0
972.0
996.0
968.0
980.0
1016.0
972.0
992.0
980.0
956.0
952.0
996.0
948.0
928.0
964.0
1032.0
1036.0
1000.0
1016.0
1056.0
1012.0
1048.0
1036.0
1032.0
1024.0
1012.0
996.0
976.0
976.0
984.0
1016.0
1016.0
1008.0
1032.0
1052.0
1060.0
996.0
1008.0
1032.0
1020.0
1016.0
988.0
972.0
996.0
988.0
956.0
940.0
984.0
984.0
452.0
1368.0
968.0
928.0
940.0
1020.0
988.0
964.0
1012.0
992.0
1000.0
984.0
964.0
944.0
940.0
964.0
956.0
980.0
956.0
944.0
912.0
916.0
944.0
956.0
1008.0
984.0
944.0
1008.0
1032.0
1004.0
976.0
976.0
972.0
960.0
980.0
996.0
1020.0
1008.0
1008.0
1000.0
1032.0
1052.0
1036.0
1044.0
1016.0
1040.0
1048.0
1060.0
1064.0
1044.0
1052.0
1076.0
1100.0
1048.0
1056.0
1072.0
1048.0
964.0
944.0
980.0
984.0
992.0
964.0
964.0
1004.0
1028.0
988.0
956.0
1036.0
1048.0
1040.0
1024.0
984.0
972.0
992.0
468.0
1376.0
1068.0
1012.0
944.0
928.0
956.0
1024.0
992.0
972.0
1024.0
1064.0
1052.0
1024.0
1020.0
1036.0
1016.0
976.0
944.0
952.0
976.0
992.0
1028.0
1020.0
1020.0
1024.0
1064.0
1072.0
1076.0
1096.0
1104.0
1092.0
1060.0
1092.0
1068.0
1028.0
1024.0
1044.0
1032.0
1012.0
1056.0
1048.0
972.0
964.0
1024.0
996.0
944.0
924.0
908.0
960.0
964.0
932.0
904.0
912.0
940.0
964.0
984.0
936.0
616.0
1272.0
980.0
952.0
620.0
1268.0
980.0
988.0
1020.0
1016.0
1016.0
1012.0
1028.0
1020.0
1048.0
1068.0
1032.0
1056.0
1036.0
1088.0
1084.0
1052.0
1080.0
1064.0
1032.0
984.0
992.0
1024.0
1012.0
988.0
676.0
1208.0
1156.0
1124.0
1072.0
1044.0
1028.0
1000.0
1000.0
1004.0
1016.0
1016.0
1048.0
1076.0
1056.0
1080.0
1092.0
1068.0
1044.0
1020.0
1020.0
1012.0
980.0
948.0
908.0
916.0
920.0
1788.0
944.0
972.0
944.0
912.0
908.0
940.0
968.0
1016.0
1028.0
1016.0
1000.0
1024.0
1012.0
1020.0
1032.0
1020.0
1012.0
988.0
1048.0
1116.0
1084.0
1080.0
1112.0
1124.0
1108.0
1148.0
1160.0
1088.0
1076.0
1080.0
1088.0
1088.0
1108.0
1112.0
1124.0
1124.0
1068.0
1028.0
1116.0
536.0
1468.0
1176.0
1088.0
1048.0
1044.0
1076.0
1128.0
1096.0
1100.0
1076.0
1084.0
1092.0
1104.0
1120.0
1108.0
1124.0
1104.0
1104.0
1088.0
1084.0
1064.0
1088.0
1080.0
1076.0
1084.0
1060.0
1072.0
1084.0
1028.0
1068.0
1076.0
1036.0
1012.0
1048.0
1024.0
1008.0
1040.0
1052.0
1036.0
1036.0
1048.0
1032.0
1036.0
1060.0
1088.0
1000.0
980.0
960.0
980.0
932.0
