764.0
772.0
748.0
764.0
772.0
752.0
760.0
812.0
740.0
752.0
780.0
748.0
768.0
804.0
740.0
756.0
808.0
736.0
760.0
768.0
752.0
772.0
752.0
748.0
764.0
768.0
752.0
768.0
748.0
744.0
748.0
764.0
756.0
748.0
768.0
760.0
740.0
748.0
744.0
772.0
748.0
768.0
792.0
736.0
740.0
800.0
768.0
720.0
788.0
736.0
784.0
732.0
748.0
756.0
752.0
804.0
724.0
764.0
744.0
764.0
744.0
752.0
764.0
740.0
756.0
768.0
740.0
772.0
744.0
752.0
776.0
740.0
764.0
768.0
740.0
764.0
740.0
768.0
752.0
768.0
796.0
736.0
792.0
736.0
748.0
776.0
736.0
760.0
764.0
752.0
756.0
772.0
768.0
764.0
776.0
744.0
756.0
768.0
776.0
752.0
768.0
756.0
760.0
760.0
768.0
772.0
756.0
768.0
772.0
760.0
764.0
784.0
748.0
764.0
792.0
748.0
776.0
780.0
764.0
744.0
772.0
796.0
744.0
764.0
768.0
780.0
776.0
768.0
756.0
744.0
764.0
788.0
752.0
772.0
764.0
752.0
752.0
772.0
768.0
748.0
760.0
768.0
764.0
768.0
764.0
772.0
776.0
748.0
752.0
768.0
768.0
768.0
760.0
776.0
764.0
768.0
772.0
772.0
760.0
760.0
760.0
764.0
772.0
768.0
756.0
768.0
768.0
768.0
768.0
800.0
768.0
752.0
764.0
792.0
772.0
756.0
768.0
784.0
756.0
768.0
788.0
756.0
764.0
792.0
760.0
764.0
800.0
764.0
772.0
788.0
752.0
768.0
768.0
768.0
792.0
772.0
768.0
816.0
752.0
772.0
760.0
780.0
768.0
764.0
780.0
756.0
764.0
768.0
764.0
764.0
772.0
776.0
800.0
748.0
768.0
788.0
756.0
772.0
768.0
760.0
772.0
768.0
768.0
792.0
768.0
748.0
776.0
756.0
764.0
812.0
752.0
716.0
784.0
772.0
764.0
776.0
804.0
752.0
752.0
784.0
740.0
764.0
764.0
752.0
760.0
788.0
748.0
760.0
828.0
740.0
748.0
780.0
748.0
764.0
772.0
756.0
768.0
752.0
780.0
804.0
732.0
748.0
800.0
744.0
768.0
812.0
744.0
760.0
804.0
772.0
736.0
760.0
804.0
740.0
756.0
804.0
736.0
772.0
804.0
732.0
752.0
780.0
800.0
744.0
776.0
788.0
740.0
748.0
776.0
800.0
740.0
756.0
800.0
772.0
736.0
776.0
792.0
740.0
792.0
768.0
764.0
740.0
788.0
744.0
752.0
796.0
776.0
776.0
776.0
736.0
796.0
744.0
760.0
804.0
744.0
784.0
784.0
768.0
740.0
796.0
752.0
796.0
772.0
768.0
744.0
792.0
780.0
736.0
792.0
744.0
788.0
748.0
796.0
744.0
792.0
768.0
772.0
756.0
780.0
772.0
756.0
772.0
776.0
756.0
784.0
768.0
732.0
752.0
804.0
772.0
736.0
796.0
772.0
732.0
788.0
776.0
740.0
792.0
764.0
764.0
756.0
776.0
776.0
732.0
776.0
784.0
736.0
772.0
752.0
804.0
768.0
736.0
792.0
776.0
740.0
772.0
796.0
772.0
768.0
768.0
768.0
764.0
764.0
736.0
768.0
760.0
764.0
760.0
804.0
744.0
780.0
744.0
772.0
752.0
764.0
788.0
764.0
772.0
768.0
728.0
752.0
760.0
804.0
776.0
764.0
768.0
736.0
764.0
776.0
772.0
768.0
752.0
756.0
768.0
764.0
776.0
748.0
776.0
760.0
756.0
788.0
764.0
744.0
768.0
768.0
756.0
780.0
764.0
764.0
756.0
776.0
756.0
768.0
788.0
760.0
744.0
764.0
764.0
760.0
768.0
772.0
752.0
764.0
760.0
756.0
744.0
760.0
760.0
768.0
748.0
752.0
752.0
764.0
756.0
760.0
744.0
776.0
756.0
740.0
764.0
756.0
756.0
756.0
756.0
744.0
752.0
756.0
756.0
764.0
756.0
756.0
756.0
764.0
760.0
752.0
756.0
760.0
752.0
764.0
744.0
756.0
764.0
756.0
748.0
748.0
752.0
756.0
756.0
748.0
748.0
756.0
796.0
768.0
760.0
760.0
752.0
756.0
748.0
768.0
764.0
716.0
788.0
732.0
780.0
756.0
752.0
756.0
752.0
720.0
740.0
796.0
728.0
780.0
768.0
716.0
784.0
764.0
752.0
760.0
764.0
756.0
744.0
760.0
752.0
752.0
760.0
756.0
748.0
760.0
752.0
760.0
756.0
752.0
748.0
748.0
748.0
748.0
744.0
752.0
736.0
748.0
752.0
748.0
744.0
760.0
748.0
740.0
744.0
752.0
756.0
744.0
744.0
736.0
744.0
736.0
736.0
744.0
744.0
732.0
744.0
732.0
736.0
736.0
736.0
736.0
736.0
728.0
736.0
732.0
732.0
732.0
724.0
728.0
728.0
724.0
720.0
728.0
728.0
740.0
732.0
732.0
732.0
732.0
720.0
720.0
724.0
720.0
724.0
724.0
732.0
724.0
728.0
728.0
720.0
724.0
740.0
728.0
732.0
732.0
728.0
740.0
724.0
724.0
724.0
720.0
784.0
760.0
760.0
752.0
764.0
728.0
728.0
744.0
744.0
732.0
720.0
736.0
728.0
720.0
732.0
732.0
736.0
720.0
732.0
724.0
728.0
716.0
712.0
704.0
756.0
756.0
764.0
728.0
744.0
736.0
732.0
728.0
728.0
728.0
720.0
716.0
716.0
716.0
716.0
728.0
772.0
744.0
752.0
724.0
732.0
732.0
728.0
724.0
720.0
724.0
724.0
720.0
716.0
712.0
716.0
716.0
712.0
696.0
712.0
768.0
752.0
744.0
732.0
724.0
724.0
724.0
724.0
716.0
720.0
700.0
704.0
704.0
716.0
760.0
740.0
752.0
736.0
736.0
732.0
724.0
716.0
716.0
704.0
704.0
700.0
756.0
748.0
740.0
748.0
744.0
732.0
724.0
720.0
716.0
700.0
700.0
764.0
744.0
744.0
748.0
728.0
720.0
724.0
724.0
724.0
720.0
712.0
704.0
688.0
724.0
748.0
728.0
736.0
720.0
728.0
732.0
728.0
724.0
720.0
716.0
704.0
724.0
708.0
704.0
756.0
748.0
736.0
732.0
736.0
732.0
732.0
728.0
712.0
704.0
712.0
756.0
744.0
740.0
740.0
736.0
740.0
736.0
736.0
724.0
732.0
720.0
724.0
724.0
724.0
724.0
728.0
724.0
716.0
724.0
704.0
724.0
720.0
728.0
716.0
720.0
716.0
708.0
720.0
720.0
712.0
708.0
720.0
708.0
716.0
720.0
716.0
704.0
716.0
708.0
708.0
700.0
696.0
692.0
700.0
732.0
736.0
728.0
728.0
716.0
716.0
704.0
724.0
716.0
708.0
720.0
696.0
704.0
696.0
684.0
692.0
748.0
736.0
704.0
720.0
712.0
732.0
720.0
708.0
700.0
708.0
696.0
696.0
704.0
704.0
692.0
688.0
736.0
720.0
724.0
724.0
740.0
708.0
720.0
712.0
696.0
712.0
704.0
700.0
708.0
700.0
708.0
704.0
708.0
708.0
700.0
696.0
684.0
688.0
748.0
724.0
716.0
732.0
716.0
724.0
728.0
720.0
704.0
708.0
700.0
696.0
700.0
692.0
692.0
692.0
692.0
740.0
728.0
708.0
712.0
704.0
720.0
712.0
688.0
728.0
708.0
708.0
708.0
700.0
700.0
700.0
704.0
700.0
696.0
688.0
700.0
692.0
704.0
704.0
696.0
712.0
700.0
708.0
700.0
704.0
708.0
700.0
700.0
692.0
704.0
684.0
712.0
688.0
704.0
700.0
704.0
692.0
696.0
700.0
700.0
700.0
696.0
688.0
700.0
716.0
708.0
548.0
804.0
540.0
884.0
504.0
912.0
504.0
904.0
504.0
900.0
504.0
916.0
504.0
932.0
500.0
912.0
496.0
900.0
500.0
912.0
500.0
928.0
496.0
908.0
496.0
912.0
500.0
920.0
496.0
916.0
500.0
924.0
496.0
908.0
500.0
904.0
492.0
928.0
504.0
912.0
504.0
900.0
488.0
920.0
500.0
932.0
496.0
924.0
492.0
912.0
496.0
908.0
488.0
932.0
488.0
916.0
496.0
928.0
488.0
916.0
512.0
900.0
432.0
984.0
520.0
912.0
520.0
892.0
500.0
888.0
488.0
928.0
492.0
924.0
500.0
924.0
500.0
912.0
516.0
872.0
496.0
912.0
504.0
908.0
488.0
932.0
504.0
908.0
508.0
884.0
508.0
908.0
512.0
924.0
440.0
