716.0
784.0
788.0
732.0
756.0
768.0
764.0
780.0
780.0
796.0
788.0
744.0
784.0
808.0
804.0
784.0
772.0
800.0
804.0
756.0
772.0
792.0
756.0
736.0
736.0
800.0
772.0
728.0
724.0
764.0
744.0
720.0
760.0
804.0
716.0
712.0
764.0
800.0
756.0
752.0
764.0
772.0
764.0
736.0
764.0
764.0
740.0
764.0
796.0
812.0
756.0
740.0
768.0
796.0
784.0
764.0
792.0
788.0
788.0
764.0
792.0
804.0
772.0
768.0
804.0
828.0
780.0
788.0
780.0
764.0
768.0
768.0
820.0
816.0
744.0
736.0
760.0
764.0
740.0
756.0
788.0
744.0
724.0
760.0
796.0
748.0
700.0
752.0
804.0
792.0
752.0
768.0
780.0
756.0
748.0
788.0
816.0
756.0
736.0
800.0
804.0
792.0
784.0
792.0
808.0
792.0
780.0
828.0
1540.0
756.0
780.0
812.0
756.0
740.0
784.0
784.0
764.0
744.0
796.0
796.0
728.0
752.0
796.0
772.0
744.0
740.0
800.0
768.0
728.0
764.0
788.0
760.0
760.0
764.0
804.0
784.0
744.0
788.0
756.0
784.0
772.0
780.0
800.0
752.0
760.0
796.0
824.0
772.0
744.0
788.0
792.0
788.0
776.0
776.0
776.0
724.0
728.0
792.0
796.0
744.0
740.0
764.0
792.0
776.0
756.0
764.0
760.0
740.0
756.0
764.0
776.0
736.0
736.0
784.0
788.0
768.0
764.0
792.0
788.0
756.0
756.0
824.0
784.0
744.0
764.0
800.0
820.0
772.0
792.0
808.0
780.0
796.0
800.0
832.0
780.0
752.0
792.0
816.0
788.0
748.0
756.0
764.0
748.0
764.0
780.0
780.0
756.0
740.0
756.0
768.0
776.0
752.0
744.0
752.0
740.0
764.0
772.0
752.0
736.0
748.0
836.0
812.0
760.0
788.0
788.0
792.0
776.0
796.0
816.0
780.0
752.0
772.0
808.0
784.0
764.0
772.0
792.0
788.0
760.0
780.0
816.0
776.0
760.0
752.0
812.0
776.0
724.0
744.0
752.0
756.0
740.0
756.0
788.0
716.0
712.0
756.0
776.0
752.0
732.0
776.0
796.0
756.0
760.0
772.0
776.0
772.0
752.0
796.0
796.0
740.0
784.0
908.0
864.0
812.0
828.0
852.0
812.0
760.0
800.0
808.0
784.0
744.0
832.0
884.0
860.0
808.0
824.0
792.0
780.0
784.0
812.0
780.0
720.0
772.0
880.0
832.0
784.0
804.0
812.0
788.0
728.0
764.0
764.0
756.0
716.0
872.0
884.0
820.0
792.0
792.0
780.0
732.0
744.0
804.0
776.0
816.0
864.0
892.0
852.0
804.0
808.0
804.0
792.0
764.0
796.0
776.0
744.0
728.0
868.0
900.0
820.0
736.0
868.0
796.0
760.0
768.0
796.0
732.0
704.0
756.0
852.0
872.0
792.0
832.0
840.0
776.0
760.0
784.0
752.0
740.0
756.0
808.0
880.0
860.0
776.0
816.0
776.0
792.0
812.0
816.0
804.0
816.0
832.0
840.0
792.0
780.0
796.0
816.0
772.0
832.0
928.0
852.0
808.0
852.0
856.0
800.0
752.0
776.0
792.0
736.0
776.0
824.0
828.0
772.0
804.0
808.0
736.0
696.0
744.0
800.0
744.0
724.0
744.0
764.0
836.0
784.0
768.0
788.0
756.0
752.0
760.0
792.0
772.0
736.0
776.0
784.0
772.0
748.0
776.0
812.0
748.0
732.0
752.0
796.0
792.0
748.0
744.0
772.0
748.0
712.0
752.0
780.0
744.0
712.0
724.0
744.0
752.0
724.0
728.0
748.0
756.0
732.0
740.0
760.0
744.0
684.0
708.0
756.0
768.0
728.0
712.0
756.0
740.0
716.0
736.0
768.0
752.0
732.0
728.0
784.0
792.0
732.0
724.0
752.0
760.0
760.0
740.0
752.0
768.0
740.0
728.0
744.0
768.0
752.0
708.0
704.0
748.0
736.0
708.0
740.0
764.0
748.0
720.0
712.0
772.0
780.0
712.0
712.0
768.0
756.0
732.0
724.0
736.0
748.0
688.0
700.0
788.0
780.0
736.0
708.0
740.0
772.0
764.0
744.0
764.0
772.0
736.0
740.0
772.0
780.0
740.0
716.0
748.0
796.0
764.0
744.0
760.0
772.0
744.0
720.0
768.0
800.0
748.0
728.0
720.0
776.0
756.0
700.0
688.0
752.0
744.0
728.0
736.0
752.0
760.0
716.0
716.0
776.0
772.0
748.0
732.0
744.0
748.0
728.0
744.0
780.0
764.0
744.0
740.0
772.0
800.0
756.0
752.0
772.0
776.0
760.0
760.0
800.0
812.0
756.0
736.0
796.0
804.0
756.0
752.0
768.0
772.0
728.0
736.0
780.0
740.0
728.0
720.0
752.0
776.0
720.0
700.0
736.0
740.0
756.0
756.0
740.0
756.0
716.0
708.0
780.0
796.0
752.0
724.0
744.0
772.0
756.0
732.0
768.0
780.0
744.0
732.0
768.0
800.0
772.0
744.0
772.0
792.0
776.0
764.0
776.0
784.0
760.0
728.0
752.0
796.0
760.0
728.0
736.0
752.0
760.0
728.0
728.0
756.0
748.0
720.0
740.0
776.0
772.0
736.0
712.0
744.0
772.0
732.0
740.0
760.0
752.0
724.0
744.0
800.0
788.0
740.0
732.0
792.0
808.0
780.0
776.0
804.0
800.0
680.0
880.0
852.0
860.0
792.0
828.0
736.0
940.0
752.0
780.0
792.0
756.0
744.0
716.0
772.0
780.0
740.0
804.0
820.0
756.0
736.0
756.0
752.0
740.0
720.0
756.0
768.0
716.0
684.0
720.0
760.0
744.0
720.0
736.0
748.0
740.0
732.0
736.0
756.0
744.0
712.0
728.0
772.0
708.0
840.0
748.0
760.0
784.0
764.0
760.0
788.0
776.0
740.0
740.0
784.0
800.0
752.0
720.0
752.0
772.0
744.0
724.0
744.0
760.0
724.0
712.0
776.0
768.0
716.0
716.0
736.0
760.0
760.0
744.0
744.0
744.0
708.0
720.0
756.0
752.0
740.0
720.0
740.0
772.0
760.0
744.0
752.0
772.0
756.0
736.0
760.0
804.0
776.0
740.0
728.0
764.0
780.0
748.0
740.0
760.0
756.0
728.0
740.0
780.0
780.0
736.0
728.0
740.0
760.0
736.0
720.0
740.0
716.0
692.0
716.0
756.0
768.0
720.0
672.0
720.0
764.0
728.0
700.0
720.0
748.0
724.0
716.0
744.0
768.0
768.0
712.0
732.0
800.0
796.0
748.0
732.0
752.0
756.0
752.0
760.0
800.0
812.0
756.0
756.0
780.0
788.0
744.0
752.0
872.0
808.0
796.0
784.0
792.0
752.0
744.0
744.0
796.0
768.0
768.0
760.0
780.0
756.0
736.0
744.0
744.0
760.0
688.0
696.0
768.0
792.0
764.0
756.0
768.0
756.0
744.0
748.0
796.0
748.0
720.0
768.0
800.0
932.0
784.0
784.0
824.0
804.0
760.0
788.0
776.0
744.0
716.0
764.0
816.0
780.0
768.0
768.0
776.0
792.0
740.0
708.0
772.0
724.0
692.0
700.0
736.0
732.0
724.0
696.0
768.0
740.0
680.0
704.0
732.0
732.0
704.0
700.0
748.0
756.0
728.0
716.0
724.0
756.0
748.0
724.0
740.0
756.0
728.0
724.0
752.0
784.0
764.0
724.0
728.0
792.0
780.0
744.0
740.0
768.0
772.0
736.0
752.0
776.0
784.0
736.0
672.0
736.0
764.0
740.0
728.0
732.0
732.0
704.0
704.0
732.0
736.0
712.0
700.0
704.0
748.0
744.0
684.0
592.0
828.0
732.0
716.0
744.0
760.0
772.0
688.0
724.0
748.0
808.0
732.0
744.0
736.0
788.0
744.0
756.0
744.0
780.0
736.0
736.0
608.0
988.0
756.0
508.0
568.0
1020.0
872.0
716.0
764.0
784.0
728.0
684.0
704.0
756.0
792.0
780.0
760.0
736.0
744.0
744.0
748.0
776.0
772.0
724.0
684.0
728.0
708.0
744.0
732.0
760.0
820.0
788.0
768.0
772.0
724.0
776.0
728.0
840.0
832.0
784.0
764.0
852.0
824.0
768.0
752.0
800.0
768.0
700.0
760.0
852.0
840.0
768.0
756.0
796.0
792.0
728.0
748.0
744.0
712.0
704.0
704.0
716.0
760.0
744.0
712.0
744.0
752.0
728.0
712.0
740.0
736.0
712.0
704.0
760.0
756.0
720.0
704.0
724.0
756.0
740.0
728.0
760.0
764.0
748.0
