612.0
632.0
624.0
632.0
616.0
624.0
632.0
612.0
624.0
616.0
612.0
628.0
616.0
628.0
620.0
612.0
628.0
624.0
612.0
620.0
612.0
624.0
620.0
604.0
620.0
616.0
612.0
624.0
604.0
616.0
620.0
604.0
624.0
620.0
596.0
616.0
616.0
628.0
604.0
608.0
596.0
620.0
608.0
616.0
616.0
616.0
608.0
632.0
604.0
612.0
632.0
620.0
640.0
628.0
612.0
620.0
620.0
624.0
628.0
612.0
632.0
616.0
644.0
616.0
628.0
628.0
620.0
628.0
628.0
624.0
632.0
616.0
644.0
624.0
628.0
632.0
624.0
644.0
632.0
628.0
636.0
644.0
632.0
644.0
644.0
632.0
644.0
652.0
632.0
644.0
644.0
632.0
648.0
632.0
636.0
640.0
632.0
652.0
644.0
624.0
652.0
652.0
632.0
648.0
640.0
644.0
648.0
628.0
644.0
636.0
636.0
644.0
628.0
632.0
632.0
632.0
628.0
632.0
624.0
632.0
640.0
640.0
628.0
648.0
624.0
276.0
368.0
628.0
632.0
640.0
624.0
648.0
616.0
632.0
636.0
616.0
648.0
632.0
640.0
632.0
620.0
640.0
632.0
636.0
632.0
608.0
620.0
636.0
616.0
632.0
620.0
624.0
640.0
616.0
644.0
632.0
688.0
248.0
320.0
636.0
620.0
628.0
628.0
628.0
628.0
636.0
632.0
640.0
636.0
644.0
624.0
628.0
332.0
308.0
648.0
624.0
632.0
256.0
364.0
620.0
636.0
620.0
648.0
628.0
648.0
640.0
632.0
640.0
624.0
656.0
632.0
624.0
628.0
648.0
648.0
624.0
632.0
628.0
640.0
660.0
652.0
632.0
652.0
660.0
644.0
652.0
644.0
640.0
656.0
644.0
660.0
640.0
644.0
656.0
632.0
652.0
644.0
664.0
660.0
640.0
656.0
628.0
652.0
680.0
668.0
628.0
668.0
684.0
656.0
664.0
652.0
656.0
668.0
648.0
660.0
656.0
644.0
672.0
640.0
648.0
664.0
668.0
648.0
656.0
660.0
648.0
660.0
652.0
648.0
648.0
636.0
660.0
660.0
644.0
644.0
656.0
644.0
656.0
660.0
648.0
668.0
640.0
656.0
648.0
656.0
656.0
628.0
660.0
652.0
660.0
632.0
644.0
644.0
664.0
664.0
660.0
640.0
656.0
656.0
656.0
660.0
624.0
644.0
644.0
644.0
660.0
652.0
648.0
636.0
648.0
664.0
656.0
648.0
656.0
656.0
656.0
636.0
652.0
632.0
664.0
632.0
660.0
660.0
664.0
660.0
640.0
664.0
644.0
656.0
664.0
648.0
664.0
656.0
640.0
684.0
672.0
668.0
672.0
636.0
684.0
680.0
672.0
684.0
676.0
656.0
644.0
648.0
668.0
704.0
692.0
684.0
660.0
676.0
664.0
664.0
668.0
680.0
676.0
664.0
676.0
668.0
696.0
676.0
688.0
676.0
692.0
688.0
668.0
688.0
680.0
692.0
684.0
668.0
676.0
680.0
684.0
684.0
656.0
676.0
680.0
664.0
672.0
672.0
664.0
656.0
672.0
640.0
684.0
676.0
652.0
656.0
664.0
672.0
660.0
672.0
660.0
672.0
656.0
656.0
668.0
664.0
648.0
668.0
664.0
656.0
656.0
628.0
668.0
664.0
660.0
644.0
668.0
668.0
640.0
644.0
636.0
648.0
664.0
668.0
652.0
672.0
668.0
668.0
668.0
656.0
664.0
660.0
672.0
668.0
648.0
668.0
656.0
668.0
644.0
656.0
656.0
664.0
664.0
628.0
660.0
656.0
680.0
660.0
656.0
668.0
656.0
668.0
652.0
668.0
660.0
668.0
640.0
648.0
664.0
656.0
672.0
660.0
652.0
656.0
652.0
656.0
636.0
660.0
652.0
672.0
640.0
664.0
664.0
664.0
660.0
660.0
656.0
644.0
640.0
664.0
656.0
652.0
652.0
652.0
656.0
656.0
640.0
644.0
644.0
628.0
632.0
636.0
652.0
640.0
636.0
624.0
644.0
648.0
640.0
640.0
640.0
624.0
644.0
640.0
640.0
636.0
632.0
648.0
652.0
652.0
632.0
632.0
636.0
656.0
640.0
644.0
648.0
656.0
640.0
652.0
648.0
640.0
652.0
656.0
644.0
644.0
656.0
648.0
644.0
652.0
648.0
652.0
656.0
656.0
640.0
648.0
656.0
648.0
644.0
644.0
644.0
652.0
660.0
652.0
636.0
652.0
660.0
644.0
640.0
648.0
652.0
648.0
648.0
632.0
404.0
228.0
644.0
640.0
640.0
620.0
644.0
648.0
640.0
640.0
632.0
640.0
644.0
640.0
652.0
644.0
624.0
648.0
652.0
628.0
640.0
636.0
648.0
640.0
632.0
640.0
628.0
652.0
640.0
640.0
640.0
624.0
648.0
636.0
636.0
640.0
628.0
632.0
640.0
616.0
632.0
632.0
628.0
632.0
624.0
620.0
640.0
632.0
628.0
632.0
628.0
620.0
636.0
624.0
628.0
628.0
628.0
640.0
620.0
628.0
616.0
632.0
628.0
620.0
636.0
632.0
636.0
640.0
708.0
568.0
620.0
632.0
648.0
620.0
632.0
620.0
636.0
624.0
628.0
628.0
612.0
644.0
640.0
632.0
640.0
616.0
656.0
624.0
652.0
624.0
652.0
624.0
648.0
624.0
644.0
616.0
644.0
620.0
636.0
612.0
632.0
632.0
608.0
624.0
604.0
624.0
604.0
624.0
616.0
600.0
612.0
600.0
612.0
592.0
592.0
604.0
596.0
604.0
592.0
596.0
596.0
584.0
592.0
592.0
588.0
592.0
600.0
596.0
580.0
588.0
596.0
600.0
592.0
580.0
592.0
372.0
232.0
588.0
596.0
608.0
588.0
592.0
592.0
616.0
616.0
596.0
604.0
604.0
620.0
624.0
596.0
624.0
620.0
604.0
628.0
608.0
616.0
620.0
600.0
624.0
620.0
596.0
624.0
620.0
600.0
620.0
620.0
592.0
616.0
604.0
600.0
604.0
600.0
612.0
620.0
604.0
596.0
612.0
604.0
592.0
620.0
604.0
600.0
612.0
612.0
612.0
616.0
600.0
608.0
624.0
608.0
608.0
620.0
596.0
612.0
620.0
612.0
612.0
604.0
612.0
624.0
616.0
600.0
616.0
620.0
608.0
620.0
620.0
604.0
616.0
636.0
612.0
616.0
628.0
620.0
620.0
632.0
624.0
616.0
640.0
636.0
616.0
640.0
632.0
616.0
640.0
636.0
624.0
608.0
632.0
636.0
608.0
628.0
628.0
620.0
636.0
636.0
616.0
636.0
620.0
632.0
636.0
608.0
620.0
632.0
616.0
628.0
624.0
612.0
624.0
636.0
620.0
628.0
628.0
628.0
628.0
632.0
624.0
624.0
632.0
640.0
616.0
632.0
632.0
620.0
628.0
636.0
628.0
620.0
648.0
616.0
624.0
632.0
644.0
632.0
640.0
636.0
640.0
628.0
636.0
656.0
624.0
628.0
648.0
632.0
636.0
636.0
644.0
628.0
652.0
664.0
640.0
660.0
656.0
648.0
664.0
656.0
640.0
664.0
668.0
636.0
656.0
664.0
640.0
664.0
664.0
640.0
652.0
644.0
664.0
644.0
652.0
660.0
640.0
648.0
652.0
636.0
652.0
652.0
636.0
648.0
632.0
632.0
656.0
632.0
636.0
648.0
640.0
652.0
640.0
636.0
648.0
624.0
652.0
648.0
624.0
648.0
640.0
648.0
640.0
624.0
648.0
640.0
628.0
648.0
632.0
632.0
660.0
640.0
644.0
644.0
632.0
644.0
644.0
628.0
636.0
652.0
632.0
636.0
640.0
644.0
628.0
640.0
644.0
636.0
628.0
648.0
652.0
644.0
648.0
624.0
628.0
652.0
652.0
644.0
620.0
628.0
640.0
640.0
616.0
624.0
640.0
624.0
648.0
648.0
632.0
648.0
640.0
640.0
644.0
624.0
660.0
644.0
620.0
652.0
632.0
640.0
644.0
636.0
644.0
644.0
652.0
660.0
636.0
664.0
660.0
652.0
652.0
656.0
644.0
644.0
640.0
644.0
648.0
636.0
648.0
660.0
644.0
640.0
648.0
656.0
632.0
648.0
652.0
640.0
656.0
660.0
636.0
648.0
660.0
644.0
656.0
624.0
664.0
660.0
632.0
656.0
648.0
636.0
656.0
632.0
628.0
616.0
656.0
660.0
668.0
632.0
656.0
640.0
648.0
648.0
644.0
640.0
628.0
648.0
648.0
624.0
648.0
644.0
644.0
644.0
624.0
640.0
640.0
624.0
644.0
632.0
632.0
652.0
628.0
640.0
