1024.0
628.0
408.0
988.0
968.0
960.0
484.0
452.0
948.0
924.0
940.0
960.0
948.0
940.0
920.0
908.0
908.0
920.0
896.0
904.0
924.0
936.0
912.0
892.0
904.0
900.0
900.0
908.0
928.0
888.0
924.0
920.0
900.0
872.0
884.0
900.0
876.0
864.0
868.0
872.0
844.0
840.0
848.0
900.0
852.0
904.0
892.0
888.0
928.0
928.0
888.0
892.0
936.0
944.0
924.0
916.0
952.0
936.0
976.0
976.0
980.0
992.0
1012.0
980.0
996.0
972.0
996.0
1008.0
968.0
980.0
976.0
1028.0
968.0
1008.0
1032.0
984.0
1040.0
1008.0
952.0
976.0
972.0
972.0
956.0
944.0
960.0
944.0
316.0
628.0
996.0
996.0
1012.0
1028.0
1020.0
1000.0
980.0
1036.0
1072.0
1020.0
1064.0
1052.0
1024.0
392.0
608.0
996.0
1012.0
948.0
952.0
964.0
992.0
968.0
984.0
1008.0
960.0
1068.0
356.0
584.0
968.0
1040.0
1068.0
988.0
1028.0
1056.0
976.0
1008.0
1076.0
1088.0
1040.0
1096.0
1068.0
1048.0
1092.0
1060.0
1064.0
1080.0
1092.0
1100.0
1068.0
1088.0
1052.0
1080.0
1072.0
1096.0
1100.0
1112.0
636.0
1488.0
1104.0
1040.0
596.0
1424.0
568.0
1376.0
996.0
996.0
1004.0
1052.0
1060.0
1012.0
1064.0
1164.0
1156.0
1128.0
1180.0
1148.0
1092.0
1124.0
1064.0
1052.0
1056.0
1024.0
1008.0
1056.0
1048.0
1040.0
1076.0
1080.0
636.0
1392.0
1044.0
1040.0
1084.0
1068.0
1068.0
1072.0
1052.0
1048.0
1060.0
1036.0
1068.0
1036.0
1032.0
1036.0
1032.0
1076.0
1052.0
1032.0
1044.0
1004.0
1032.0
1044.0
1028.0
1024.0
1004.0
1020.0
1036.0
1060.0
1076.0
1100.0
1120.0
1092.0
1108.0
1092.0
1092.0
1036.0
1052.0
1060.0
1016.0
1068.0
1080.0
1048.0
1016.0
996.0
988.0
1028.0
996.0
1028.0
1060.0
1052.0
1080.0
1112.0
1140.0
1116.0
1156.0
1132.0
1108.0
1124.0
1132.0
1096.0
1068.0
1036.0
1064.0
1032.0
1056.0
1076.0
1052.0
1072.0
1100.0
1060.0
1028.0
1076.0
1080.0
1040.0
1056.0
1060.0
1036.0
1080.0
1048.0
1024.0
1056.0
1028.0
1028.0
1060.0
1064.0
1072.0
1100.0
1088.0
1068.0
1072.0
1036.0
1048.0
1060.0
1028.0
1028.0
1016.0
968.0
1004.0
1000.0
976.0
1044.0
1060.0
1060.0
1092.0
1120.0
1132.0
1108.0
1116.0
624.0
1556.0
1100.0
1076.0
624.0
1512.0
1060.0
1044.0
1056.0
1056.0
1048.0
1088.0
1092.0
1092.0
1152.0
1156.0
1140.0
1140.0
1124.0
1108.0
1120.0
1144.0
1088.0
1088.0
1048.0
1032.0
1048.0
1044.0
1020.0
1052.0
1068.0
1020.0
996.0
1028.0
1036.0
1052.0
1076.0
1092.0
1080.0
1096.0
1088.0
1100.0
1092.0
1064.0
980.0
1012.0
972.0
960.0
968.0
972.0
944.0
984.0
980.0
1004.0
1004.0
1040.0
1048.0
1064.0
1068.0
1040.0
1044.0
1072.0
1064.0
1064.0
1072.0
1048.0
1016.0
1032.0
1028.0
1036.0
1060.0
1080.0
1080.0
1100.0
1104.0
1128.0
1084.0
1084.0
1068.0
1052.0
1028.0
980.0
1028.0
1028.0
1000.0
1032.0
1036.0
1040.0
1028.0
1104.0
1116.0
1124.0
1168.0
1196.0
1180.0
1224.0
1208.0
1212.0
1216.0
1212.0
1212.0
1216.0
1132.0
1144.0
1052.0
1032.0
1032.0
1040.0
1024.0
1000.0
992.0
1012.0
1052.0
1028.0
964.0
956.0
960.0
1004.0
1012.0
980.0
1044.0
1088.0
1068.0
1044.0
1092.0
1048.0
1048.0
1088.0
1088.0
1044.0
1088.0
1076.0
1092.0
1116.0
1096.0
1060.0
1088.0
1064.0
1056.0
1092.0
1080.0
1076.0
1072.0
1048.0
1036.0
1056.0
1032.0
1020.0
1032.0
1044.0
1044.0
1052.0
1028.0
972.0
956.0
928.0
948.0
960.0
984.0
968.0
1036.0
1104.0
1144.0
1112.0
1132.0
1168.0
1136.0
1064.0
1076.0
996.0
1008.0
1016.0
984.0
996.0
1016.0
1016.0
1020.0
1080.0
1076.0
1052.0
1088.0
1056.0
1064.0
1100.0
1036.0
296.0
752.0
1116.0
236.0
824.0
1048.0
1080.0
1028.0
996.0
1000.0
776.0
272.0
896.0
980.0
980.0
932.0
944.0
968.0
952.0
976.0
1028.0
956.0
1012.0
996.0
1000.0
396.0
576.0
1012.0
520.0
492.0
1060.0
1064.0
1032.0
440.0
580.0
1048.0
976.0
992.0
1008.0
968.0
300.0
684.0
964.0
956.0
980.0
976.0
944.0
964.0
956.0
984.0
980.0
1000.0
992.0
996.0
1020.0
1012.0
968.0
992.0
988.0
948.0
960.0
948.0
980.0
976.0
984.0
968.0
996.0
1004.0
1008.0
1060.0
996.0
1076.0
1076.0
1072.0
1088.0
1004.0
1092.0
968.0
1056.0
1076.0
1052.0
1048.0
1108.0
1080.0
1012.0
1072.0
1108.0
1108.0
1100.0
1052.0
1000.0
1064.0
816.0
260.0
1004.0
1052.0
1056.0
1096.0
1104.0
1064.0
1088.0
1100.0
1108.0
1132.0
1092.0
1076.0
1188.0
920.0
288.0
580.0
616.0
936.0
1024.0
1048.0
1064.0
1048.0
1020.0
1060.0
1052.0
980.0
844.0
1144.0
944.0
960.0
940.0
912.0
928.0
948.0
992.0
1012.0
1040.0
1024.0
1116.0
1116.0
1064.0
1116.0
1108.0
1060.0
1092.0
1084.0
1092.0
1076.0
1124.0
1120.0
1068.0
1100.0
1052.0
1068.0
1068.0
1084.0
1040.0
1060.0
1040.0
1080.0
624.0
1400.0
1056.0
1012.0
584.0
1380.0
988.0
968.0
568.0
1376.0
572.0
1392.0
1052.0
1096.0
1024.0
1132.0
1056.0
1120.0
1156.0
1116.0
1180.0
1188.0
1108.0
1124.0
1108.0
1096.0
1072.0
1092.0
1104.0
1136.0
1124.0
1136.0
1188.0
1188.0
1160.0
1144.0
1088.0
1020.0
1032.0
992.0
976.0
952.0
980.0
976.0
944.0
1000.0
1020.0
1048.0
1084.0
1104.0
1148.0
1208.0
1208.0
1136.0
1212.0
1132.0
1100.0
1116.0
1076.0
1032.0
1020.0
1032.0
1004.0
1048.0
1056.0
1064.0
1076.0
1108.0
1132.0
1152.0
1140.0
1176.0
1212.0
1172.0
1200.0
1160.0
1112.0
1100.0
1092.0
1060.0
1100.0
1084.0
1060.0
1076.0
1052.0
1064.0
1088.0
1088.0
1072.0
1096.0
1028.0
1068.0
1012.0
1024.0
1056.0
1056.0
1084.0
1108.0
1036.0
1084.0
1148.0
1132.0
1140.0
1164.0
1144.0
1192.0
1228.0
1192.0
1188.0
1188.0
1092.0
1112.0
1068.0
1064.0
1052.0
1024.0
1060.0
1052.0
1036.0
1064.0
1080.0
1052.0
1080.0
1112.0
1116.0
1096.0
1116.0
1116.0
1132.0
1136.0
1116.0
1076.0
1108.0
1116.0
1108.0
1104.0
1096.0
1020.0
1064.0
1104.0
1092.0
1092.0
1128.0
1100.0
1060.0
1116.0
1040.0
1056.0
1052.0
1056.0
1064.0
1064.0
1072.0
1068.0
1064.0
1104.0
1096.0
1100.0
1088.0
1132.0
1100.0
1116.0
1140.0
1088.0
1112.0
1176.0
1144.0
1156.0
1164.0
1112.0
1124.0
1112.0
1080.0
1084.0
1068.0
1060.0
1072.0
1064.0
1064.0
1092.0
1064.0
1064.0
1096.0
1088.0
1108.0
1144.0
1112.0
1132.0
1184.0
1140.0
1132.0
1124.0
1100.0
1112.0
1124.0
1104.0
1116.0
1124.0
1084.0
1128.0
1112.0
1028.0
1044.0
1032.0
1052.0
1068.0
1060.0
1116.0
1132.0
1160.0
1196.0
628.0
1576.0
1184.0
1020.0
596.0
1456.0
616.0
1452.0
1088.0
596.0
1408.0
1100.0
1092.0
1092.0
1096.0
1068.0
1112.0
1192.0
1168.0
1212.0
1196.0
1176.0
1208.0
1192.0
1156.0
1148.0
1108.0
1124.0
1060.0
1056.0
1056.0
1060.0
972.0
988.0
988.0
984.0
1032.0
1012.0
980.0
1016.0
1008.0
1028.0
1040.0
1040.0
1048.0
1084.0
1068.0
1112.0
1124.0
1100.0
1136.0
1104.0
1124.0
1116.0
1084.0
1088.0
1084.0
1056.0
1056.0
1060.0
1056.0
1072.0
1084.0
1056.0
1076.0
1052.0
1024.0
1048.0
1040.0
1064.0
1048.0
1084.0
1072.0
1092.0
1100.0
1024.0
1028.0
1084.0
1068.0
1064.0
1056.0
1060.0
1068.0
1072.0
1064.0
1096.0
1084.0
1056.0
1032.0
1024.0
1004.0
1020.0
972.0
988.0
1016.0
1012.0
992.0
988.0
1008.0
1004.0
980.0
1016.0
1056.0
988.0
1040.0
1056.0
1000.0
1040.0
1016.0
1040.0
1068.0
1100.0
1080.0
1084.0
1124.0
1076.0
1060.0
1076.0
1120.0
1052.0
1080.0
1080.0
1060.0
1056.0
1032.0
1068.0
1060.0
1012.0
1084.0
1060.0
1032.0
1088.0
1068.0
1008.0
1076.0
1080.0
1060.0
1096.0
1104.0
1072.0
1116.0
1084.0
1072.0
1112.0
1076.0
1072.0
1084.0
1084.0
1056.0
1084.0
1044.0
1080.0
1084.0
1052.0
1072.0
1052.0
1044.0
1084.0
1016.0
972.0
976.0
988.0
940.0
324.0
