876.0
804.0
740.0
572.0
636.0
912.0
788.0
576.0
640.0
916.0
600.0
924.0
740.0
732.0
632.0
612.0
968.0
752.0
736.0
568.0
692.0
624.0
1036.0
760.0
724.0
732.0
572.0
892.0
740.0
732.0
732.0
444.0
1004.0
756.0
724.0
712.0
616.0
852.0
724.0
720.0
604.0
860.0
740.0
708.0
1408.0
792.0
716.0
600.0
688.0
864.0
732.0
596.0
648.0
644.0
984.0
736.0
704.0
608.0
832.0
716.0
704.0
548.0
888.0
716.0
716.0
548.0
892.0
716.0
716.0
536.0
876.0
720.0
724.0
540.0
872.0
720.0
724.0
708.0
712.0
720.0
716.0
552.0
860.0
728.0
724.0
532.0
880.0
720.0
716.0
524.0
916.0
720.0
728.0
716.0
636.0
788.0
728.0
724.0
600.0
840.0
728.0
1236.0
896.0
644.0
836.0
604.0
652.0
896.0
640.0
836.0
744.0
516.0
884.0
772.0
724.0
728.0
576.0
860.0
740.0
728.0
576.0
780.0
604.0
940.0
744.0
732.0
576.0
868.0
744.0
736.0
576.0
796.0
592.0
948.0
752.0
736.0
572.0
876.0
740.0
740.0
584.0
812.0
796.0
728.0
584.0
692.0
900.0
732.0
588.0
684.0
616.0
1000.0
756.0
724.0
576.0
848.0
752.0
720.0
580.0
856.0
736.0
736.0
580.0
712.0
604.0
684.0
988.0
756.0
712.0
716.0
584.0
848.0
728.0
720.0
568.0
868.0
728.0
720.0
588.0
844.0
728.0
732.0
564.0
848.0
728.0
720.0
600.0
856.0
720.0
716.0
560.0
876.0
740.0
732.0
712.0
620.0
836.0
752.0
716.0
568.0
860.0
736.0
716.0
592.0
852.0
732.0
720.0
564.0
852.0
732.0
712.0
584.0
848.0
720.0
736.0
556.0
856.0
728.0
744.0
584.0
848.0
724.0
724.0
584.0
852.0
728.0
736.0
572.0
876.0
732.0
728.0
584.0
868.0
732.0
432.0
1028.0
756.0
728.0
724.0
740.0
576.0
900.0
748.0
736.0
576.0
892.0
740.0
736.0
572.0
896.0
748.0
448.0
1016.0
764.0
744.0
560.0
916.0
752.0
724.0
572.0
896.0
740.0
732.0
572.0
880.0
732.0
732.0
572.0
872.0
740.0
748.0
476.0
976.0
744.0
736.0
580.0
856.0
736.0
748.0
452.0
964.0
744.0
720.0
588.0
836.0
740.0
712.0
600.0
844.0
724.0
704.0
568.0
868.0
712.0
716.0
564.0
864.0
704.0
724.0
544.0
848.0
728.0
724.0
564.0
836.0
724.0
720.0
568.0
840.0
728.0
712.0
596.0
824.0
728.0
716.0
556.0
860.0
732.0
700.0
708.0
576.0
836.0
720.0
724.0
556.0
860.0
724.0
724.0
584.0
840.0
720.0
720.0
560.0
880.0
728.0
440.0
1004.0
752.0
716.0
568.0
868.0
744.0
720.0
576.0
880.0
744.0
732.0
568.0
876.0
748.0
728.0
576.0
876.0
756.0
472.0
1008.0
748.0
748.0
564.0
920.0
752.0
744.0
572.0
916.0
744.0
736.0
568.0
908.0
752.0
744.0
576.0
896.0
744.0
1040.0
524.0
700.0
608.0
852.0
768.0
424.0
1036.0
756.0
760.0
564.0
900.0
748.0
752.0
572.0
888.0
748.0
748.0
576.0
884.0
736.0
744.0
568.0
884.0
740.0
740.0
416.0
1024.0
756.0
736.0
584.0
864.0
760.0
732.0
568.0
872.0
760.0
736.0
572.0
868.0
748.0
732.0
576.0
872.0
756.0
736.0
576.0
872.0
772.0
744.0
568.0
876.0
748.0
748.0
576.0
892.0
752.0
744.0
584.0
896.0
760.0
1020.0
532.0
708.0
592.0
880.0
752.0
1016.0
532.0
724.0
596.0
876.0
748.0
760.0
580.0
904.0
756.0
764.0
576.0
916.0
768.0
756.0
568.0
912.0
768.0
752.0
568.0
920.0
756.0
768.0
560.0
916.0
612.0
884.0
760.0
748.0
572.0
900.0
740.0
736.0
584.0
892.0
744.0
736.0
576.0
912.0
740.0
736.0
576.0
908.0
748.0
452.0
1012.0
768.0
748.0
560.0
900.0
756.0
740.0
572.0
888.0
772.0
748.0
568.0
884.0
748.0
760.0
564.0
888.0
752.0
752.0
568.0
888.0
760.0
740.0
568.0
896.0
764.0
756.0
564.0
904.0
776.0
440.0
1044.0
768.0
748.0
560.0
924.0
756.0
756.0
568.0
924.0
464.0
1032.0
772.0
760.0
564.0
924.0
756.0
768.0
564.0
928.0
764.0
756.0
572.0
912.0
776.0
760.0
568.0
916.0
772.0
776.0
560.0
940.0
768.0
776.0
572.0
932.0
764.0
772.0
576.0
936.0
760.0
756.0
572.0
944.0
756.0
748.0
576.0
936.0
756.0
748.0
576.0
936.0
752.0
740.0
572.0
932.0
756.0
448.0
1028.0
776.0
748.0
568.0
896.0
772.0
744.0
568.0
888.0
768.0
752.0
568.0
888.0
764.0
452.0
1024.0
756.0
760.0
564.0
924.0
744.0
756.0
572.0
908.0
756.0
744.0
572.0
912.0
748.0
732.0
580.0
912.0
748.0
752.0
572.0
904.0
764.0
1016.0
532.0
716.0
600.0
876.0
760.0
752.0
580.0
928.0
748.0
756.0
576.0
912.0
772.0
752.0
580.0
920.0
772.0
756.0
576.0
936.0
760.0
764.0
568.0
940.0
760.0
776.0
564.0
936.0
772.0
772.0
568.0
932.0
776.0
776.0
568.0
936.0
768.0
768.0
568.0
956.0
752.0
768.0
564.0
952.0
764.0
764.0
572.0
944.0
764.0
752.0
572.0
956.0
768.0
1036.0
528.0
736.0
584.0
896.0
768.0
788.0
560.0
908.0
768.0
1036.0
560.0
720.0
584.0
912.0
776.0
744.0
576.0
920.0
496.0
1012.0
760.0
756.0
572.0
964.0
760.0
756.0
572.0
940.0
760.0
1032.0
544.0
724.0
580.0
896.0
764.0
1032.0
552.0
732.0
576.0
924.0
764.0
756.0
576.0
932.0
780.0
768.0
572.0
964.0
780.0
764.0
564.0
944.0
780.0
764.0
572.0
956.0
792.0
760.0
568.0
952.0
792.0
772.0
560.0
952.0
800.0
760.0
560.0
944.0
780.0
760.0
560.0
960.0
776.0
764.0
568.0
968.0
776.0
764.0
564.0
972.0
768.0
756.0
560.0
972.0
784.0
744.0
564.0
952.0
780.0
752.0
580.0
948.0
768.0
748.0
576.0
936.0
780.0
456.0
1020.0
780.0
764.0
568.0
916.0
768.0
1032.0
540.0
712.0
588.0
916.0
752.0
736.0
580.0
920.0
764.0
744.0
580.0
920.0
756.0
748.0
568.0
924.0
756.0
740.0
576.0
908.0
768.0
744.0
580.0
908.0
768.0
748.0
584.0
896.0
776.0
1020.0
528.0
712.0
596.0
896.0
760.0
776.0
560.0
916.0
772.0
756.0
576.0
936.0
776.0
756.0
572.0
940.0
784.0
756.0
568.0
944.0
644.0
896.0
768.0
780.0
564.0
964.0
772.0
768.0
568.0
964.0
788.0
772.0
572.0
972.0
788.0
780.0
560.0
1000.0
772.0
768.0
576.0
980.0
768.0
772.0
564.0
992.0
768.0
764.0
568.0
968.0
796.0
776.0
564.0
972.0
796.0
780.0
560.0
964.0
804.0
776.0
572.0
956.0
800.0
784.0
568.0
952.0
792.0
772.0
568.0
956.0
788.0
780.0
564.0
952.0
780.0
780.0
560.0
940.0
784.0
768.0
564.0
936.0
788.0
744.0
576.0
928.0
784.0
756.0
564.0
936.0
640.0
888.0
760.0
764.0
584.0
936.0
776.0
780.0
560.0
920.0
776.0
760.0
576.0
912.0
772.0
760.0
576.0
916.0
772.0
752.0
568.0
936.0
756.0
744.0
584.0
932.0
760.0
760.0
564.0
944.0
776.0
772.0
564.0
940.0
772.0
736.0
568.0
920.0
768.0
752.0
568.0
940.0
772.0
764.0
564.0
948.0
772.0
760.0
572.0
944.0
784.0
760.0
568.0
948.0
796.0
764.0
568.0
956.0
796.0
768.0
568.0
960.0
796.0
776.0
564.0
976.0
800.0
780.0
560.0
976.0
800.0
780.0
564.0
992.0
780.0
784.0
552.0
988.0
812.0
776.0
572.0
988.0
792.0
796.0
556.0
996.0
784.0
788.0
560.0
1008.0
776.0
760.0
564.0
992.0
780.0
768.0
564.0
964.0
784.0
772.0
560.0
952.0
780.0
756.0
572.0
944.0
764.0
752.0
580.0
944.0
