640.0
652.0
644.0
632.0
636.0
636.0
648.0
636.0
632.0
636.0
644.0
632.0
632.0
632.0
640.0
648.0
648.0
628.0
644.0
636.0
636.0
644.0
640.0
648.0
656.0
640.0
644.0
640.0
636.0
624.0
640.0
644.0
648.0
648.0
640.0
632.0
636.0
632.0
648.0
652.0
656.0
640.0
636.0
644.0
636.0
644.0
640.0
644.0
640.0
652.0
652.0
636.0
636.0
640.0
640.0
652.0
644.0
636.0
644.0
636.0
640.0
636.0
632.0
640.0
640.0
644.0
648.0
640.0
632.0
636.0
652.0
648.0
636.0
644.0
640.0
636.0
632.0
640.0
644.0
648.0
644.0
652.0
636.0
644.0
632.0
640.0
628.0
632.0
640.0
640.0
648.0
644.0
656.0
660.0
652.0
640.0
648.0
636.0
640.0
636.0
640.0
632.0
644.0
600.0
704.0
660.0
640.0
628.0
644.0
640.0
648.0
660.0
652.0
644.0
648.0
624.0
644.0
648.0
668.0
652.0
656.0
644.0
628.0
632.0
640.0
636.0
640.0
636.0
652.0
640.0
652.0
648.0
664.0
660.0
652.0
636.0
632.0
636.0
640.0
636.0
644.0
636.0
640.0
640.0
632.0
636.0
636.0
648.0
644.0
644.0
640.0
640.0
644.0
656.0
656.0
628.0
636.0
636.0
632.0
632.0
636.0
632.0
640.0
640.0
632.0
636.0
632.0
632.0
640.0
632.0
640.0
652.0
636.0
644.0
628.0
632.0
644.0
644.0
644.0
648.0
1892.0
632.0
616.0
636.0
640.0
640.0
636.0
644.0
628.0
636.0
640.0
640.0
1264.0
640.0
644.0
636.0
636.0
232.0
396.0
632.0
644.0
640.0
636.0
648.0
644.0
640.0
640.0
636.0
636.0
648.0
652.0
640.0
652.0
612.0
628.0
632.0
632.0
636.0
640.0
632.0
628.0
640.0
616.0
624.0
640.0
636.0
648.0
624.0
624.0
636.0
636.0
644.0
628.0
636.0
636.0
640.0
632.0
644.0
628.0
640.0
640.0
640.0
632.0
632.0
640.0
644.0
644.0
640.0
644.0
644.0
644.0
644.0
640.0
640.0
640.0
644.0
628.0
628.0
644.0
636.0
636.0
632.0
644.0
640.0
628.0
628.0
628.0
636.0
636.0
640.0
628.0
632.0
636.0
628.0
632.0
636.0
632.0
632.0
632.0
632.0
636.0
620.0
636.0
632.0
648.0
632.0
624.0
632.0
636.0
636.0
640.0
628.0
628.0
636.0
640.0
624.0
632.0
628.0
640.0
624.0
632.0
632.0
632.0
628.0
636.0
644.0
640.0
624.0
640.0
632.0
636.0
624.0
624.0
640.0
640.0
636.0
612.0
624.0
636.0
640.0
644.0
620.0
632.0
632.0
632.0
640.0
348.0
276.0
636.0
644.0
636.0
644.0
644.0
636.0
640.0
644.0
640.0
644.0
640.0
636.0
640.0
620.0
636.0
644.0
644.0
632.0
644.0
640.0
644.0
644.0
656.0
644.0
644.0
640.0
652.0
664.0
644.0
644.0
652.0
656.0
644.0
644.0
632.0
648.0
652.0
636.0
648.0
640.0
640.0
644.0
644.0
632.0
644.0
656.0
636.0
640.0
636.0
640.0
644.0
648.0
640.0
640.0
640.0
644.0
648.0
644.0
652.0
636.0
644.0
648.0
644.0
644.0
640.0
652.0
648.0
644.0
648.0
640.0
648.0
652.0
648.0
644.0
652.0
648.0
652.0
648.0
644.0
660.0
660.0
644.0
652.0
656.0
656.0
652.0
660.0
660.0
652.0
656.0
656.0
652.0
656.0
656.0
656.0
660.0
652.0
660.0
656.0
660.0
660.0
668.0
644.0
660.0
656.0
656.0
660.0
660.0
644.0
664.0
652.0
656.0
664.0
648.0
668.0
664.0
660.0
648.0
660.0
664.0
660.0
664.0
656.0
652.0
660.0
660.0
648.0
652.0
660.0
652.0
652.0
648.0
648.0
660.0
644.0
660.0
644.0
660.0
648.0
664.0
652.0
652.0
652.0
664.0
656.0
648.0
656.0
648.0
660.0
660.0
648.0
664.0
656.0
656.0
656.0
656.0
660.0
660.0
660.0
648.0
660.0
656.0
652.0
664.0
644.0
664.0
652.0
660.0
652.0
644.0
660.0
656.0
664.0
656.0
648.0
652.0
656.0
660.0
656.0
660.0
648.0
660.0
652.0
656.0
648.0
656.0
668.0
660.0
644.0
656.0
652.0
648.0
648.0
656.0
652.0
652.0
648.0
656.0
644.0
644.0
660.0
652.0
644.0
652.0
640.0
656.0
640.0
652.0
644.0
648.0
644.0
644.0
648.0
644.0
652.0
648.0
640.0
644.0
640.0
640.0
648.0
648.0
632.0
648.0
648.0
636.0
632.0
664.0
640.0
648.0
644.0
640.0
644.0
644.0
640.0
648.0
640.0
652.0
644.0
648.0
636.0
648.0
640.0
648.0
648.0
640.0
648.0
636.0
644.0
652.0
648.0
644.0
648.0
652.0
648.0
648.0
656.0
656.0
656.0
652.0
660.0
648.0
644.0
656.0
652.0
652.0
648.0
652.0
648.0
652.0
652.0
648.0
656.0
656.0
660.0
648.0
656.0
656.0
660.0
656.0
660.0
648.0
656.0
652.0
656.0
644.0
664.0
652.0
664.0
656.0
652.0
652.0
664.0
668.0
664.0
652.0
664.0
660.0
648.0
664.0
652.0
664.0
656.0
656.0
652.0
652.0
664.0
656.0
656.0
652.0
664.0
648.0
656.0
660.0
660.0
468.0
852.0
656.0
664.0
656.0
660.0
656.0
656.0
664.0
648.0
660.0
652.0
664.0
660.0
652.0
668.0
656.0
668.0
652.0
660.0
660.0
664.0
664.0
648.0
652.0
660.0
660.0
656.0
656.0
660.0
660.0
656.0
652.0
652.0
664.0
664.0
660.0
656.0
656.0
656.0
664.0
660.0
656.0
664.0
660.0
656.0
652.0
656.0
668.0
664.0
656.0
664.0
652.0
664.0
656.0
668.0
668.0
648.0
660.0
656.0
648.0
652.0
648.0
656.0
652.0
656.0
656.0
644.0
660.0
652.0
668.0
656.0
656.0
656.0
660.0
656.0
652.0
668.0
656.0
660.0
656.0
648.0
660.0
660.0
668.0
656.0
656.0
656.0
660.0
664.0
656.0
664.0
660.0
660.0
664.0
656.0
664.0
656.0
672.0
660.0
656.0
664.0
664.0
660.0
664.0
664.0
672.0
660.0
664.0
656.0
660.0
664.0
668.0
660.0
660.0
652.0
664.0
656.0
652.0
656.0
660.0
660.0
648.0
648.0
656.0
660.0
660.0
664.0
648.0
660.0
652.0
656.0
652.0
664.0
648.0
652.0
652.0
648.0
648.0
652.0
660.0
652.0
652.0
648.0
644.0
656.0
656.0
660.0
656.0
652.0
656.0
652.0
652.0
656.0
652.0
656.0
656.0
656.0
648.0
660.0
648.0
660.0
656.0
652.0
660.0
652.0
656.0
656.0
652.0
660.0
664.0
652.0
648.0
656.0
652.0
656.0
664.0
652.0
656.0
652.0
656.0
664.0
652.0
656.0
660.0
660.0
652.0
656.0
660.0
656.0
664.0
652.0
664.0
656.0
660.0
660.0
656.0
664.0
660.0
660.0
656.0
652.0
660.0
672.0
664.0
660.0
660.0
660.0
660.0
668.0
660.0
664.0
664.0
668.0
660.0
656.0
660.0
664.0
668.0
660.0
656.0
660.0
664.0
660.0
656.0
668.0
656.0
672.0
656.0
652.0
660.0
668.0
664.0
660.0
656.0
656.0
656.0
656.0
652.0
660.0
664.0
656.0
656.0
656.0
660.0
660.0
664.0
660.0
660.0
660.0
652.0
664.0
656.0
656.0
660.0
656.0
660.0
644.0
660.0
656.0
656.0
660.0
656.0
652.0
652.0
652.0
660.0
652.0
660.0
656.0
656.0
648.0
648.0
656.0
652.0
660.0
652.0
648.0
648.0
652.0
660.0
652.0
656.0
656.0
660.0
660.0
648.0
660.0
656.0
660.0
652.0
652.0
644.0
652.0
656.0
648.0
652.0
656.0
656.0
648.0
656.0
652.0
652.0
664.0
656.0
648.0
652.0
660.0
656.0
660.0
656.0
656.0
660.0
660.0
648.0
652.0
656.0
672.0
656.0
660.0
660.0
660.0
664.0
664.0
664.0
664.0
664.0
660.0
652.0
660.0
660.0
664.0
656.0
656.0
660.0
656.0
656.0
664.0
660.0
664.0
660.0
652.0
668.0
660.0
664.0
656.0
664.0
660.0
656.0
660.0
652.0
656.0
660.0
660.0
652.0
652.0
656.0
