380.0
632.0
628.0
612.0
612.0
608.0
592.0
592.0
600.0
576.0
584.0
584.0
596.0
576.0
580.0
588.0
592.0
596.0
600.0
596.0
608.0
612.0
612.0
612.0
604.0
608.0
604.0
612.0
616.0
612.0
604.0
616.0
628.0
620.0
616.0
640.0
652.0
656.0
652.0
644.0
644.0
636.0
652.0
656.0
652.0
660.0
668.0
672.0
660.0
652.0
672.0
636.0
644.0
628.0
640.0
612.0
624.0
612.0
612.0
620.0
612.0
628.0
624.0
628.0
624.0
624.0
632.0
632.0
624.0
612.0
600.0
592.0
600.0
584.0
584.0
576.0
576.0
584.0
580.0
580.0
588.0
584.0
596.0
604.0
600.0
604.0
600.0
616.0
608.0
612.0
612.0
604.0
612.0
608.0
604.0
592.0
592.0
584.0
588.0
576.0
560.0
552.0
548.0
556.0
552.0
564.0
540.0
532.0
524.0
552.0
532.0
544.0
532.0
524.0
516.0
520.0
512.0
516.0
512.0
504.0
508.0
512.0
520.0
504.0
500.0
496.0
508.0
488.0
508.0
516.0
516.0
512.0
508.0
516.0
536.0
536.0
548.0
540.0
544.0
556.0
544.0
544.0
548.0
548.0
540.0
540.0
532.0
540.0
532.0
524.0
520.0
524.0
532.0
520.0
520.0
516.0
524.0
524.0
516.0
516.0
524.0
508.0
512.0
524.0
552.0
552.0
540.0
544.0
564.0
564.0
568.0
576.0
572.0
580.0
576.0
568.0
572.0
568.0
540.0
552.0
556.0
544.0
532.0
528.0
520.0
512.0
532.0
512.0
504.0
508.0
516.0
516.0
508.0
524.0
516.0
512.0
520.0
524.0
544.0
548.0
548.0
544.0
544.0
552.0
556.0
540.0
552.0
536.0
540.0
552.0
544.0
536.0
528.0
532.0
540.0
540.0
544.0
536.0
536.0
532.0
528.0
540.0
544.0
548.0
540.0
536.0
540.0
544.0
540.0
544.0
528.0
532.0
516.0
540.0
532.0
540.0
528.0
540.0
552.0
564.0
584.0
588.0
588.0
596.0
608.0
612.0
616.0
608.0
608.0
616.0
604.0
596.0
576.0
568.0
572.0
568.0
568.0
572.0
576.0
584.0
624.0
644.0
668.0
692.0
692.0
700.0
688.0
720.0
740.0
752.0
760.0
740.0
716.0
728.0
724.0
704.0
700.0
704.0
708.0
672.0
684.0
680.0
696.0
684.0
676.0
676.0
688.0
684.0
680.0
664.0
668.0
660.0
652.0
664.0
664.0
668.0
696.0
712.0
688.0
688.0
700.0
704.0
684.0
688.0
684.0
684.0
676.0
676.0
676.0
680.0
680.0
684.0
676.0
672.0
660.0
660.0
652.0
664.0
656.0
656.0
648.0
644.0
628.0
624.0
648.0
624.0
632.0
624.0
644.0
632.0
648.0
648.0
652.0
652.0
640.0
648.0
628.0
628.0
624.0
636.0
640.0
620.0
636.0
640.0
648.0
664.0
664.0
664.0
652.0
656.0
648.0
648.0
640.0
644.0
648.0
640.0
648.0
656.0
652.0
652.0
652.0
648.0
636.0
652.0
644.0
632.0
624.0
608.0
628.0
592.0
588.0
580.0
584.0
604.0
588.0
592.0
588.0
588.0
588.0
592.0
584.0
576.0
576.0
560.0
560.0
572.0
548.0
552.0
560.0
552.0
584.0
584.0
584.0
580.0
576.0
588.0
584.0
576.0
564.0
564.0
568.0
568.0
548.0
548.0
556.0
552.0
544.0
548.0
568.0
560.0
544.0
548.0
552.0
552.0
548.0
556.0
556.0
552.0
540.0
544.0
548.0
532.0
540.0
544.0
508.0
528.0
528.0
508.0
524.0
528.0
512.0
548.0
540.0
552.0
552.0
556.0
552.0
556.0
556.0
556.0
548.0
560.0
572.0
560.0
548.0
548.0
544.0
536.0
544.0
548.0
552.0
536.0
548.0
556.0
556.0
552.0
552.0
576.0
588.0
608.0
600.0
612.0
612.0
620.0
628.0
620.0
612.0
600.0
600.0
592.0
576.0
576.0
568.0
556.0
588.0
564.0
552.0
560.0
560.0
560.0
572.0
556.0
580.0
580.0
576.0
592.0
588.0
584.0
584.0
580.0
588.0
572.0
568.0
564.0
556.0
568.0
564.0
560.0
560.0
544.0
560.0
568.0
568.0
552.0
564.0
556.0
568.0
560.0
564.0
560.0
556.0
564.0
568.0
560.0
572.0
572.0
556.0
572.0
568.0
568.0
556.0
548.0
552.0
572.0
540.0
556.0
540.0
556.0
540.0
548.0
552.0
564.0
560.0
560.0
564.0
572.0
568.0
592.0
584.0
596.0
592.0
588.0
584.0
576.0
572.0
572.0
568.0
568.0
568.0
552.0
560.0
544.0
548.0
548.0
564.0
568.0
564.0
580.0
584.0
588.0
600.0
612.0
620.0
632.0
616.0
624.0
612.0
612.0
608.0
600.0
600.0
600.0
592.0
588.0
584.0
564.0
568.0
568.0
568.0
560.0
576.0
572.0
584.0
624.0
632.0
664.0
684.0
692.0
708.0
708.0
688.0
664.0
652.0
640.0
616.0
600.0
596.0
580.0
580.0
576.0
568.0
556.0
564.0
564.0
588.0
596.0
620.0
632.0
648.0
652.0
648.0
640.0
640.0
632.0
628.0
636.0
632.0
632.0
640.0
640.0
640.0
640.0
624.0
612.0
600.0
604.0
596.0
600.0
604.0
612.0
616.0
616.0
612.0
620.0
624.0
620.0
628.0
628.0
628.0
632.0
624.0
616.0
604.0
604.0
604.0
588.0
584.0
572.0
572.0
580.0
584.0
572.0
580.0
584.0
584.0
592.0
576.0
576.0
572.0
568.0
572.0
572.0
564.0
572.0
584.0
588.0
588.0
576.0
576.0
576.0
576.0
576.0
564.0
580.0
568.0
568.0
592.0
584.0
584.0
572.0
580.0
576.0
568.0
556.0
576.0
564.0
560.0
564.0
556.0
556.0
548.0
552.0
552.0
556.0
552.0
552.0
532.0
532.0
540.0
552.0
548.0
544.0
568.0
564.0
580.0
584.0
588.0
592.0
592.0
600.0
600.0
600.0
572.0
572.0
564.0
560.0
532.0
544.0
540.0
532.0
532.0
516.0
520.0
520.0
520.0
520.0
512.0
528.0
528.0
540.0
536.0
544.0
564.0
592.0
612.0
620.0
656.0
656.0
668.0
668.0
660.0
644.0
656.0
640.0
620.0
604.0
604.0
596.0
596.0
592.0
588.0
588.0
580.0
596.0
600.0
600.0
612.0
620.0
632.0
636.0
620.0
620.0
620.0
608.0
616.0
604.0
596.0
596.0
592.0
596.0
572.0
592.0
580.0
584.0
588.0
588.0
576.0
580.0
580.0
580.0
588.0
576.0
588.0
580.0
580.0
588.0
580.0
576.0
584.0
576.0
584.0
568.0
568.0
572.0
560.0
572.0
560.0
564.0
548.0
560.0
568.0
568.0
572.0
572.0
572.0
580.0
580.0
580.0
564.0
568.0
556.0
568.0
564.0
552.0
560.0
552.0
552.0
552.0
556.0
560.0
552.0
540.0
560.0
552.0
552.0
548.0
548.0
544.0
548.0
548.0
568.0
572.0
556.0
556.0
560.0
564.0
564.0
548.0
548.0
556.0
552.0
536.0
528.0
528.0
524.0
516.0
516.0
524.0
520.0
516.0
512.0
516.0
536.0
524.0
528.0
520.0
532.0
536.0
532.0
524.0
544.0
544.0
540.0
536.0
552.0
556.0
552.0
536.0
532.0
536.0
536.0
536.0
528.0
532.0
532.0
532.0
540.0
540.0
548.0
536.0
540.0
552.0
556.0
544.0
544.0
540.0
536.0
540.0
552.0
544.0
552.0
544.0
544.0
544.0
540.0
536.0
528.0
532.0
536.0
552.0
540.0
536.0
532.0
536.0
540.0
560.0
556.0
564.0
560.0
548.0
552.0
556.0
544.0
544.0
512.0
536.0
548.0
536.0
524.0
512.0
512.0
532.0
520.0
516.0
528.0
532.0
528.0
536.0
540.0
556.0
556.0
552.0
576.0
580.0
592.0
580.0
580.0
580.0
576.0
580.0
572.0
564.0
552.0
544.0
544.0
548.0
544.0
528.0
528.0
532.0
540.0
532.0
524.0
524.0
528.0
536.0
548.0
540.0
536.0
544.0
564.0
572.0
588.0
596.0
608.0
608.0
632.0
632.0
608.0
608.0
604.0
592.0
584.0
588.0
588.0
560.0
556.0
556.0
572.0
560.0
548.0
548.0
552.0
560.0
556.0
580.0
600.0
616.0
640.0
668.0
684.0
676.0
664.0
664.0
660.0
636.0
628.0
644.0
636.0
620.0
