868.0
844.0
840.0
836.0
852.0
844.0
860.0
820.0
836.0
624.0
900.0
852.0
844.0
836.0
824.0
852.0
848.0
820.0
868.0
840.0
836.0
844.0
852.0
852.0
836.0
832.0
844.0
848.0
856.0
828.0
844.0
840.0
632.0
908.0
644.0
752.0
868.0
836.0
848.0
852.0
840.0
836.0
620.0
880.0
844.0
848.0
852.0
832.0
832.0
840.0
876.0
824.0
840.0
612.0
888.0
640.0
772.0
896.0
844.0
828.0
848.0
840.0
856.0
836.0
848.0
824.0
852.0
836.0
860.0
840.0
836.0
616.0
888.0
852.0
848.0
828.0
860.0
824.0
656.0
896.0
852.0
828.0
836.0
840.0
852.0
856.0
828.0
832.0
848.0
844.0
808.0
868.0
836.0
836.0
840.0
844.0
860.0
832.0
840.0
828.0
852.0
848.0
848.0
832.0
836.0
836.0
860.0
844.0
848.0
824.0
852.0
840.0
848.0
844.0
840.0
832.0
836.0
840.0
864.0
836.0
828.0
840.0
848.0
848.0
840.0
836.0
844.0
832.0
844.0
856.0
844.0
828.0
840.0
836.0
860.0
844.0
840.0
840.0
796.0
872.0
852.0
844.0
832.0
832.0
840.0
628.0
892.0
836.0
836.0
844.0
836.0
856.0
848.0
840.0
836.0
836.0
628.0
896.0
848.0
832.0
844.0
828.0
852.0
848.0
840.0
820.0
836.0
848.0
816.0
860.0
840.0
836.0
844.0
840.0
844.0
848.0
836.0
824.0
848.0
856.0
848.0
828.0
840.0
832.0
856.0
840.0
848.0
824.0
836.0
852.0
848.0
624.0
880.0
836.0
844.0
852.0
844.0
856.0
828.0
784.0
860.0
856.0
848.0
808.0
856.0
840.0
840.0
852.0
832.0
848.0
824.0
844.0
844.0
856.0
836.0
836.0
832.0
848.0
844.0
848.0
840.0
824.0
844.0
848.0
844.0
844.0
824.0
756.0
864.0
852.0
840.0
844.0
832.0
832.0
628.0
896.0
620.0
776.0
872.0
844.0
852.0
852.0
832.0
244.0
801316.0
468.0
16804.0
1588.0
1072.0
304.0
380.0
536.0
488.0
268.0
572.0
464.0
540.0
472.0
532.0
544.0
376.0
608.0
588.0
568.0
552.0
608.0
580.0
460.0
660.0
628.0
612.0
612.0
696.0
696.0
708.0
700.0
732.0
840.0
792.0
692.0
760.0
872.0
764.0
764.0
776.0
788.0
584.0
828.0
788.0
808.0
828.0
808.0
856.0
688.0
888.0
844.0
856.0
840.0
832.0
832.0
848.0
856.0
856.0
788.0
16232.0
512.0
876.0
828.0
840.0
816.0
860.0
856.0
664.0
884.0
836.0
836.0
852.0
848.0
844.0
664.0
892.0
844.0
848.0
708.0
884.0
840.0
828.0
852.0
856.0
840.0
636.0
888.0
840.0
856.0
836.0
840.0
840.0
620.0
896.0
856.0
840.0
756.0
852.0
844.0
844.0
852.0
840.0
828.0
828.0
836.0
860.0
844.0
640.0
868.0
840.0
848.0
860.0
828.0
840.0
832.0
848.0
828.0
852.0
1504.0
836.0
836.0
824.0
868.0
844.0
832.0
840.0
836.0
852.0
852.0
820.0
836.0
844.0
656.0
904.0
836.0
832.0
840.0
844.0
848.0
844.0
844.0
836.0
832.0
856.0
836.0
844.0
832.0
628.0
888.0
844.0
840.0
848.0
824.0
836.0
844.0
860.0
840.0
836.0
632.0
892.0
844.0
848.0
748.0
860.0
836.0
840.0
856.0
844.0
840.0
612.0
888.0
844.0
852.0
840.0
840.0
828.0
624.0
892.0
848.0
848.0
828.0
840.0
844.0
632.0
884.0
624.0
756.0
880.0
844.0
844.0
856.0
828.0
828.0
628.0
888.0
608.0
808.0
884.0
844.0
832.0
856.0
840.0
856.0
640.0
876.0
624.0
756.0
892.0
848.0
832.0
808.0
864.0
848.0
852.0
836.0
832.0
844.0
680.0
904.0
852.0
832.0
820.0
856.0
852.0
656.0
892.0
836.0
828.0
852.0
848.0
848.0
824.0
860.0
824.0
836.0
628.0
888.0
836.0
840.0
832.0
852.0
848.0
844.0
756.0
860.0
848.0
856.0
844.0
840.0
828.0
840.0
852.0
852.0
844.0
832.0
836.0
840.0
856.0
624.0
884.0
844.0
828.0
844.0
864.0
840.0
620.0
876.0
844.0
848.0
856.0
840.0
844.0
824.0
844.0
848.0
856.0
620.0
1080.0
1148.0
1156.0
1148.0
880.0
1364.0
1180.0
1156.0
872.0
376.0
1024.0
1172.0
1160.0
1148.0
1144.0
1164.0
1164.0
1148.0
1152.0
1164.0
1112.0
1152.0
1164.0
1188.0
1184.0
1160.0
1164.0
1188.0
1172.0
1164.0
1156.0
1168.0
1180.0
1152.0
1160.0
1172.0
1168.0
1160.0
1124.0
1160.0
1176.0
1156.0
1152.0
1188.0
1168.0
1160.0
1168.0
1176.0
1184.0
1160.0
1160.0
1184.0
1180.0
1156.0
1172.0
1172.0
1156.0
1140.0
1112.0
1120.0
1120.0
1136.0
872.0
1484.0
1184.0
1164.0
1148.0
1172.0
1180.0
1148.0
1152.0
1164.0
888.0
1436.0
1160.0
1180.0
1172.0
1148.0
1148.0
1140.0
1160.0
1128.0
1116.0
1124.0
1176.0
1192.0
1184.0
1192.0
1204.0
1176.0
1176.0
1188.0
1204.0
1164.0
1180.0
1196.0
1192.0
1180.0
1188.0
1196.0
1200.0
1180.0
1184.0
1196.0
1192.0
1184.0
1176.0
1196.0
1196.0
1180.0
1180.0
1208.0
1184.0
1180.0
1192.0
1172.0
1152.0
1188.0
1180.0
1200.0
1168.0
876.0
1464.0
900.0
1472.0
880.0
1464.0
904.0
1456.0
884.0
1444.0
1180.0
1160.0
1156.0
1148.0
1176.0
1156.0
1152.0
1116.0
1180.0
1188.0
1176.0
1172.0
1204.0
1192.0
1172.0
1204.0
1192.0
1196.0
1180.0
1192.0
1200.0
1196.0
1176.0
1200.0
1196.0
1196.0
1168.0
1200.0
1204.0
1176.0
1180.0
1196.0
1200.0
1180.0
1124.0
1204.0
1204.0
1184.0
1180.0
1204.0
1196.0
1196.0
1176.0
1212.0
1204.0
1184.0
1192.0
1208.0
1192.0
1188.0
1184.0
1196.0
1200.0
1172.0
1180.0
1212.0
1188.0
1176.0
1188.0
1200.0
1196.0
1164.0
1184.0
1192.0
1144.0
1188.0
1196.0
1196.0
1192.0
1172.0
1188.0
1204.0
1180.0
1184.0
1184.0
1200.0
1184.0
1168.0
1188.0
1196.0
1168.0
1176.0
1180.0
1192.0
1172.0
1184.0
1188.0
1196.0
1180.0
1180.0
1176.0
1192.0
1176.0
1172.0
884.0
1488.0
872.0
1476.0
888.0
1464.0
1168.0
1164.0
1168.0
1172.0
1152.0
1152.0
1172.0
1168.0
1160.0
1164.0
1172.0
1184.0
1160.0
1120.0
1140.0
1136.0
1112.0
1108.0
1192.0
1220.0
1184.0
1168.0
1184.0
1188.0
1172.0
1168.0
1184.0
1184.0
1180.0
1164.0
1192.0
1176.0
1176.0
1164.0
1184.0
1184.0
1176.0
1172.0
1192.0
1196.0
1180.0
1184.0
1192.0
1200.0
1188.0
1180.0
1212.0
1192.0
1184.0
1156.0
1216.0
1204.0
1188.0
1192.0
1216.0
1200.0
1180.0
1204.0
1212.0
1200.0
1188.0
1196.0
1216.0
1196.0
888.0
1496.0
1224.0
1188.0
1180.0
1204.0
1192.0
1192.0
1176.0
1188.0
1188.0
1188.0
1160.0
1120.0
1192.0
1196.0
876.0
1500.0
1196.0
1188.0
1168.0
1188.0
1204.0
1168.0
1172.0
1204.0
1188.0
1172.0
880.0
1384.0
1144.0
1220.0
1200.0
1216.0
1200.0
1184.0
1192.0
1192.0
1204.0
1180.0
1192.0
1208.0
1200.0
1188.0
1196.0
1212.0
1204.0
1180.0
1196.0
1212.0
1204.0
1200.0
1204.0
1216.0
1212.0
1192.0
1228.0
1224.0
1208.0
1208.0
1216.0
1220.0
1208.0
1204.0
1224.0
1196.0
1208.0
1196.0
1216.0
1204.0
1204.0
1188.0
1224.0
1208.0
1180.0
1204.0
1200.0
1200.0
1180.0
1184.0
896.0
1492.0
1188.0
1196.0
1200.0
1204.0
1172.0
1192.0
1140.0
1152.0
1184.0
1188.0
1200.0
1180.0
1128.0
1156.0
1184.0
1200.0
1168.0
1196.0
1196.0
1192.0
1172.0
1192.0
1204.0
1180.0
1176.0
1196.0
1192.0
1136.0
1120.0
1216.0
1200.0
1180.0
1172.0
1192.0
1196.0
1172.0
1176.0
1192.0
1192.0
1188.0
1176.0
1200.0
1204.0
1192.0
1184.0
1208.0
1204.0
1184.0
1184.0
1212.0
1172.0
1144.0
1204.0
1208.0
1204.0
1184.0
1176.0
1216.0
1188.0
1180.0
1180.0
1208.0
1192.0
1172.0
1184.0
1204.0
1180.0
1176.0
1184.0
1192.0
1184.0
1172.0
1184.0
1196.0
1176.0
1172.0
1160.0
1200.0
1188.0
1172.0
1184.0
1208.0
1172.0
1176.0
1184.0
1188.0
1168.0
1164.0
880.0
864.0
704.0
888.0
1344.0
1160.0
1140.0
1116.0
1164.0
1196.0
1188.0
1172.0
1164.0
