608.0
612.0
612.0
620.0
608.0
608.0
604.0
476.0
664.0
620.0
608.0
612.0
604.0
600.0
604.0
612.0
600.0
604.0
608.0
608.0
604.0
476.0
664.0
612.0
608.0
604.0
616.0
608.0
600.0
612.0
604.0
604.0
608.0
608.0
612.0
612.0
612.0
608.0
608.0
612.0
604.0
612.0
484.0
656.0
624.0
608.0
596.0
616.0
604.0
604.0
584.0
636.0
608.0
604.0
604.0
608.0
608.0
612.0
604.0
604.0
612.0
596.0
608.0
608.0
604.0
608.0
604.0
608.0
600.0
604.0
608.0
604.0
464.0
680.0
608.0
612.0
600.0
596.0
612.0
604.0
600.0
612.0
600.0
600.0
608.0
600.0
596.0
608.0
592.0
1804.0
1136.0
1224.0
608.0
620.0
604.0
600.0
604.0
600.0
596.0
608.0
596.0
600.0
600.0
588.0
596.0
596.0
604.0
596.0
588.0
604.0
592.0
580.0
592.0
596.0
600.0
592.0
464.0
656.0
616.0
584.0
592.0
616.0
596.0
596.0
588.0
592.0
592.0
600.0
596.0
592.0
604.0
588.0
600.0
600.0
600.0
592.0
592.0
600.0
596.0
596.0
592.0
592.0
588.0
600.0
592.0
596.0
600.0
588.0
604.0
596.0
584.0
596.0
592.0
596.0
600.0
588.0
596.0
592.0
588.0
592.0
588.0
596.0
596.0
588.0
600.0
588.0
592.0
592.0
592.0
592.0
596.0
588.0
596.0
596.0
580.0
604.0
592.0
588.0
600.0
596.0
588.0
592.0
592.0
596.0
600.0
596.0
600.0
600.0
596.0
600.0
592.0
608.0
600.0
600.0
600.0
596.0
600.0
600.0
592.0
600.0
596.0
604.0
596.0
464.0
664.0
612.0
600.0
604.0
600.0
596.0
604.0
596.0
604.0
596.0
600.0
600.0
596.0
596.0
596.0
596.0
588.0
592.0
604.0
600.0
596.0
460.0
672.0
608.0
596.0
608.0
600.0
600.0
604.0
596.0
596.0
604.0
592.0
604.0
608.0
600.0
600.0
600.0
600.0
592.0
604.0
604.0
596.0
604.0
600.0
596.0
604.0
596.0
592.0
612.0
596.0
600.0
608.0
596.0
596.0
600.0
600.0
596.0
600.0
600.0
600.0
596.0
600.0
588.0
604.0
604.0
1204.0
600.0
1188.0
592.0
596.0
600.0
596.0
600.0
592.0
596.0
592.0
604.0
604.0
596.0
608.0
604.0
600.0
476.0
664.0
612.0
616.0
608.0
604.0
612.0
600.0
604.0
604.0
600.0
600.0
608.0
604.0
608.0
600.0
604.0
604.0
604.0
608.0
604.0
612.0
600.0
600.0
604.0
596.0
608.0
604.0
604.0
604.0
604.0
600.0
596.0
608.0
604.0
476.0
672.0
616.0
600.0
608.0
604.0
612.0
608.0
608.0
612.0
608.0
600.0
608.0
604.0
600.0
616.0
608.0
596.0
604.0
596.0
596.0
608.0
600.0
600.0
600.0
604.0
600.0
600.0
604.0
608.0
608.0
612.0
608.0
604.0
608.0
608.0
604.0
608.0
612.0
616.0
480.0
676.0
624.0
624.0
612.0
616.0
624.0
620.0
612.0
616.0
616.0
608.0
616.0
620.0
612.0
620.0
612.0
612.0
616.0
612.0
616.0
616.0
620.0
612.0
480.0
684.0
628.0
612.0
624.0
616.0
616.0
616.0
616.0
616.0
608.0
476.0
684.0
624.0
612.0
616.0
616.0
612.0
616.0
484.0
680.0
628.0
628.0
612.0
624.0
612.0
608.0
628.0
616.0
616.0
620.0
612.0
616.0
616.0
620.0
616.0
620.0
620.0
608.0
620.0
612.0
608.0
624.0
612.0
612.0
620.0
612.0
616.0
608.0
612.0
616.0
616.0
612.0
612.0
620.0
612.0
616.0
620.0
616.0
616.0
620.0
608.0
616.0
612.0
608.0
628.0
616.0
612.0
624.0
612.0
616.0
616.0
616.0
616.0
616.0
616.0
612.0
612.0
604.0
616.0
616.0
612.0
616.0
616.0
612.0
612.0
612.0
612.0
620.0
616.0
612.0
620.0
612.0
604.0
616.0
616.0
616.0
612.0
612.0
612.0
608.0
608.0
612.0
612.0
616.0
608.0
612.0
620.0
608.0
612.0
612.0
616.0
616.0
608.0
616.0
616.0
608.0
612.0
620.0
612.0
616.0
620.0
616.0
608.0
612.0
620.0
612.0
620.0
616.0
608.0
616.0
612.0
608.0
620.0
612.0
616.0
620.0
612.0
612.0
480.0
672.0
632.0
620.0
628.0
616.0
616.0
620.0
608.0
620.0
620.0
616.0
616.0
484.0
668.0
624.0
484.0
676.0
628.0
620.0
624.0
608.0
620.0
612.0
608.0
620.0
612.0
616.0
616.0
612.0
616.0
612.0
616.0
616.0
624.0
624.0
612.0
616.0
616.0
608.0
484.0
672.0
624.0
628.0
612.0
616.0
612.0
616.0
620.0
624.0
624.0
620.0
620.0
620.0
612.0
624.0
620.0
616.0
624.0
612.0
612.0
616.0
616.0
616.0
620.0
616.0
612.0
616.0
612.0
484.0
672.0
636.0
620.0
624.0
616.0
620.0
620.0
620.0
620.0
628.0
628.0
620.0
624.0
620.0
620.0
624.0
624.0
628.0
620.0
612.0
620.0
616.0
616.0
624.0
624.0
620.0
620.0
620.0
616.0
616.0
620.0
620.0
624.0
616.0
612.0
616.0
612.0
608.0
620.0
616.0
616.0
616.0
616.0
480.0
672.0
632.0
620.0
628.0
620.0
612.0
624.0
616.0
612.0
624.0
616.0
624.0
620.0
620.0
620.0
620.0
620.0
624.0
624.0
616.0
616.0
616.0
620.0
616.0
620.0
620.0
620.0
620.0
616.0
624.0
624.0
624.0
632.0
628.0
636.0
632.0
628.0
628.0
628.0
636.0
640.0
632.0
632.0
632.0
632.0
628.0
628.0
640.0
628.0
632.0
632.0
632.0
624.0
632.0
640.0
636.0
632.0
640.0
628.0
632.0
632.0
636.0
632.0
628.0
632.0
620.0
628.0
624.0
620.0
632.0
624.0
624.0
624.0
624.0
616.0
616.0
624.0
624.0
616.0
628.0
616.0
612.0
616.0
616.0
624.0
608.0
624.0
616.0
608.0
616.0
612.0
612.0
620.0
612.0
616.0
608.0
604.0
612.0
604.0
612.0
612.0
612.0
616.0
612.0
608.0
616.0
612.0
616.0
616.0
612.0
616.0
608.0
604.0
620.0
484.0
672.0
632.0
616.0
612.0
616.0
608.0
620.0
620.0
612.0
624.0
616.0
608.0
616.0
608.0
616.0
480.0
672.0
624.0
616.0
612.0
612.0
612.0
616.0
616.0
620.0
608.0
616.0
608.0
612.0
480.0
676.0
624.0
624.0
604.0
612.0
608.0
604.0
620.0
612.0
608.0
616.0
604.0
612.0
608.0
604.0
616.0
608.0
620.0
480.0
668.0
624.0
608.0
608.0
612.0
608.0
616.0
612.0
604.0
620.0
608.0
608.0
620.0
616.0
616.0
612.0
612.0
608.0
612.0
620.0
620.0
616.0
624.0
612.0
616.0
620.0
616.0
616.0
620.0
616.0
608.0
608.0
616.0
612.0
612.0
620.0
616.0
612.0
616.0
616.0
608.0
476.0
680.0
624.0
616.0
616.0
608.0
604.0
612.0
604.0
616.0
612.0
608.0
608.0
612.0
608.0
608.0
612.0
616.0
608.0
616.0
612.0
604.0
612.0
608.0
608.0
616.0
612.0
604.0
616.0
608.0
604.0
616.0
612.0
608.0
612.0
608.0
616.0
608.0
608.0
608.0
612.0
612.0
604.0
608.0
612.0
604.0
608.0
616.0
612.0
604.0
604.0
612.0
600.0
600.0
608.0
608.0
608.0
612.0
600.0
616.0
608.0
604.0
620.0
612.0
616.0
472.0
680.0
620.0
612.0
612.0
612.0
604.0
620.0
608.0
604.0
612.0
592.0
612.0
612.0
600.0
608.0
600.0
600.0
604.0
600.0
472.0
680.0
616.0
600.0
608.0
608.0
600.0
608.0
612.0
476.0
676.0
616.0
604.0
616.0
608.0
600.0
616.0
608.0
604.0
608.0
604.0
600.0
600.0
608.0
600.0
604.0
604.0
596.0
604.0
604.0
596.0
604.0
612.0
604.0
604.0
608.0
600.0
604.0
608.0
612.0
604.0
472.0
680.0
616.0
616.0
608.0
608.0
616.0
608.0
612.0
612.0
600.0
608.0
604.0
600.0
616.0
608.0
600.0
612.0
604.0
600.0
612.0
612.0
604.0
620.0
612.0
480.0
676.0
620.0
612.0
620.0
