677
678
661
649
661
675
671
694
671
690
707
695
712
705
689
704
673
687
677
679
701
695
697
689
698
716
696
712
711
702
726
730
742
716
713
709
706
705
685
702
716
702
712
694
713
725
706
707
695
707
684
689
678
671
679
638
700
668
654
693
661
685
673
681
696
681
709
691
728
731
728
749
728
733
739
743
753
745
732
728
720
714
712
718
722
731
717
711
698
713
716
704
712
712
705
725
709
715
719
717
719
707
714
707
694
720
692
710
702
692
702
700
700
710
687
704
681
699
698
684
715
698
678
706
679
680
696
669
691
682
677
701
672
687
656
682
689
625
690
674
650
689
679
676
702
687
709
713
702
711
705
697
719
700
696
705
679
701
695
705
700
695
715
705
700
707
697
717
702
721
723
717
717
707
727
707
716
721
712
722
699
711
719
704
733
716
702
725
700
723
703
707
706
692
703
680
701
702
698
710
694
707
707
699
710
686
690
701
672
691
675
671
683
637
713
674
693
730
708
703
698
712
706
692
709
699
711
698
688
698
687
693
700
678
698
689
699
699
674
681
687
672
660
625
675
620
665
692
695
685
706
678
712
683
688
709
691
678
698
699
676
704
711
704
708
701
711
714
725
738
720
721
718
700
716
700
718
696
710
704
704
724
697
719
699
697
703
687
698
693
705
715
701
706
686
699
693
681
703
686
682
715
681
697
705
712
717
704
732
721
712
728
721
721
717
721
717
705
722
691
681
703
673
681
688
671
691
692
661
703
693
681
722
693
716
711
690
700
709
708
721
705
723
696
697
701
691
709
713
703
717
686
709
691
668
696
664
689
676
676
687
674
673
695
689
720
693
710
721
702
719
693
705
706
692
718
694
701
722
691
711
695
704
714
690
715
699
677
702
680
680
699
674
688
697
678
705
679
680
691
659
682
666
695
666
636
712
660
689
672
639
687
674
673
697
675
676
700
667
682
697
632
684
675
632
684
656
624
700
614
683
675
688
692
690
705
671
735
724
712
718
703
701
716
696
689
713
710
707
731
712
702
716
713
727
701
729
722
707
736
720
730
731
730
726
716
723
700
718
705
701
712
696
714
698
702
723
712
696
720
702
702
712
704
718
691
707
723
698
703
695
668
695
681
682
716
683
700
681
671
700
663
682
702
660
694
686
677
699
680
