818
777
763
786
778
794
772
778
797
806
804
808
802
800
806
799
809
823
781
817
779
763
762
757
719
737
723
707
707
692
706
755
772
736
745
750
756
773
778
787
794
782
800
781
773
785
763
793
800
782
801
803
789
796
795
779
795
779
763
789
768
774
774
753
739
723
717
693
714
768
766
762
741
759
764
739
754
752
743
763
776
776
769
793
787
803
790
778
788
777
745
741
724
713
740
754
737
782
774
757
789
763
773
763
735
748
733
720
748
759
726
730
715
694
703
703
739
748
771
803
827
808
836
827
811
849
805
785
746
743
733
775
765
788
775
792
827
824
800
854
824
812
848
819
841
857
829
833
837
815
837
835
825
839
819
820
833
811
825
821
801
838
839
817
813
826
788
796
783
766
788
777
770
773
769
746
785
765
750
784
767
759
775
781
775
782
765
748
768
776
762
797
779
760
778
752
760
770
747
750
741
750
737
738
763
744
730
756
758
741
757
747
754
772
767
763
748
771
744
736
757
773
745
778
759
769
815
823
766
773
758
750
757
747
740
720
738
756
764
777
757
759
770
775
755
769
755
741
757
762
747
765
770
725
737
696
718
712
706
704
711
706
715
725
754
724
758
722
718
734
731
756
740
767
745
767
736
716
700
674
676
687
706
724
743
775
793
796
757
802
761
760
781
754
748
756
793
779
810
785
783
786
765
722
867
923
842
864
814
829
806
784
799
796
762
781
756
772
745
738
738
749
770
758
739
745
718
697
699
697
698
683
678
697
715
745
776
787
822
827
809
824
809
788
794
795
769
787
782
759
799
769
759
759
767
743
743
757
742
756
758
748
740
749
744
752
755
757
760
758
757
743
773
780
773
802
796
806
813
799
792
795
765
783
765
742
717
811
886
822
795
745
733
723
707
720
727
728
760
751
762
789
774
773
783
781
769
765
774
744
752
753
730
744
726
753
744
770
750
736
720
719
712
686
679
686
742
758
720
749
739
735
749
757
777
775
800
792
828
772
792
784
773
806
785
762
804
776
737
734
712
719
724
739
722
759
755
761
770
763
747
769
740
735
751
740
762
776
726
735
722
702
704
677
677
695
730
732
775
729
760
769
755
780
784
759
779
757
743
745
753
741
744
745
733
738
744
731
746
734
729
760
733
730
736
723
703
709
719
707
725
725
