924
929
946
925
920
924
908
896
918
933
922
935
936
919
925
912
906
935
910
895
915
886
889
906
903
910
930
891
884
904
878
869
895
876
895
902
892
885
870
859
865
854
854
875
869
871
865
858
848
843
863
881
889
880
879
907
889
886
870
861
861
870
868
895
915
910
934
943
932
940
919
921
910
900
910
895
881
891
889
895
918
898
921
911
914
939
917
916
922
904
906
908
900
910
911
901
915
917
923
951
924
929
934
920
933
926
908
919
912
900
905
887
879
888
894
901
906
917
932
923
917
920
903
913
904
910
917
900
936
915
895
901
877
862
839
826
828
828
860
863
875
909
909
925
920
909
907
896
899
903
885
892
887
875
885
882
893
911
902
914
914
888
894
872
860
860
836
840
816
817
834
821
831
840
828
837
835
842
859
841
830
839
854
874
869
873
868
860
859
881
880
882
906
912
892
908
904
890
904
913
908
914
908
899
903
900
892
911
922
911
932
941
926
921
925
905
911
902
900
919
919
913
932
934
920
941
930
907
927
906
899
896
887
880
896
896
903
921
919
925
931
916
923
919
904
903
900
899
911
902
905
934
908
917
921
913
947
932
919
938
923
918
925
921
908
913
907
896
922
909
884
874
863
870
848
847
866
864
864
882
889
882
888
878
873
884
878
884
874
883
885
880
874
883
883
895
904
912
893
912
911
912
925
906
923
923
919
943
926
906
925
917
902
909
907
916
916
923
906
927
919
918
929
912
923
907
886
884
859
862
867
855
865
872
869
868
845
824
807
803
800
800
808
821
820
823
840
836
840
847
848
855
855
857
853
841
861
850
847
870
877
882
906
914
890
878
847
859
856
849
846
851
863
860
858
871
879
877
894
892
900
907
898
900
908
889
888
896
887
886
892
898
905
916
905
920
882
882
892
883
898
900
885
897
895
893
904
907
905
930
916
910
918
915
898
912
908
882
893
871
871
885
872
871
882
876
889
888
883
891
883
886
883
855
856
846
830
822
834
831
854
861
852
860
872
882
869
880
890
881
908
922
908
914
920
912
921
934
917
912
926
914
934
924
923
918
918
905
909
914
903
915
918
900
910
900
899
912
908
917
933
921
934
945
932
944
941
928
938
917
922
920
914
919
926
921
944
948
937
941
939
935
946
930
901
896
887
865
865
843
844
833
