980
1031
991
988
1009
946
995
975
948
970
930
963
951
918
957
946
957
991
934
980
963
958
1001
952
979
1026
984
1051
1054
1018
1036
996
1015
1003
967
1012
1002
1021
1033
988
1040
1011
1025
1051
991
1051
1011
1033
1054
971
1039
1027
988
1032
983
1004
1013
949
1004
994
986
1026
986
997
1032
966
1027
998
985
1006
948
967
977
973
1021
969
965
934
908
943
928
934
979
939
970
970
918
970
956
927
956
966
931
956
929
926
948
953
950
980
936
891
914
900
881
933
963
968
1013
999
1005
1040
980
1032
1027
989
1018
991
979
1014
991
1005
1042
1009
1011
1028
993
1000
1014
958
1012
1014
950
1007
983
976
1021
997
1002
1029
974
994
1003
963
1014
1036
1002
1056
1034
1014
1047
1036
1021
1034
1003
1004
1044
1001
1028
1054
1001
1042
1029
1010
1054
1003
1026
1034
960
986
985
942
978
937
958
969
927
968
965
942
970
953
963
1029
957
1004
1014
980
1032
1009
1024
1037
983
1018
1011
1005
1055
996
1009
1016
975
1039
1020
1015
1058
1042
1019
1030
1025
1008
1040
993
1039
1051
995
1049
1016
994
1035
1014
1019
1042
1001
1014
1044
980
1026
1071
1001
1020
1002
979
1019
1012
1004
1040
978
1016
1030
986
1021
1005
989
1023
1025
1001
1071
1075
1004
1052
1063
1016
1031
1040
1015
1042
1027
1023
1062
1013
1035
1084
1026
1055
1059
1047
1086
1040
1018
1078
1021
1048
1050
984
982
964
933
970
978
981
1003
978
1001
1032
994
1009
997
952
1014
1006
987
1018
965
982
994
942
973
954
932
956
938
952
969
923
975
980
964
1002
963
992
993
953
995
996
983
1017
972
1005
1016
967
1001
982
986
997
953
988
969
932
964
953
935
973
957
950
965
927
972
955
959
993
954
966
972
920
951
929
934
928
913
962
931
958
980
930
980
954
960
989
942
955
961
946
973
990
943
986
993
940
1011
1015
960
1002
994
961
1016
984
960
1002
995
997
1019
992
989
1003
975
984
1021
986
978
997
936
968
959
928
979
976
951
1019
1004
975
1018
986
973
1027
1004
1017
1042
991
989
1044
995
1021
1044
978
1008
1014
969
997
1010
961
994
991
984
1034
990
976
1021
975
986
1011
948
844
886
891
897
916
923
981
976
993
1013
1014
1007
1034
1023
1002
1020
989
1023
1026
981
1006
986
981
1015
936
995
981
935
966
958
949
982
930
952
978
942
973
980
956
1002
1003
980
1008
973
986
1009
974
1004
1019
966
1024
1016
977
1036
1043
971
1019
1005
1031
1091
1010
1038
1047
990
1026
1024
986
1003
989
993
1019
988
1043
1023
1006
1022
1001
1000
1022
975
985
