784
782
779
792
790
777
757
761
767
768
764
757
756
762
757
759
757
757
761
767
771
772
782
786
783
771
759
763
763
761
756
755
768
764
753
748
761
763
760
744
756
759
745
741
726
754
769
772
762
745
751
742
743
726
727
721
722
715
705
727
727
723
718
734
739
751
745
727
741
743
741
735
754
756
764
759
755
764
762
757
729
720
733
757
758
758
730
763
756
761
746
739
750
745
737
732
745
741
733
741
736
743
736
741
740
745
757
750
742
743
747
741
739
743
747
755
756
755
760
750
751
727
747
738
731
716
739
737
736
722
754
748
755
743
738
746
756
748
750
747
734
753
782
785
774
777
771
779
785
774
773
786
777
785
776
763
770
777
779
768
768
788
782
768
764
775
789
776
785
767
763
766
759
751
764
765
769
764
758
778
802
805
780
796
791
791
779
769
768
771
764
757
753
756
756
755
740
762
757
760
758
752
763
772
774
759
760
762
763
754
754
763
771
775
767
769
778
787
778
763
778
769
770
754
756
750
753
753
737
745
744
738
733
751
754
757
744
752
757
748
738
747
747
737
734
748
739
731
724
736
729
713
697
704
721
724
722
723
743
735
744
710
719
724
719
705
715
750
756
746
714
731
735
746
722
708
736
754
767
747
750
771
765
743
715
748
742
727
716
732
763
780
733
755
759
781
769
745
743
743
773
762
733
770
783
784
774
738
765
766
758
728
715
765
841
845
784
803
790
786
777
773
778
776
759
773
786
803
777
767
791
788
782
763
751
755
771
778
768
769
767
774
778
774
771
769
757
755
762
762
751
753
753
754
736
759
773
766
752
764
771
770
761
757
758
780
767
764
778
783
776
769
777
779
763
754
750
757
758
751
748
761
767
767
754
759
776
774
766
765
771
764
759
753
762
765
759
771
770
778
774
761
750
754
756
744
731
760
751
750
754
761
763
762
755
760
759
764
739
752
746
740
740
738
750
756
759
744
756
749
750
738
745
753
754
746
764
764
761
753
736
756
748
758
755
762
764
772
760
756
753
750
743
742
748
745
739
738
741
755
761
750
749
759
764
759
753
759
767
752
743
742
738
722
719
716
746
722
696
720
726
721
721
707
728
746
751
716
713
732
720
714
690
717
734
722
710
711
740
746
738
722
747
739
710
718
712
726
724
715
748
758
