652
653
648
652
648
668
672
678
680
670
669
669
675
684
692
687
691
684
690
695
693
696
685
694
697
692
687
676
693
684
668
644
659
646
647
641
644
643
638
656
664
683
682
685
696
700
697
690
688
686
692
682
676
672
687
689
691
685
682
696
689
684
680
668
668
658
653
651
652
656
672
663
662
663
669
670
669
670
676
672
664
658
643
648
631
645
653
646
658
676
672
682
679
665
674
661
662
646
637
637
639
658
662
676
682
686
704
702
698
690
686
686
687
683
678
674
678
684
688
693
681
672
673
683
678
670
662
659
661
665
663
662
686
680
673
671
670
682
672
686
672
666
665
664
668
665
658
657
659
671
668
661
652
648
643
656
659
662
655
651
656
666
663
663
669
673
670
663
670
667
659
660
657
652
643
646
639
640
645
652
631
645
651
659
661
665
668
678
667
664
668
674
686
699
710
691
688
687
697
699
703
704
700
694
697
698
709
712
709
702
696
684
686
694
693
697
684
674
664
662
669
680
697
694
694
701
703
706
697
685
674
670
678
682
675
669
670
678
693
693
681
675
672
670
678
683
685
682
672
667
657
674
677
683
686
685
679
674
678
678
678
673
662
662
660
667
669
668
665
662
663
669
674
679
680
672
687
689
682
675
667
660
665
670
670
665
665
666
675
678
682
680
670
671
672
679
677
683
671
679
682
690
690
693
684
676
675
678
681
681
684
668
655
665
671
671
675
679
676
683
676
674
672
677
686
683
697
693
691
687
680
673
667
661
675
678
683
680
668
673
663
675
677
677
667
663
659
678
666
678
671
673
679
678
679
676
672
682
678
681
678
678
669
679
682
683
676
668
673
681
680
681
670
672
680
681
682
681
676
674
701
709
709
708
724
719
723
707
696
698
688
687
688
676
668
660
658
673
677
683
678
672
674
676
672
680
672
661
659
665
666
665
661
662
665
673
666
655
642
637
633
646
654
655
653
669
669
667
668
666
657
666
663
657
659
653
660
666
666
672
680
690
692
691
686
694
695
691
673
673
671
675
676
687
690
695
698
703
705
701
693
694
682
674
668
677
675
664
678
669
686
672
680
670
659
673
673
671
670
660
664
678
688
688
688
696
690
686
683
691
698
703
699
695
686
680
680
679
695
686
677
677
673
684
686
687
683
683
691
707
708
683
