939
925
933
903
916
904
904
916
923
928
932
951
957
963
960
959
957
948
935
938
941
941
942
937
958
960
958
964
975
969
969
976
965
976
968
969
968
975
961
978
977
976
982
981
973
984
983
990
966
976
978
981
988
990
979
985
999
1000
990
1001
1004
1014
1006
995
1002
1007
1005
988
1011
1007
1011
999
1003
1002
1010
1007
1018
1014
1004
1015
1016
1006
1000
1013
1004
995
999
997
982
983
996
976
968
988
962
962
975
946
933
905
879
874
860
863
894
917
921
921
938
958
945
956
974
978
968
979
979
961
978
976
959
967
974
961
976
976
977
983
967
979
977
967
972
977
963
975
977
966
974
974
966
964
972
958
964
971
965
978
979
983
985
991
985
993
984
997
997
985
987
988
996
981
998
1000
1001
998
1015
1004
998
1013
984
978
975
979
963
959
972
976
963
962
975
980
964
973
980
983
979
979
990
989
983
996
996
986
1000
1005
1000
1003
1000
988
998
1000
1011
1002
1001
1000
1011
1005
1001
999
1016
1013
988
1017
1018
1003
1016
1016
1006
1008
988
996
999
982
989
986
992
960
948
940
909
899
887
899
919
920
925
951
961
957
976
979
981
980
984
991
980
986
995
984
994
997
997
994
994
997
999
999
1000
998
998
984
993
984
976
981
981
974
964
970
979
969
964
974
981
986
970
974
983
978
959
963
976
963
960
972
979
965
968
984
982
977
969
953
918
882
862
869
865
875
863
841
839
817
802
815
802
797
781
777
773
765
799
805
832
859
881
903
917
922
934
936
921
922
933
923
923
934
925
923
932
934
927
937
939
936
943
942
952
946
953
944
955
945
958
957
957
958
952
955
956
957
948
954
955
946
956
957
958
957
961
960
959
962
961
958
963
972
946
955
943
952
949
955
950
955
961
954
956
961
973
960
954
951
960
954
957
961
959
945
967
964
960
961
977
962
976
979
977
982
980
980
981
984
988
983
981
977
978
977
980
981
983
992
985
985
990
987
993
994
989
998
999
982
993
980
973
967
975
981
984
975
981
993
986
991
983
996
999
995
991
1004
1005
999
997
1001
999
985
1001
996
1000
1012
1004
1017
1017
1016
1018
1003
1001
1001
1002
1010
1004
1011
1004
999
983
956
917
899
902
917
921
940
957
959
968
985
985
993
984
998
998
999
984
998
997
981
994
988
996
998
1002
1003
1006
1003
1003
1013
1005
1001
1011
1005
1013
1003
1014
1023
1021
1022
1015
1024
1021
1009
