1037
999
1042
1057
1013
986
1036
1054
1016
1020
1081
1083
1030
1005
1076
1079
1015
1055
1078
1072
1019
1053
1043
1024
1031
1085
1060
1029
1041
1085
1061
1035
1086
1081
1033
1007
1069
1085
1052
1007
982
1032
1066
1016
985
981
1035
1053
993
975
1030
1034
1016
984
1012
1043
1031
996
1024
1074
1082
1026
1024
1069
1093
1026
1032
1047
1018
1056
1068
1025
1042
1080
1109
1062
1019
1048
1089
1125
1062
1036
1097
1114
1104
1056
1097
1102
1091
1046
1060
1073
1077
1053
1101
1133
1050
1071
1052
1034
1092
1114
1090
1036
1011
1063
1095
1127
1009
1041
1088
1073
1020
1041
1091
1137
1046
1056
1097
1095
1059
1053
1080
1090
1059
1079
1091
1065
1052
1085
1063
1063
1092
1094
1073
1083
1085
1101
1068
1084
1074
1042
1071
1138
1086
1028
1030
1131
1098
1000
993
1040
1086
1169
1006
1005
1068
1073
1015
1026
1054
1087
1077
1028
1057
1079
1088
1066
1008
1006
1049
1100
1154
1052
1011
1058
1087
1094
1032
1052
1060
1038
1014
1041
1083
1091
1031
1023
1060
1077
1077
1044
1084
1081
1055
1015
1018
1029
1069
1116
1067
1038
1023
1075
1101
1121
1090
1056
1081
1107
1073
1071
1088
1070
1054
1053
1077
1073
1093
1044
1032
1047
1069
1045
1039
1079
1083
1038
1071
1067
1033
1053
1053
1049
1028
1080
1025
986
1034
1068
1022
996
1015
1062
1073
1003
1038
1059
1033
1022
1061
1040
1012
1054
1048
1008
1040
1031
1011
991
1029
1014
1004
971
1019
1033
978
967
1003
1040
1030
991
1021
1048
1037
1010
1058
1052
1018
996
1041
1053
1018
1030
1068
1079
1046
1075
1086
1024
1043
1028
1053
1017
999
1027
1054
1027
1015
977
1012
1062
1160
1005
984
1023
1062
1095
1025
1071
1066
1062
1060
1060
1064
1044
1067
1051
1039
1042
1056
1057
1019
1016
1068
1054
1014
1003
1057
1086
1044
1017
1051
1084
1052
1034
1086
1068
1016
1051
1057
1041
1036
1066
1081
1022
1020
1063
1040
1026
1068
1051
1006
1006
1055
1052
1021
1010
1068
1032
1019
1051
1057
1015
997
1076
1084
1017
1063
1083
1050
994
1034
1056
1049
1036
1070
1085
1020
1079
1081
1045
1027
1066
1093
1042
1028
1068
1048
1031
1066
1067
1024
1024
1083
1058
1037
1077
1074
1040
1015
1060
1046
1005
1003
1060
1067
1000
996
1047
1055
1027
1024
1063
1044
1005
1055
1045
1006
1020
1013
998
1009
1040
1043
1000
1065
1102
1048
998
1015
1067
1029
990
999
1058
1040
999
1062
1048
1015
1075
1198
1050
1005
1020
1065
1063
1033
1055
1062
1041
1013
1058
1081
1009
1032
1038
1020
993
1016
1026
1038
1049
1053
1065
1093
1058
1017
1001
1070
1053
1013
996
1042
1067
1057
1033
1084
1096
1066
1048
1098
1098
1046
1082
1090
1045
1058
1070
1054
1074
1093
1045
1032
1068
1088
1060
1035
1065
1071
1048
1031
1086
1110
1032
1010
1069
1071
1034
1015
1061
