827
831
824
825
838
829
815
834
821
812
827
825
814
821
834
819
808
827
821
814
817
833
826
823
841
841
835
835
850
832
828
843
835
822
830
842
835
829
843
841
834
840
847
841
834
845
849
842
847
856
846
836
860
850
830
839
832
817
824
840
828
817
839
831
825
828
839
831
835
839
832
828
839
845
835
829
827
807
813
816
802
795
804
804
797
793
809
814
816
814
834
827
826
843
844
839
839
855
857
852
854
859
849
848
867
855
844
850
850
844
838
857
846
840
848
851
853
848
864
858
851
861
859
860
854
865
860
858
866
862
873
862
879
871
861
862
861
864
853
868
861
864
864
874
876
873
885
888
886
885
884
876
867
881
872
874
860
885
869
851
868
876
874
873
893
898
886
890
895
882
880
898
881
879
893
888
879
878
875
868
868
877
874
859
866
872
869
859
880
875
868
872
881
880
876
890
896
886
897
887
874
872
877
871
861
860
849
843
838
844
841
846
846
861
861
860
870
861
857
842
869
863
862
868
868
865
862
883
886
897
880
897
922
891
867
867
853
836
847
854
841
834
849
836
836
840
839
847
843
858
861
869
866
884
881
867
878
898
893
892
897
894
886
910
910
892
898
899
892
874
895
883
883
878
892
880
862
890
883
868
873
878
870
876
886
892
874
904
892
879
898
908
886
878
864
842
840
846
838
841
849
844
842
853
854
856
859
865
869
864
874
874
868
855
875
871
874
869
886
888
875
901
906
891
902
910
886
878
876
866
870
880
881
881
886
885
888
872
884
876
860
866
863
873
873
893
891
888
897
885
887
881
961
929
897
892
888
866
875
864
850
853
836
822
837
831
828
824
844
837
846
849
863
869
869
874
879
888
881
875
882
870
868
884
875
874
869
893
889
884
873
879
870
871
878
873
862
880
871
875
888
893
898
899
932
931
892
879
863
847
837
846
834
828
839
834
823
829
843
831
828
835
843
840
845
848
857
868
878
875
893
893
878
888
884
884
883
888
895
881
895
882
892
899
907
948
894
882
867
860
869
876
894
893
894
887
889
883
895
880
857
860
856
847
837
844
834
817
833
822
812
814
823
806
798
806
814
805
799
815
819
818
816
831
833
829
830
843
833
823
832
823
814
812
826
803
794
812
806
799
799
816
809
803
809
830
830
832
826
841
839
839
