761
778
752
748
751
779
774
757
747
749
774
751
744
759
751
729
718
769
751
732
718
761
748
747
751
777
758
747
793
768
740
719
769
743
734
720
760
757
742
731
753
729
724
734
740
737
719
746
737
726
720
725
725
721
730
720
743
725
706
765
730
723
726
725
710
699
675
673
679
673
660
648
645
650
657
668
676
675
665
650
665
681
687
677
736
735
728
711
732
981
846
818
802
787
754
808
785
775
797
704
729
762
776
780
789
774
792
799
798
780
755
766
764
780
786
759
734
711
694
704
719
678
670
699
774
783
799
792
787
763
717
733
752
764
768
776
773
789
813
811
792
798
789
775
748
783
784
782
783
781
773
761
731
756
742
722
742
749
733
729
744
721
704
775
737
725
765
743
723
694
723
692
695
716
717
721
716
734
737
730
705
757
733
731
765
753
737
707
767
748
731
711
741
744
717
698
731
731
725
704
757
742
734
721
767
744
743
753
765
746
731
706
725
687
684
704
715
714
715
704
697
735
715
710
710
746
729
728
718
757
726
720
710
746
722
722
738
736
726
735
725
714
693
755
725
736
736
817
799
804
812
783
812
794
794
815
797
786
808
789
775
757
763
786
763
751
777
783
757
746
797
773
753
738
702
695
705
751
737
732
728
748
722
717
713
739
721
722
702
844
781
763
752
728
770
804
777
759
732
730
708
696
732
720
715
689
729
707
690
683
669
678
667
659
652
654
655
666
665
665
670
671
677
678
690
667
661
678
685
691
694
737
732
736
729
786
762
771
736
734
763
694
691
666
671
698
734
775
757
752
785
777
777
786
791
785
785
792
754
726
713
704
689
668
685
691
707
719
713
711
752
731
712
737
716
730
708
704
722
721
711
700
738
715
693
736
694
725
707
705
699
717
700
700
695
711
711
702
717
722
707
696
718
737
735
725
732
751
740
730
757
725
702
674
669
686
685
691
697
724
716
715
756
743
741
710
780
743
742
711
764
735
734
752
773
794
746
786
780
755
712
780
756
737
769
777
760
738
745
728
744
736
723
745
735
709
733
736
727
711
739
732
716
685
747
715
703
699
741
709
713
713
746
731
725
739
750
738
728
756
735
724
736
727
716
696
750
718
709
705
739
718
714
732
730
717
698
761
729
723
723
745
719
712
711
717
711
691
749
739
