848
857
871
861
850
891
903
891
867
897
900
907
875
863
901
892
861
866
889
892
884
865
902
899
863
874
880
866
857
849
850
830
841
823
829
822
820
813
823
818
814
788
815
805
793
806
808
810
815
803
791
782
774
769
770
791
758
780
777
786
784
810
815
806
817
813
843
823
828
854
855
888
850
865
864
866
876
870
868
880
851
850
845
852
850
837
873
871
857
858
861
893
861
862
894
889
871
866
882
888
857
831
849
849
835
816
818
816
821
804
820
815
794
784
800
802
802
796
817
800
771
794
771
765
767
783
771
759
785
801
789
768
791
792
783
776
809
793
808
791
807
820
803
795
821
827
836
801
811
833
843
804
837
853
837
808
845
829
808
788
790
821
814
804
837
851
844
832
856
855
851
855
864
863
863
881
862
831
850
830
852
854
826
840
834
844
811
832
828
856
850
817
824
831
825
834
825
816
799
808
785
782
800
778
772
794
794
814
848
828
850
850
838
845
827
824
837
831
803
822
835
817
825
820
843
819
813
826
867
855
853
862
868
857
851
860
879
844
849
872
882
858
866
888
894
889
891
885
890
895
898
905
894
887
900
887
877
886
843
841
845
816
824
825
821
814
821
849
825
833
866
851
845
860
859
854
856
853
842
836
827
844
830
827
844
824
822
808
828
834
842
823
841
853
841
854
848
867
859
860
854
847
863
850
837
856
862
857
850
856
864
870
853
866
882
868
853
857
868
851
844
856
856
831
824
842
830
840
822
830
852
828
840
834
851
853
838
849
858
854
855
854
871
890
866
889
905
900
913
912
887
880
891
856
859
860
876
845
853
860
855
854
890
865
858
850
863
867
857
852
863
868
878
862
896
896
897
861
899
896
887
895
877
892
892
858
844
866
834
849
821
852
830
842
817
830
854
844
823
830
821
824
812
813
793
782
786
796
788
779
780
773
781
785
784
805
797
816
799
789
782
784
751
771
786
782
777
782
802
806
776
792
793
783
802
793
789
817
819
793
806
822
825
810
852
847
836
846
860
863
884
862
869
885
899
866
883
875
885
865
862
880
874
851
843
878
878
871
836
855
875
840
846
832
851
841
829
832
850
853
825
856
859
856
856
860
862
861
857
881
867
887
889
883
896
919
913
913
917
918
920
913
874
887
873
877
856
879
881
866
865
915
