644
641
646
649
642
644
639
636
642
640
641
646
645
644
629
617
626
627
634
640
644
658
649
656
659
664
678
663
659
661
663
668
665
661
665
667
668
660
659
664
672
665
663
657
664
674
675
670
664
672
673
666
666
661
659
661
665
659
659
671
678
672
666
666
678
670
671
668
666
675
667
672
661
666
667
667
663
659
662
673
667
661
659
665
665
661
664
665
667
681
674
670
667
671
660
653
646
640
645
648
648
648
650
659
667
661
672
666
681
684
687
680
687
695
702
698
703
708
717
702
692
678
678
678
682
676
674
671
681
680
680
674
673
679
687
680
681
674
683
676
676
669
682
679
668
668
669
674
683
676
669
661
668
673
666
665
672
667
674
673
672
679
693
684
680
678
669
663
656
649
648
627
620
628
638
641
639
650
660
659
659
654
657
661
650
651
649
656
657
652
648
647
661
661
659
667
665
665
666
657
656
663
659
663
657
653
655
660
658
660
661
665
678
672
672
664
676
674
670
661
659
666
670
671
668
667
668
671
666
665
663
666
659
665
659
662
671
668
662
664
663
665
667
672
683
684
691
677
686
684
694
691
676
680
683
706
698
698
697
692
699
696
687
691
693
711
712
701
694
705
715
707
697
696
694
698
688
679
666
658
655
647
639
630
633
616
611
623
632
634
642
649
659
656
659
669
673
674
671
667
668
684
685
677
677
674
689
687
682
683
693
706
717
717
698
712
714
714
696
691
706
706
695
694
687
699
697
691
692
686
698
700
699
689
689
694
695
694
682
689
691
693
681
683
688
685
689
686
683
696
687
691
685
701
705
690
683
673
684
687
684
680
692
690
691
693
685
695
701
698
708
706
720
727
703
688
684
682
679
677
668
666
675
677
678
674
681
692
693
695
696
702
707
691
693
689
694
705
695
689
699
703
702
687
689
691
698
688
686
683
685
684
684
680
681
699
702
689
683
687
706
702
704
687
697
689
683
676
668
675
687
682
681
687
711
713
712
708
708
715
708
708
691
691
692
689
675
666
658
661
651
653
640
646
651
663
666
669
676
686
686
689
681
691
689
692
689
685
687
683
683
680
678
672
680
686
683
687
682
695
699
701
702
715
723
728
720
703
715
719
728
715
715
718
717
702
698
702
715
700
678
652
648
660
655
654
653
656
662
678
674
673
