1032
1001
1023
1025
1019
1055
1018
1037
1049
1034
1062
1044
1047
1064
1049
1085
1065
1039
1053
1032
1036
1038
1004
1038
1016
1005
1028
1021
1026
1019
998
1006
989
997
1012
990
958
947
903
892
867
856
848
839
874
882
884
889
920
923
924
951
957
950
975
978
992
1023
1003
1003
1005
997
1023
1047
1045
1084
1088
1090
1120
1076
1114
1092
1080
1088
1042
1071
1056
1045
1083
1055
1062
1069
1037
1054
1042
1023
1023
1004
1012
1021
1018
1017
1007
1010
987
997
1009
1010
1020
1001
1012
1004
972
969
975
964
976
996
1027
1033
1025
1022
1037
1018
1030
1038
1051
1080
1057
1062
1035
1028
1052
1027
1065
1048
1028
1041
964
919
902
870
861
899
891
909
993
1018
1032
1039
1003
1009
1054
1060
1088
1071
1069
1068
1043
1046
1020
1060
1071
1033
1056
1049
1061
1083
1064
1094
1054
1064
1044
1037
1035
1003
989
994
989
1003
1017
1001
1017
1046
988
973
967
934
930
936
937
966
1011
1015
1024
1043
1030
1043
1031
992
1005
966
928
907
887
890
870
855
841
856
839
817
798
776
809
825
807
811
892
897
896
914
952
943
956
971
983
998
1017
1018
1043
1022
1064
1033
1019
1030
978
1019
1030
1022
1082
1079
1102
1123
1073
1081
1077
1041
1065
1035
1050
1003
1029
1018
1016
1018
1012
1012
1035
1029
1031
1009
962
947
951
926
928
951
925
922
955
950
955
961
953
948
916
912
879
889
875
862
874
893
901
923
956
985
959
921
917
922
957
980
1019
1068
1054
1073
1055
1064
1067
1052
1053
1072
1064
1079
1062
1082
1091
1063
1069
1050
1072
1123
1074
1104
1085
1082
1105
1058
1077
1045
1029
1028
993
973
952
930
913
897
880
877
893
903
916
943
956
960
960
959
920
898
890
880
910
934
966
1058
1076
1083
1054
1045
1076
1026
1054
1054
1038
1073
1064
1042
1054
1048
1034
993
953
918
934
893
900
923
936
937
976
994
978
991
967
908
896
879
875
879
921
922
933
961
961
992
996
977
979
989
975
982
988
989
1009
971
966
986
1003
1023
1056
1031
1013
1007
1003
969
993
1021
1032
1062
1090
1071
1088
1071
1055
1063
1032
1019
1045
1015
1039
1052
1013
1051
1036
1022
1010
984
979
924
913
893
879
861
838
817
820
821
809
799
786
788
786
779
791
785
851
839
860
910
920
927
954
966
954
969
979
958
981
1017
1010
1057
1054
1061
1059
1034
1044
1024
1030
1070
1042
1067
1068
1043
1068
1030
1034
1027
1017
1048
1030
1030
1052
1039
1070
1060
1059
1074
1055
1055
1074
1046
1056
1067
1046
1050
1077
1029
1047
1078
1046
1064
1064
1055
1068
1031
1032
1036
1019
1008
1035
1002
1023
1041
1018
1023
1041
998
1010
966
