668
658
655
652
648
657
659
652
655
661
665
663
658
662
663
671
668
673
665
667
664
663
665
659
653
661
654
652
651
650
649
653
659
651
658
657
670
662
665
658
656
663
669
672
661
656
646
640
640
635
638
639
643
651
647
660
676
663
652
650
652
656
645
656
630
646
642
639
635
645
636
635
633
640
633
637
632
651
645
650
642
650
641
643
637
654
657
661
658
661
651
660
663
652
644
651
652
655
648
660
652
658
652
659
657
661
654
658
659
664
658
660
659
655
644
642
634
633
634
646
636
649
663
664
656
658
664
666
659
654
660
671
662
659
658
654
661
663
664
659
664
671
672
668
675
682
683
683
683
681
676
667
693
676
672
669
658
691
675
665
664
652
663
648
643
648
637
644
640
649
636
648
632
635
630
626
620
621
642
639
635
633
641
635
638
634
635
638
637
635
636
645
641
644
638
654
646
654
646
654
655
654
648
647
652
650
640
652
648
654
639
637
644
642
637
632
636
640
632
635
636
636
638
639
645
646
645
644
650
648
650
647
645
652
644
633
626
629
621
641
646
639
631
642
644
635
629
642
632
632
625
630
629
632
626
631
642
639
639
636
649
648
650
651
652
650
650
644
641
643
636
642
637
645
640
652
645
651
639
646
645
637
649
655
651
654
656
665
657
664
662
662
666
663
668
645
647
655
662
638
641
637
649
629
622
619
620
611
603
614
612
601
605
608
612
599
607
611
595
606
600
613
605
598
603
604
600
607
586
597
606
604
590
604
611
608
596
598
608
619
615
601
610
620
608
618
611
619
609
607
612
604
616
616
614
613
603
615
615
610
606
612
616
613
599
612
618
617
603
618
620
620
603
619
622
618
619
627
620
622
607
613
613
616
619
605
612
613
624
622
625
614
627
630
626
611
628
636
636
620
630
641
626
631
632
629
625
635
624
621
627
626
617
619
623
619
606
616
618
621
607
618
620
615
604
612
621
615
613
616
616
611
615
620
611
625
619
615
605
611
623
610
608
612
621
611
603
615
615
609
604
617
620
615
603
621
620
616
609
629
622
615
617
630
628
628
619
628
632
623
633
633
630
616
630
632
615
617
622
634
613
629
628
618
633
633
622
629
637
641
639
630
638
647
634
645
646
640
642
642
634
641
646
650
