557
569
559
570
564
559
553
547
538
544
549
578
578
583
583
587
583
586
595
596
596
602
596
611
618
619
608
612
605
624
602
604
603
607
602
588
582
589
597
581
585
581
574
566
559
554
545
552
559
575
574
588
583
589
583
577
575
584
583
589
592
597
591
586
596
616
605
595
604
596
602
590
591
593
597
594
593
592
604
609
620
605
606
616
611
615
607
620
605
611
603
605
599
609
600
597
605
599
591
583
591
611
596
589
578
574
559
557
573
569
572
563
572
577
594
603
602
598
604
603
594
606
598
594
596
595
593
592
589
593
596
577
606
609
613
615
607
612
615
617
607
609
609
611
609
603
600
619
606
612
595
604
613
616
605
604
608
604
600
603
594
593
598
596
589
578
568
570
582
565
571
586
596
600
585
594
595
583
586
585
587
580
588
577
590
592
592
604
603
598
608
597
604
606
607
609
608
612
601
601
598
595
596
601
589
597
599
619
605
598
592
603
607
601
592
595
602
616
601
607
607
627
634
641
644
641
646
642
649
640
649
647
639
640
644
636
638
622
619
622
633
643
603
617
610
623
609
602
591
568
573
580
587
586
589
596
604
622
631
641
631
632
643
639
635
631
643
642
636
630
635
637
647
641
655
642
642
641
626
630
632
619
621
625
627
633
633
644
654
663
660
643
656
648
663
668
675
671
659
667
655
668
663
667
659
652
661
646
666
665
661
648
641
644
656
637
632
635
626
629
632
625
643
644
678
666
674
680
689
700
693
685
678
670
684
675
652
650
649
645
654
666
665
654
640
654
649
642
635
635
628
627
627
633
639
673
666
668
678
682
683
687
681
682
683
676
683
669
662
672
668
667
683
687
669
693
697
663
656
644
624
624
616
612
585
577
574
576
582
579
587
594
601
604
599
616
617
624
616
621
616
617
609
607
606
605
630
620
631
619
627
622
623
613
605
605
632
631
639
634
620
618
623
626
627
631
623
612
613
627
622
635
616
622
617
618
608
620
629
624
618
611
611
612
627
630
634
634
628
634
640
649
646
641
646
649
654
657
658
666
654
643
644
644
622
632
623
623
605
610
611
602
603
600
608
605
619
614
609
619
631
632
639
639
636
642
642
657
648
659
660
667
668
670
672
666
673
656
657
645
649
663
724
701
709
677
692
655
643
637
639
637
