907
921
961
916
915
897
913
943
955
994
947
971
925
937
920
924
951
908
933
911
912
900
897
944
909
921
881
893
901
898
910
902
908
886
895
915
893
918
888
893
908
883
901
874
895
880
856
858
803
763
730
722
729
777
807
825
852
829
837
845
835
862
864
897
878
929
953
970
953
942
938
917
950
919
921
903
919
925
913
925
881
893
861
862
877
854
873
862
863
876
858
876
848
864
880
874
907
862
889
869
899
883
880
895
882
898
872
896
886
904
928
900
903
887
903
829
826
859
849
876
912
925
924
896
889
877
895
910
924
923
904
930
896
921
911
872
901
872
873
897
873
916
889
878
877
858
862
860
865
875
874
885
879
905
905
886
888
854
846
787
763
726
726
732
770
810
826
862
826
821
837
809
813
801
799
839
832
876
871
863
880
842
873
904
913
918
900
890
899
915
910
914
874
890
863
860
889
875
913
853
861
835
845
865
853
888
862
869
878
834
850
842
846
858
840
881
849
849
862
856
878
864
906
891
892
905
878
887
864
867
828
815
773
736
738
748
808
815
839
846
861
873
894
897
868
884
859
906
941
926
990
963
938
937
910
934
891
919
895
904
914
919
901
917
930
911
951
915
936
925
914
895
882
905
885
890
883
906
896
903
910
887
899
877
889
872
908
913
921
896
895
918
909
928
896
924
909
905
905
904
921
884
903
867
874
860
862
873
845
867
842
849
852
838
859
858
864
874
855
855
827
827
850
848
850
868
872
861
848
852
834
851
825
850
843
850
864
865
876
871
894
847
877
858
860
848
849
867
852
864
877
883
899
874
883
847
786
752
736
740
760
811
851
855
877
845
852
849
849
844
844
858
844
863
846
857
840
844
841
831
860
838
859
862
863
869
835
870
879
900
881
897
919
903
886
835
852
837
870
906
896
947
932
937
905
901
894
891
901
820
863
874
909
905
900
910
849
833
823
840
879
887
915
911
900
866
869
895
869
924
905
911
881
885
868
868
859
848
793
884
922
907
860
839
831
823
821
833
856
863
879
875
873
872
846
855
837
826
785
755
735
750
790
820
852
850
863
869
825
829
820
813
839
859
870
866
864
857
846
870
880
905
910
896
910
896
906
905
914
903
853
870
867
913
906
913
902
897
891
868
895
885
900
887
904
884
892
870
880
878
875
912
