772
785
790
803
867
843
843
868
878
900
865
859
872
859
841
877
860
829
825
811
781
778
769
759
768
766
771
774
784
786
781
793
790
786
794
801
865
786
873
873
843
854
848
879
863
875
856
831
825
836
822
790
802
788
766
770
767
756
771
775
775
769
776
780
788
791
793
806
817
865
843
857
862
860
863
864
896
895
888
850
886
889
883
892
884
846
831
820
799
772
765
753
765
764
757
775
774
776
790
846
776
858
837
801
891
854
871
882
908
901
916
899
902
868
903
912
867
875
873
845
830
822
805
780
768
769
776
779
781
789
779
772
776
784
792
800
801
816
881
849
859
861
866
882
887
917
945
907
894
842
812
773
750
737
735
724
720
729
716
721
720
726
737
741
744
743
734
748
749
750
744
749
750
745
749
744
738
748
748
761
763
773
769
793
851
772
790
794
789
776
776
771
763
769
768
777
782
773
769
773
780
777
780
791
802
876
834
800
892
861
861
866
870
885
909
902
879
877
845
836
813
802
780
765
754
769
772
778
790
781
783
781
795
854
831
843
841
797
867
860
868
874
861
873
889
870
885
921
904
883
903
871
837
843
811
799
774
767
762
766
770
787
788
795
804
804
797
809
826
810
812
875
870
847
846
846
852
889
914
871
882
880
838
815
814
786
763
757
764
766
757
758
756
769
767
768
782
777
784
801
812
861
797
877
798
890
883
877
884
919
940
957
903
899
917
893
938
922
883
849
851
825
821
800
775
780
782
784
795
797
798
801
867
799
874
809
828
906
888
861
864
901
906
921
966
982
928
898
903
890
851
860
849
822
826
811
771
771
769
768
771
768
772
783
792
796
810
817
819
827
890
883
873
871
894
913
919
919
919
930
915
943
952
895
892
863
832
837
825
798
780
789
769
798
788
787
783
804
804
820
826
876
806
903
874
868
863
878
886
897
911
912
923
897
887
914
879
849
858
855
818
821
793
769
771
773
779
782
787
794
794
798
800
791
822
816
802
814
881
862
920
910
954
948
905
865
926
956
908
889
904
869
845
834
817
789
776
765
763
770
774
793
788
792
808
808
816
823
874
795
830
898
895
866
879
903
932
946
947
927
880
898
907
867
863
852
816
815
789
763
772
771
761
767
771
768
772
778
771
778
783
800
798
809
869
795
872
804
897
871
878
906
