944
935
975
989
1007
981
964
961
977
967
961
955
952
974
987
1004
971
966
942
945
930
939
910
918
944
918
929
933
930
926
949
950
964
963
946
925
950
920
908
900
918
904
890
895
928
913
911
930
961
949
953
990
984
952
970
963
933
915
894
917
932
938
967
976
961
957
968
931
933
934
944
924
940
946
931
953
952
940
921
940
945
939
934
931
941
943
913
922
929
944
933
953
961
952
949
951
984
990
1006
1006
1008
981
1000
1018
1003
986
981
984
969
969
966
972
942
953
952
976
953
975
984
1021
1010
1013
998
1016
975
955
975
1008
974
958
953
977
990
968
951
969
991
950
936
940
941
932
927
949
963
966
955
959
967
949
939
931
903
891
891
868
873
873
871
906
895
892
881
892
870
876
882
898
900
917
946
957
944
941
939
939
915
935
958
974
936
940
938
953
925
901
885
868
891
917
922
980
989
1007
1040
1049
1021
1012
1002
959
930
968
933
904
917
918
908
913
923
928
956
988
1012
1044
1033
1025
1014
972
985
996
989
981
979
970
981
979
970
959
986
952
943
956
956
933
932
950
930
930
915
899
918
955
954
991
986
977
962
965
956
944
964
959
954
953
967
1005
980
997
1017
1002
979
943
948
956
937
931
945
978
961
990
1002
984
1001
986
968
976
984
979
976
995
989
962
969
985
942
918
898
876
869
851
863
889
931
930
919
903
1037
997
941
941
956
948
964
998
991
1053
1020
990
1003
1004
1004
1001
1023
1018
1035
1043
1025
1002
1024
998
1012
1016
1004
969
972
976
968
969
992
1007
1018
999
1009
1005
972
982
981
968
976
986
986
982
967
980
993
958
958
952
958
951
961
1005
1017
980
959
991
1013
1002
954
943
969
981
941
934
938
944
929
911
940
979
947
934
940
943
914
912
938
969
936
922
931
920
921
917
941
922
930
955
923
903
895
889
902
951
949
927
915
924
949
933
935
944
923
941
967
1003
964
953
958
1003
988
941
946
932
906
890
931
940
955
957
976
961
981
986
981
968
950
969
967
973
987
969
968
975
977
1004
987
956
943
971
961
949
932
934
940
928
886
858
816
794
793
817
855
875
936
958
940
957
944
935
900
913
929
905
899
909
910
906
929
922
939
951
938
953
945
936
964
947
945
964
968
958
958
967
975
973
967
965
968
983
979
943
937
948
970
970
972
978
1024
977
965
988
991
997
1023
1007
993
1006
988
990
996
985
