727
728
739
730
751
749
733
737
744
742
731
752
753
767
756
752
756
757
766
751
756
772
766
771
755
765
785
782
782
777
786
796
797
788
800
797
780
769
779
781
780
764
767
773
763
763
751
739
753
750
745
737
736
738
728
727
717
718
742
749
757
762
761
767
788
806
791
783
783
803
798
800
811
816
817
818
824
810
804
822
827
825
813
818
823
820
796
795
799
800
805
787
792
807
808
816
809
804
801
812
809
792
799
800
790
803
806
826
836
826
836
840
839
835
826
816
801
787
795
803
834
827
1347
843
830
822
822
825
825
826
806
802
803
798
789
777
775
770
771
776
775
758
754
757
757
763
754
753
752
765
770
773
781
781
775
782
791
792
788
779
782
795
800
791
791
796
799
796
779
778
772
767
758
747
714
710
696
689
673
668
683
697
712
741
755
765
758
772
753
856
861
849
845
832
808
800
795
792
784
792
798
810
827
821
805
810
821
816
824
830
806
818
830
824
828
816
812
814
809
809
803
796
800
799
813
817
826
835
838
824
823
837
844
827
836
831
829
810
815
819
825
814
805
811
811
806
806
801
809
805
804
790
776
774
758
747
730
723
733
731
753
762
783
793
801
816
823
815
814
797
794
798
802
788
790
788
784
779
799
817
820
819
817
822
818
818
808
799
796
810
800
798
786
778
775
767
786
802
810
821
821
829
839
834
819
819
817
807
793
786
783
792
789
779
783
790
798
790
776
782
784
782
785
800
799
805
789
790
791
790
780
767
776
777
778
782
769
783
799
808
811
802
811
817
822
811
807
816
821
831
815
833
825
812
814
823
797
804
810
799
796
789
776
785
796
795
801
793
779
781
773
779
790
766
772
773
757
767
779
802
810
800
796
794
800
793
799
787
792
801
799
802
794
799
795
804
815
803
788
778
784
776
779
775
769
766
774
777
775
761
763
778
782
772
742
728
709
705
713
727
752
774
794
800
807
822
826
816
816
825
826
826
826
821
814
831
822
808
809
807
817
818
799
801
796
792
787
803
805
812
812
802
825
817
809
819
822
830
822
810
813
816
812
807
795
799
806
809
