1046
1077
1076
1033
1065
1092
1098
1106
1111
1095
1049
1033
1044
1066
1061
1089
1091
1066
1061
1084
1074
1057
1062
1081
1072
1072
1090
1070
1058
1068
1066
1062
1050
1082
1098
1089
1077
1078
1084
1063
1060
1077
1071
1064
1081
1104
1083
1061
1071
1060
1043
1046
1077
1074
1055
1056
1063
1047
1035
1074
1082
1089
1080
1088
1101
1048
1024
1036
1029
1025
1013
1037
1071
1055
1055
1079
1079
1034
996
1008
1303
1226
1198
1142
1081
1093
1092
1070
1079
1124
1132
1106
1079
1073
1068
1073
1061
1077
1083
1059
1019
1007
1006
994
1008
1036
1048
1041
1032
1051
1032
1020
1009
1019
1026
1032
1033
1053
1053
1039
1017
1017
1019
999
1010
1032
1054
1052
1040
1043
1004
994
1012
1022
1015
1030
1080
1086
1072
1068
1085
1090
1077
1110
1110
1081
1057
1067
1066
1048
1054
1052
1062
1040
1033
1049
1043
1003
999
997
1009
1001
1011
1052
1044
1010
1008
1019
1016
988
988
1005
1010
1024
1021
1053
1061
1048
1014
1010
1005
1007
981
994
983
994
1004
1029
1033
1023
1008
1025
1025
1009
1011
1025
1043
1020
1026
1040
1028
1022
1039
1038
1024
1029
1025
1055
1127
1187
1214
1278
1260
1158
1108
1112
1083
1060
1039
1057
1065
1051
1061
1085
1093
1074
1085
1096
1100
1082
1081
1097
1074
1054
1071
1091
1089
1067
1074
1080
1090
1077
1102
1090
1077
1072
1076
1074
1059
1043
1067
1059
1044
1065
1096
1142
1119
1120
1124
1092
1087
1103
1098
1093
1092
1090
1049
1013
1032
1012
997
1020
1033
1017
1013
1027
1027
1017
1032
1027
1023
1010
1013
1035
1048
1057
1074
1062
1049
1040
1055
1055
1061
1070
1089
1090
1104
1094
1106
1089
1055
1025
1003
1039
1040
1041
1068
1095
1094
1104
1092
1086
1073
1053
1069
1048
1008
1015
1030
1039
1022
1020
1045
1057
1046
1033
1033
1019
1014
1014
1017
1036
1048
1045
1046
1052
1056
1071
1057
1069
1091
1066
1049
1029
1047
1026
963
950
1037
1667
1388
1271
1170
1099
1060
1048
1054
1039
1035
1051
1046
1041
1046
1043
1036
1030
1023
992
991
992
990
999
1011
1011
1018
1008
1014
1015
1030
1022
999
977
981
959
933
938
944
952
938
949
968
957
945
902
883
865
881
895
926
932
944
964
990
1014
1015
1021
1028
1033
1030
1023
1028
1021
1014
1020
993
999
1006
1020
1034
1036
1034
1061
1073
1079
1094
1095
1085
1065
1049
1053
1055
1060
1063
1059
1067
1055
1066
1036
1044
1042
1008
1103
1014
948
934
920
934
950
964
979
1014
1013
1009
1030
1037
1014
998
999
994
994
998
996
988
982
980
989
994
993
971
974
984
985
1011
1029
1039
1050
1051
1046
1068
1066
1112
1117
1093
1058
1056
1054
1054
1038
1071
1086
1101
1089
1083
1072
1062
1047
1062
1058
1060
1053
1062
1044
1019
1037
1056
1040
1007
1029
1031
1006
975
981
