871
872
898
897
869
862
857
853
843
863
857
830
810
794
789
797
813
824
825
829
845
841
837
846
855
860
848
864
868
854
863
861
852
850
866
875
856
871
868
848
853
871
874
856
869
867
849
865
863
850
854
856
844
844
844
841
838
853
853
844
855
856
854
850
856
858
845
859
865
841
851
853
843
851
855
847
839
853
850
835
854
859
846
842
857
855
837
859
862
848
857
850
841
830
838
842
831
845
846
842
827
847
844
824
832
837
848
831
848
846
852
841
856
860
849
848
844
844
829
848
845
836
832
847
849
827
824
832
827
814
836
839
826
826
842
853
856
866
885
886
869
885
893
884
875
868
867
857
859
876
880
872
883
888
876
865
885
890
879
861
874
887
879
867
886
890
872
868
883
874
870
881
883
863
868
849
815
800
817
843
853
856
864
878
874
862
865
880
867
856
876
876
864
858
879
878
870
893
906
899
887
898
909
886
891
907
889
873
885
897
884
883
906
894
875
889
888
872
877
884
872
865
882
886
864
875
887
870
865
878
878
861
872
881
875
862
881
890
883
876
886
897
885
881
886
889
873
882
887
882
874
880
885
866
867
884
881
872
875
891
900
881
886
894
900
882
875
892
899
888
875
892
901
889
883
898
894
874
883
902
900
888
897
910
888
874
891
891
871
882
888
886
886
908
897
871
894
906
897
883
887
881
868
892
913
912
888
903
901
899
863
840
836
839
863
883
895
884
899
913
898
873
895
900
880
887
896
894
874
885
894
887
875
892
906
917
898
901
921
899
880
886
892
875
865
884
879
871
876
890
878
866
885
899
897
894
897
912
890
883
897
914
898
884
890
922
921
899
905
911
897
885
914
911
893
899
900
885
867
882
902
881
875
884
880
860
866
889
890
868
884
890
876
873
886
892
874
880
899
897
875
890
894
883
882
901
904
873
881
901
898
875
883
897
886
884
907
895
887
871
895
908
904
898
918
930
912
898
921
913
881
892
900
899
875
895
898
887
882
895
889
869
880
883
863
859
867
863
859
856
875
873
858
862
865
856
843
853
828
842
839
841
854
867
881
867
875
876
860
851
876
890
893
900
908
903
883
894
900
892
887
900
905
892
891
898
882
860
891
901
890
879
889
885
870
873
882
870
866
878
873
861
872
884
870
859
872
862
846
857
877
872
