634
622
637
639
625
617
620
637
625
618
618
622
637
620
617
620
635
622
618
622
639
638
620
622
639
638
619
619
638
643
636
619
636
642
639
621
636
643
655
625
633
628
655
638
618
619
622
617
602
614
622
621
602
614
618
625
619
616
624
641
639
621
650
646
642
632
626
654
643
636
624
653
647
653
619
624
639
634
605
619
637
624
617
617
623
638
633
616
623
640
637
619
620
638
640
622
634
645
659
640
635
643
656
624
632
624
637
624
617
621
637
636
618
605
633
642
640
621
636
642
654
624
633
642
660
656
627
654
656
640
622
637
644
639
621
634
642
639
620
624
649
641
617
608
620
619
612
601
603
619
618
603
618
636
637
622
625
656
658
639
625
653
656
640
624
640
656
641
623
638
642
657
622
618
621
635
621
615
615
625
625
630
608
634
641
640
622
637
644
656
641
633
641
658
643
630
631
655
643
637
617
626
651
638
618
619
628
636
606
611
606
621
614
599
602
618
619
611
604
619
624
631
607
622
639
640
633
623
642
656
640
622
637
642
638
621
632
637
638
624
616
625
640
620
612
607
621
631
605
600
615
621
620
601
605
630
625
618
616
625
654
643
622
635
644
653
627
633
642
656
641
620
637
644
653
622
623
638
638
617
604
620
648
626
603
617
633
628
629
610
635
642
637
619
634
643
639
617
614
624
623
619
617
636
645
634
608
629
628
637
619
615
624
651
644
622
634
641
657
643
623
640
654
642
634
640
657
657
626
634
643
636
605
601
616
623
617
599
601
617
619
615
602
619
635
625
616
622
641
657
640
629
632
652
643
633
626
652
645
636
615
620
639
640
620
604
618
621
614
598
600
606
620
613
603
620
637
633
608
626
639
644
623
621
635
644
637
615
619
626
638
621
615
623
640
649
626
622
639
653
637
624
640
657
642
620
621
636
639
620
604
613
619
620
614
599
604
617
616
600
602
618
625
627
607
623
640
649
623
623
638
651
623
611
623
626
636
616
609
634
641
632
608
628
640
643
623
616
620
623
618
602
618
638
640
635
622
643
657
657
636
623
635
638
623
606
619
635
635
604
599
613
616
610
600
599
614
621
619
602
616
620
632
612
614
624
647
646
624
635
641
652
626
635
640
647
634
619
635
641
641
630
614
631
641
627
615
613
614
626
614
593
