826
810
809
810
813
825
830
824
822
828
833
828
830
831
839
839
837
831
838
834
830
835
839
840
830
828
829
839
835
828
830
828
825
825
821
817
809
801
788
784
784
779
775
783
780
776
793
808
812
828
828
830
828
836
830
831
824
833
834
833
827
825
830
829
833
834
844
847
847
849
857
858
859
857
856
856
851
847
848
840
838
834
839
844
844
839
838
841
842
846
843
844
845
851
847
854
852
849
847
854
852
856
846
856
862
865
857
867
865
859
859
855
859
852
846
850
855
849
847
845
849
843
846
850
855
853
852
845
847
843
844
841
844
849
849
850
849
853
854
849
852
851
850
853
848
857
848
841
843
848
848
842
841
841
842
844
840
848
847
846
843
846
847
841
847
840
842
837
839
848
851
845
844
856
861
852
855
859
860
855
852
845
840
843
839
841
846
849
842
844
837
845
841
840
844
843
838
838
837
837
840
836
843
840
835
832
838
832
832
827
835
834
839
844
844
844
848
848
850
846
840
845
851
858
850
860
865
857
862
868
873
871
863
865
865
861
861
859
856
859
859
860
863
859
856
858
859
864
859
859
866
871
865
865
875
874
870
877
877
876
873
869
871
878
874
875
877
883
877
872
876
881
879
876
879
883
872
872
872
874
876
878
877
880
892
890
884
882
886
884
880
878
882
880
881
878
885
887
880
881
886
893
893
886
892
894
884
879
889
880
876
877
880
878
879
876
882
879
875
888
893
887
889
881
888
886
881
880
883
883
887
907
894
892
898
889
883
885
911
900
895
892
898
888
883
884
888
868
886
876
867
872
855
855
859
857
852
853
853
863
861
849
844
843
824
830
833
840
834
841
844
859
865
867
879
886
883
880
885
893
882
889
889
871
814
954
888
879
885
887
883
880
881
877
871
868
871
874
870
868
877
875
877
869
873
876
876
873
873
881
871
871
865
866
872
867
866
875
871
860
858
859
865
862
862
861
867
866
864
871
865
877
869
865
875
875
870
865
864
870
870
869
870
880
879
886
879
886
879
874
879
882
882
877
877
877
877
871
868
874
873
866
872
872
869
863
861
867
867
861
860
863
865
861
858
863
861
854
853
863
867
873
866
874
868
868
863
869
866
868
866
870
876
869
874
872
879
875
873
855
894
876
873
871
865
865
