1009
1012
991
1001
982
955
988
971
960
981
986
969
995
1000
997
1018
1031
1009
1030
1033
1008
1009
1007
985
1010
1016
1001
985
995
997
975
996
996
978
1000
1010
998
1004
1017
995
1011
1018
1005
989
1015
1021
1002
1027
1013
990
1014
1018
1007
1012
1016
1004
973
1006
987
970
1004
1003
988
1010
998
979
1009
1018
993
1023
1023
998
1021
1020
992
1005
1015
1001
1015
1019
997
1015
1010
987
1007
1009
985
935
911
948
917
937
933
961
984
1010
1019
1040
1030
1029
1033
1027
1012
1036
1040
1044
985
994
989
979
955
976
968
943
989
969
975
1020
1011
1019
1038
1037
1037
1047
1029
1017
1030
994
968
982
960
939
970
946
923
975
982
972
1005
1018
1022
1049
1028
1015
1034
1019
1016
1023
1013
1000
1027
1025
998
1007
1006
1001
1024
1015
998
1010
1013
1011
1031
1033
1014
1025
1023
996
1012
1004
976
993
983
970
988
992
973
994
995
970
988
992
979
1000
998
970
983
991
980
980
1005
1016
975
991
996
974
997
983
966
992
979
961
986
968
1001
992
998
954
958
976
969
950
936
946
947
956
968
974
969
964
915
939
945
954
934
923
935
896
888
904
880
905
906
897
930
941
938
997
998
996
1031
1036
1010
1021
1023
1018
1037
1046
1022
1030
1027
1002
1026
1030
1005
1024
1041
998
1027
1008
992
1027
1035
1004
1031
1027
1011
1025
1033
1003
1020
1010
996
1013
1002
990
1018
1015
981
1009
1021
997
1009
1017
995
1005
1010
996
1008
1013
992
992
1000
973
977
991
976
966
984
979
962
985
970
962
988
984
947
986
980
954
1001
977
970
1004
1008
993
1015
1014
994
1013
1019
1002
1023
1018
1001
1020
1007
984
998
971
960
997
944
950
981
953
971
1005
977
978
1005
1009
990
1007
1008
998
1014
1013
980
997
998
975
994
994
974
986
983
965
986
985
962
997
1001
980
1006
1005
980
997
997
978
1007
1003
979
994
986
972
998
1011
986
1008
1006
974
991
995
971
993
995
981
997
1002
968
947
943
911
889
935
921
922
961
974
968
1004
1011
991
1011
1014
1008
983
1016
1023
991
996
997
970
967
982
950
939
973
954
923
972
957
930
969
973
967
965
993
990
964
984
997
956
967
999
968
962
995
971
976
1007
977
970
1003
992
966
1003
999
992
979
995
1001
990
1013
1006
950
944
974
962
966
945
985
974
929
984
986
985
956
959
936
944
965
968
989
1010
999
1000
1004
963
982
974
936
931
905
895
924
925
933
975
996
1000
1039
1057
1030
1036
1032
1008
1032
1055
1059
1028
1035
1050
1024
960
988
980
964
995
992
968
