783
802
798
783
791
799
798
801
823
812
801
809
814
796
789
801
786
778
777
779
776
790
784
771
785
780
775
784
785
773
776
778
799
797
803
803
779
758
730
728
723
721
730
740
738
755
765
762
769
775
769
777
781
778
778
787
778
772
772
789
771
773
775
767
768
770
755
765
773
768
767
775
761
761
761
759
754
765
762
758
769
769
760
759
771
761
759
768
770
761
766
772
762
757
767
767
754
757
760
747
751
759
751
753
763
758
752
759
761
751
762
769
757
760
772
764
762
774
772
761
763
767
754
750
761
771
763
771
787
782
780
800
797
787
782
777
768
782
786
774
782
794
781
782
792
780
771
779
769
761
760
763
748
748
752
739
741
745
744
743
749
758
747
751
767
762
757
774
779
766
767
781
781
775
774
772
775
790
792
793
762
764
770
765
759
751
748
734
727
722
733
748
760
770
779
785
804
788
795
788
774
777
781
766
770
775
767
764
768
766
767
772
779
785
797
810
807
804
807
795
804
806
819
817
813
796
796
808
815
810
802
799
795
795
802
806
799
796
788
782
783
782
773
774
771
752
761
759
752
756
760
753
755
763
751
752
756
747
755
765
762
759
754
738
719
716
704
701
716
726
725
741
756
757
768
779
761
765
773
764
782
777
759
765
766
762
774
775
757
760
765
758
769
773
768
768
770
765
781
784
781
767
778
790
771
770
765
758
759
770
759
760
762
763
763
774
761
759
764
764
764
771
773
765
770
778
773
771
787
777
767
771
765
760
766
773
766
771
775
768
776
779
778
778
783
783
777
773
779
765
771
772
771
762
771
770
762
759
763
756
762
765
761
760
771
760
759
764
762
761
774
770
773
784
774
771
778
779
770
775
776
765
767
774
763
769
776
766
763
772
773
761
766
771
763
763
773
763
765
774
771
759
763
766
763
769
776
764
761
764
761
758
770
762
761
766
770
764
773
775
769
774
781
774
767
783
771
783
773
762
764
776
771
773
784
782
778
788
787
776
788
789
797
788
727
867
795
795
803
799
802
795
785
796
787
780
787
780
773
771
763
758
765
764
761
768
773
770
775
781
776
783
791
780
784
790
779
778
786
777
776
780
776
772
782
778
767
771
777
773
772
776
774
770
779
780
777
779
787
776
774
787
781
775
788
792
785
793
801
794
793
801
