963
944
942
951
949
957
955
942
944
944
910
920
932
917
878
894
912
891
905
947
973
918
944
978
927
913
920
912
870
881
931
901
895
917
889
829
827
796
809
868
877
885
912
907
899
923
954
933
906
922
948
911
894
903
939
937
880
880
920
928
884
904
949
904
898
918
893
877
918
931
889
878
907
868
895
899
879
861
875
867
890
904
900
897
914
922
904
902
919
893
857
851
884
892
857
868
856
814
793
791
841
886
871
866
892
906
892
892
920
886
881
906
874
868
889
869
867
893
865
872
894
871
878
878
862
885
910
883
886
909
888
887
911
898
885
909
909
866
883
902
900
885
944
971
898
858
848
880
884
857
853
878
863
843
861
913
898
896
880
886
830
814
829
789
787
832
851
842
903
964
926
884
954
863
818
866
895
899
860
864
881
893
935
901
888
915
910
900
907
899
893
902
899
903
893
902
912
940
933
913
934
933
898
889
976
1022
931
900
935
953
882
950
986
888
874
886
898
897
876
949
1009
955
936
965
924
879
896
885
876
897
923
914
912
949
948
910
879
919
931
968
923
914
947
955
892
897
935
956
895
945
993
943
904
958
965
879
905
879
855
859
882
880
885
912
926
891
873
898
876
878
881
879
864
869
852
859
877
902
876
845
854
880
905
891
859
898
894
870
858
869
886
859
880
921
893
895
907
910
896
875
893
888
876
853
884
880
861
876
878
880
887
889
843
840
903
930
931
956
965
927
884
898
927
966
924
904
956
962
914
931
971
942
896
916
951
928
911
955
929
908
915
916
891
937
941
917
921
923
908
884
890
910
888
872
893
892
882
900
901
872
859
881
898
897
905
942
934
905
918
1009
977
919
915
929
896
896
912
909
897
903
943
891
882
902
908
898
898
930
901
870
881
918
886
843
890
916
895
909
945
899
873
864
856
840
847
858
842
852
861
860
852
859
861
868
876
868
837
803
817
771
768
813
862
929
923
875
885
874
859
823
842
887
865
834
873
867
827
812
824
848
835
839
849
861
850
864
868
870
830
794
773
768
774
784
791
798
802
831
852
866
864
824
846
876
919
886
862
917
942
894
855
921
928
916
904
920
933
923
914
923
904
914
912
914
909
925
947
903
919
955
949
906
902
938
951
852
862
891
902
865
928
947
887
928
931
872
865
890
845
856
897
886
