615
611
618
634
628
632
628
632
633
641
640
634
631
638
641
637
636
632
634
642
652
639
641
632
634
637
627
631
633
625
624
614
608
612
612
611
607
603
608
614
613
609
609
617
623
621
625
627
623
627
620
627
626
631
629
629
628
632
638
635
633
642
645
648
649
633
631
623
630
628
621
621
621
623
620
616
616
615
623
618
610
618
626
629
629
641
642
636
636
644
647
637
638
626
620
618
606
601
598
595
601
597
598
598
602
602
606
606
607
617
615
610
612
616
617
616
613
619
623
620
621
621
627
625
625
631
630
635
641
644
646
640
645
650
652
650
661
653
648
647
649
649
656
651
661
659
650
632
623
613
618
609
605
607
607
613
613
610
614
615
614
613
613
621
616
614
617
612
615
618
622
626
628
643
640
638
634
634
643
639
647
647
649
665
658
651
643
647
639
639
643
639
632
640
650
642
639
637
635
641
629
632
631
633
634
636
632
630
627
634
629
626
620
616
613
614
616
614
615
625
617
615
615
622
622
620
621
637
635
640
638
630
643
646
639
644
640
647
647
643
638
651
640
634
627
623
617
616
616
613
606
604
602
600
598
601
602
604
602
608
606
609
611
610
612
610
614
612
615
616
623
625
629
634
638
635
643
638
649
649
643
646
645
660
665
658
662
656
664
655
648
638
625
620
618
612
608
609
613
613
608
610
616
613
612
611
607
606
614
601
609
610
609
608
608
608
617
609
614
613
614
622
617
623
620
623
628
629
627
630
635
632
638
636
634
636
639
654
645
639
654
650
653
645
642
638
633
636
634
635
645
655
649
644
639
639
632
632
622
615
617
617
619
619
621
626
620
618
618
611
604
605
605
606
612
609
608
611
612
609
613
610
612
615
612
616
618
620
621
625
624
629
628
633
628
625
625
623
625
624
624
623
622
622
621
618
615
614
612
603
604
601
601
596
599
605
602
603
610
610
611
613
619
621
615
619
619
621
620
617
618
614
613
616
618
617
615
615
613
614
613
611
606
610
610
611
614
615
621
631
637
630
623
614
607
603
593
587
581
582
585
576
582
585
590
587
594
596
600
606
601
605
605
609
609
610
615
613
612
612
606
608
607
604
608
604
606
608
604
604
605
604
606
605
609
607
612
608
602
604
596
602
597
596
595
589
593
582
583
584
592
582
