917
939
945
927
949
976
970
953
963
992
946
945
965
963
930
949
951
934
958
968
946
966
975
957
974
969
978
979
955
954
965
941
951
949
938
942
971
958
923
938
957
935
925
957
959
942
961
994
960
941
950
949
935
942
942
918
939
958
921
933
924
917
920
938
917
905
938
936
907
894
876
900
914
943
960
969
948
983
1012
970
989
998
965
958
986
974
974
1000
979
950
1004
947
962
972
923
920
935
905
918
939
937
917
936
928
915
921
920
913
910
892
864
886
888
905
927
949
938
967
952
931
938
938
925
925
941
935
946
966
949
940
962
968
940
955
953
934
932
968
957
928
958
960
937
937
954
921
910
948
977
940
952
989
989
986
994
981
968
974
963
961
952
979
965
960
978
964
952
985
974
962
1002
982
972
945
923
956
958
918
920
960
936
929
943
944
924
958
963
955
974
991
941
934
992
964
938
938
958
942
936
961
962
938
947
958
930
944
943
930
950
949
930
935
944
923
922
949
921
905
940
938
918
940
984
956
942
985
992
979
993
987
967
979
971
950
962
972
937
952
957
947
965
970
949
971
991
986
1010
1005
980
959
972
945
937
961
971
942
922
929
946
925
945
953
938
952
970
961
963
981
966
950
960
971
939
960
966
945
952
973
940
923
940
938
929
946
931
933
946
947
952
972
954
948
959
953
947
967
944
955
945
933
940
965
938
930
955
949
925
953
948
929
934
949
910
912
894
899
911
939
974
945
960
1002
1000
990
999
976
952
998
1011
962
984
992
964
981
1001
968
990
1011
975
973
975
961
938
955
969
952
960
966
959
938
949
925
928
957
929
946
942
933
924
909
888
885
887
885
892
883
871
866
862
885
892
877
907
917
907
913
929
917
934
971
951
944
932
951
931
929
953
969
952
974
976
932
923
921
911
912
922
914
936
953
939
913
894
868
892
918
964
996
983
985
990
997
999
999
995
983
948
954
968
939
946
960
963
964
966
964
951
985
989
963
973
968
953
950
964
946
934
954
953
934
953
943
921
943
955
944
957
953
926
940
957
952
915
930
934
911
927
950
948
934
961
959
940
958
939
957
950
924
916
946
956
947
915
923
970
943
971
976
968
960
906
904
914
900
894
924
937
920
939
945
929
927
942
936
919
913
885
871
872
889
914
926
930
949
942
922
950
950
931
930
945
934
