815
801
800
798
779
761
779
778
778
760
757
758
781
781
796
796
762
759
779
779
779
779
775
761
779
778
777
782
777
760
780
797
780
780
777
758
759
759
759
761
758
739
756
741
740
756
742
738
739
756
742
757
757
741
739
740
741
757
741
739
738
739
758
762
757
758
759
762
778
781
779
777
760
779
779
779
779
761
776
761
777
763
779
779
777
777
781
799
801
795
763
795
783
797
782
779
779
780
799
798
779
777
779
783
797
781
776
760
777
764
795
782
777
760
781
779
779
779
759
758
761
759
759
759
739
756
741
761
760
757
758
763
779
778
779
759
758
761
761
759
778
776
764
759
759
761
776
763
779
780
777
741
757
759
761
760
757
741
776
763
796
782
778
779
781
797
782
798
779
779
779
797
799
783
796
778
761
778
779
779
780
762
759
778
780
781
797
781
796
779
759
761
777
778
764
775
761
777
764
798
780
797
762
778
762
777
777
762
758
741
760
757
743
758
760
756
741
760
760
760
760
759
758
761
776
763
777
758
742
758
742
760
758
759
740
740
760
776
762
759
758
741
760
760
775
762
758
741
759
762
776
743
757
743
776
742
757
758
760
762
758
758
743
778
762
776
760
744
737
739
740
759
758
718
704
719
720
719
719
737
740
742
779
816
800
761
759
761
776
762
761
759
759
759
761
796
782
796
763
777
763
780
797
780
760
796
781
782
779
778
780
799
800
801
780
798
800
800
800
779
780
798
800
802
797
801
822
837
823
818
800
819
819
818
801
780
781
799
781
796
761
760
777
780
781
761
759
778
779
782
798
761
776
764
779
780
781
759
777
762
777
779
782
776
762
779
798
783
798
778
762
779
778
781
759
743
760
760
760
759
740
757
760
762
777
762
759
759
760
777
763
779
777
757
742
761
760
760
760
756
741
756
744
760
759
776
741
741
760
759
760
758
758
742
778
777
764
759
757
740
742
756
744
759
758
741
739
740
757
758
761
762
741
776
744
775
742
740
758
757
760
743
739
739
759
760
777
782
760
760
780
780
780
779
759
776
782
800
798
779
760
761
761
776
762
757
758
761
762
778
778
757
743
760
760
760
776
741
740
757
744
758
761
759
757
741
759
759
760
758
757
759
763
780
780
776
742
759
761
777
761
761
757
740
757
743
775
763
778
761
759
779
