925
941
946
950
925
933
941
942
931
922
925
937
955
944
922
923
937
933
917
927
929
936
931
909
913
918
940
937
929
927
938
940
920
928
952
979
993
992
995
1000
1011
1017
999
998
993
991
988
966
993
982
976
958
962
968
962
935
933
949
956
942
955
958
975
962
961
952
948
945
928
945
951
952
934
930
946
979
967
975
973
987
989
969
969
986
982
971
973
974
955
951
935
939
932
908
892
882
870
878
898
918
925
944
943
926
929
938
963
958
944
938
953
938
936
931
930
926
945
937
922
947
952
958
948
949
964
973
966
962
955
968
966
963
961
962
967
952
952
978
980
968
954
952
952
934
930
941
950
945
948
950
953
963
962
974
989
1001
1010
1000
1006
999
1003
985
987
985
1000
988
978
980
976
978
969
959
953
965
961
970
944
937
951
948
949
924
932
952
947
940
931
944
956
954
954
944
940
973
987
974
981
981
982
969
947
949
968
976
969
945
942
965
949
932
942
946
963
949
950
948
954
955
957
915
913
937
939
948
960
948
951
962
962
955
940
943
950
953
955
937
931
937
960
949
937
920
931
931
939
927
929
942
954
940
922
937
947
958
961
951
951
954
975
979
967
971
963
969
974
975
964
976
986
982
958
956
963
969
972
974
963
962
976
959
943
944
973
996
1000
1005
1014
1022
1023
1006
1000
987
999
1001
1001
974
976
973
977
964
950
950
946
914
900
905
907
934
939
930
941
963
963
939
937
946
945
951
935
952
946
937
931
922
945
959
974
973
962
950
969
967
951
954
963
962
971
971
959
972
980
991
978
940
966
966
964
953
973
991
977
973
973
957
961
962
959
942
949
959
965
948
950
950
967
969
972
965
960
969
975
959
953
964
965
956
943
954
961
990
985
982
966
962
941
930
894
882
891
904
915
923
919
925
912
927
945
938
950
943
942
958
955
946
940
919
907
930
934
943
942
947
939
937
957
963
954
964
964
979
982
972
956
953
964
950
927
893
906
920
943
956
937
924
931
950
952
961
946
936
939
945
951
954
946
955
955
967
966
962
934
933
937
935
928
923
933
935
945
936
932
902
898
898
911
927
937
920
943
940
946
935
946
953
958
957
945
928
944
952
957
958
956
931
909
920
926
933
930
930
927
953
961
965
950
950
944
956
968
957
956
940
932
927
909
892
903
894
912
896
900
917
