731
730
718
705
706
713
720
709
706
721
727
714
711
727
736
725
721
737
742
725
723
734
753
747
733
744
756
747
729
744
752
741
733
757
759
733
742
755
760
728
739
750
748
730
731
738
743
730
725
745
744
735
738
753
763
735
730
739
735
719
710
727
726
716
706
727
726
728
713
732
747
743
732
755
757
741
731
742
741
736
724
742
757
728
720
738
750
740
726
744
743
739
724
729
736
738
725
725
729
731
713
731
725
714
701
710
712
704
694
709
710
707
698
713
716
702
698
711
713
708
705
707
718
713
699
713
718
712
703
716
711
701
690
701
694
688
687
682
675
684
696
715
699
706
720
723
710
699
709
709
698
696
705
706
708
705
703
717
719
725
709
714
727
726
721
710
718
730
722
711
711
718
722
725
709
720
725
731
725
714
723
732
737
726
727
729
732
717
712
718
724
734
715
719
729
740
761
734
730
744
743
747
720
732
733
734
720
729
732
730
717
721
734
743
724
728
739
741
720
730
738
741
721
738
738
733
720
734
742
750
732
726
746
752
749
729
741
746
755
739
740
760
759
738
725
745
738
726
716
733
736
726
718
734
739
738
721
739
744
731
735
750
760
739
739
756
750
732
743
746
753
725
737
740
747
720
725
732
733
722
741
749
749
735
761
764
753
739
754
753
736
725
746
741
733
719
736
743
752
721
737
732
726
711
724
728
724
715
734
756
740
749
758
757
748
752
760
756
736
756
755
736
727
749
743
731
714
721
720
720
708
712
728
737
730
728
750
757
737
737
754
751
741
728
739
741
723
726
742
747
734
728
746
751
738
740
764
758
743
762
758
747
729
743
745
723
719
739
736
723
721
743
752
731
722
741
729
731
715
718
729
729
737
726
722
732
729
740
722
736
736
741
732
722
739
732
723
714
726
720
703
706
712
713
708
704
712
704
707
699
698
695
703
693
707
714
711
708
713
720
721
707
715
727
727
722
728
745
749
744
758
758
747
727
740
726
717
706
717
718
722
710
717
723
721
704
723
730
715
710
727
741
719
710
730
715
700
701
714
713
699
704
716
713
705
714
719
714
700
709
711
709
695
702
710
717
701
709
711
708
696
705
702
698
693
699
702
695
693
707
707
700
700
713
715
714
703
716
723
713
709
716
718
708
702
719
719
711
709
725
720
719
