757
753
718
704
700
699
699
700
716
738
763
745
738
755
742
723
736
741
733
743
745
750
742
741
740
743
740
734
724
734
721
737
726
737
736
741
743
741
741
737
743
751
744
740
737
724
737
724
715
701
715
700
704
710
689
698
714
697
688
693
686
695
694
687
696
694
669
691
687
697
717
719
719
702
719
717
721
724
714
714
703
701
714
718
705
739
740
742
734
718
704
680
672
630
634
640
656
662
678
684
700
698
700
695
681
684
691
680
681
682
695
686
699
714
684
695
684
684
680
694
700
697
700
701
685
713
686
695
682
695
698
701
699
700
721
720
722
716
702
704
698
679
662
657
639
625
638
654
658
659
662
675
679
667
680
678
676
660
657
656
665
666
672
664
676
675
664
665
673
678
680
682
683
696
693
680
681
681
682
698
694
682
698
715
704
704
712
703
702
715
707
712
719
706
735
742
734
726
737
739
738
723
718
722
696
660
639
635
644
655
663
696
683
706
694
716
696
681
680
676
667
681
700
698
711
715
722
723
717
721
718
706
712
684
681
694
681
699
713
706
737
738
725
753
739
740
719
717
705
714
700
698
702
701
714
708
734
724
733
719
725
736
722
734
723
718
718
722
734
723
735
740
725
737
742
736
719
719
719
722
720
737
743
755
757
764
780
776
760
743
752
727
735
736
727
751
742
741
738
738
725
737
721
720
733
725
722
735
740
736
705
681
674
660
662
676
679
679
682
697
686
695
683
699
699
701
714
700
704
700
719
724
731
737
746
739
742
736
738
758
743
763
779
779
762
775
779
760
759
743
753
727
739
757
761
783
790
767
776
763
754
724
753
725
719
701
704
714
715
705
718
722
735
738
729
732
707
698
701
700
696
698
702
699
701
715
716
706
720
741
761
793
814
785
776
744
740
723
737
738
722
718
704
732
722
723
720
735
733
726
719
717
699
686
677
677
678
666
660
655
642
637
637
625
637
641
642
658
657
657
661
664
678
677
679
679
682
683
694
683
695
700
700
720
721
718
723
730
718
721
689
695
698
703
716
707
715
718
704
731
706
701
714
700
701
698
699
703
716
704
715
723
734
719
706
713
688
696
698
724
719
698
679
660
660
656
644
658
672
666
679
683
697
693
687
695
684
701
696
699
697
683
698
702
714
702
715
706
699
700
700
698
