882
896
876
875
891
898
876
883
895
882
868
882
892
877
875
884
893
875
885
890
878
868
884
894
874
884
897
881
882
890
903
877
890
900
892
876
885
891
875
883
893
888
870
884
895
881
890
900
896
885
900
903
878
885
885
877
867
882
884
872
877
879
873
864
880
886
861
883
890
874
864
884
889
872
893
895
890
880
887
896
882
894
902
887
867
888
891
872
882
887
885
876
886
881
860
870
869
860
864
858
852
835
845
842
837
823
840
839
837
832
842
845
837
857
842
846
846
849
844
862
862
847
868
875
867
857
865
871
863
862
872
879
866
869
875
882
871
877
885
880
866
873
881
874
863
876
885
872
877
885
893
871
879
892
878
866
883
888
878
889
901
899
882
894
907
883
879
888
893
875
883
885
875
870
885
900
875
884
885
874
875
874
885
866
872
883
872
867
880
888
874
872
884
886
877
886
894
892
874
889
892
880
880
898
899
879
885
884
887
870
877
882
877
868
879
889
875
877
886
886
883
885
897
887
876
881
890
879
877
887
892
883
890
889
896
875
881
884
875
872
881
894
881
890
899
888
883
894
903
888
890
914
894
884
900
906
884
897
911
899
887
904
900
893
900
906
897
911
913
893
881
894
892
885
885
895
885
877
889
899
892
892
911
917
902
918
932
905
914
893
884
887
876
863
881
884
887
876
889
892
903
889
897
900
902
894
880
900
900
893
881
894
907
894
888
902
912
912
885
897
901
882
876
897
904
895
879
904
914
905
889
903
923
911
893
908
920
898
906
909
914
899
902
911
923
905
912
926
920
899
904
919
899
908
918
918
898
909
918
913
901
906
919
905
894
915
919
899
915
925
921
900
922
924
908
924
921
923
896
910
913
906
897
901
904
886
900
905
895
888
906
916
899
903
914
909
895
901
878
889
868
882
885
877
870
887
899
887
891
899
906
885
908
915
903
892
921
925
915
903
916
925
911
908
917
924
909
925
930
918
924
933
923
910
919
936
907
915
927
917
903
915
925
905
917
929
915
893
907
914
894
903
918
917
904
924
932
916
916
931
917
908
919
934
907
909
916
910
896
907
923
907
903
916
917
896
911
926
905
907
919
918
905
915
920
919
903
915
926
909
915
930
924
903
915
912
887
891
870
891
893
887
881
901
906
895
880
894
901
891
893
888
