844
860
844
849
857
818
829
853
815
816
841
824
808
816
808
781
774
770
770
752
793
805
773
773
772
755
771
801
778
802
812
790
824
850
842
854
854
823
847
858
836
852
858
834
824
844
821
806
822
821
802
809
824
800
820
846
830
809
823
810
786
796
783
764
775
788
771
773
798
788
803
813
809
842
857
820
833
845
807
827
859
837
830
845
820
828
844
824
829
840
816
841
827
807
812
836
813
815
827
797
792
796
773
760
769
770
762
813
822
795
817
801
785
805
796
787
813
843
820
815
828
791
782
789
768
778
819
801
779
783
788
765
777
773
776
772
804
786
786
796
787
797
801
778
789
803
781
788
787
768
795
820
795
801
827
803
820
827
800
801
821
798
809
829
799
807
836
810
807
830
803
818
828
805
837
839
814
842
853
828
828
827
806
825
835
807
826
843
827
837
861
822
821
843
843
814
829
814
788
814
804
794
808
799
789
806
812
795
799
817
804
821
826
816
839
821
806
806
788
770
787
780
769
801
814
794
822
820
818
821
827
813
833
864
825
833
836
812
854
847
823
839
827
820
840
811
815
835
801
795
827
812
817
848
860
827
846
862
822
845
849
818
814
823
795
804
813
802
812
838
805
791
798
792
763
769
779
771
778
802
769
781
786
792
775
784
800
765
781
797
775
774
793
771
808
837
817
820
831
803
825
819
809
829
818
794
801
799
781
784
799
777
780
810
800
800
814
790
810
841
805
818
826
797
800
817
785
792
804
767
762
797
783
764
786
771
731
772
777
741
761
773
750
768
793
776
794
830
801
842
863
835
857
875
864
851
845
821
828
836
809
807
814
794
812
845
817
823
839
837
856
891
864
878
881
858
879
851
848
842
807
810
816
788
782
795
774
768
765
774
758
757
827
833
793
824
807
783
804
805
771
788
808
782
807
810
801
829
832
821
841
851
829
841
841
809
822
839
814
806
823
796
802
819
788
777
792
785
795
821
796
823
838
813
808
810
795
788
801
782
776
794
777
774
776
759
759
776
765
767
777
773
757
760
781
764
759
765
745
745
764
764
762
781
784
763
772
809
797
803
807
797
805
810
790
798
809
783
784
793
823
808
797
815
791
792
807
789
780
798
781
762
767
750
740
790
782
775
799
791
785
801
801
786
797
795
782
795
809
786
783
788
