1066
1037
1012
971
971
1038
1020
984
991
993
990
1023
980
993
1060
1019
1024
993
1018
1003
1049
1099
1030
1029
1036
1056
1012
990
1026
1022
993
975
1010
1010
1048
1057
1061
1026
994
986
992
1044
1027
1034
979
927
986
1063
1044
1064
1045
1029
996
1053
1039
1017
1042
1053
1055
1016
1063
1051
983
1022
1040
1112
1034
1049
1039
1004
1044
1092
1123
1053
1045
1045
1027
1040
1064
1075
1062
1069
1101
1027
1032
1017
998
1029
1089
1039
1020
1024
1040
997
1033
1107
1037
1049
1067
1065
1057
1049
1003
1034
1075
1035
1016
1019
1021
984
968
980
1000
989
984
997
1016
991
1001
1043
1013
995
980
986
984
994
991
1034
1035
1008
981
992
1021
1010
1008
1031
1055
1053
1021
1061
1042
1007
1066
1046
1035
1052
1049
1035
1047
1054
1005
1034
1062
1065
1040
1069
1080
1043
1001
1069
1144
1066
1036
998
1025
1006
990
1027
991
1016
1031
1018
1011
999
1021
1012
981
985
999
1022
1000
1174
1091
1040
1014
1010
1050
1016
1035
1086
1109
1034
1069
1050
1039
1039
1025
1011
1066
1138
1060
1021
1092
1070
1042
1022
1085
1058
1021
1088
1042
1044
1133
1133
1062
1043
1018
1000
1085
1084
1049
1062
1063
1021
1033
1049
1021
1020
1040
1034
1014
1019
1021
1010
1037
1043
1034
1012
1016
1023
1001
1045
1029
994
1016
1010
999
1059
1027
995
1002
1020
1005
1002
1027
1061
1024
1025
1052
1047
1002
1021
1043
990
1024
1049
1032
991
1001
1002
992
985
1034
1010
979
1069
1036
988
1017
1002
1017
990
990
990
973
974
1052
1063
1007
1009
999
988
998
1013
995
976
992
1024
1005
992
995
993
972
1047
1042
981
983
990
990
969
1012
1033
986
989
1041
1023
1001
1009
992
968
994
1011
984
978
1032
1041
1002
1002
1009
1002
979
1023
1042
1013
1009
1017
1009
992
1026
1057
1016
1038
1051
1035
1008
1048
1062
996
996
1039
1045
1024
1033
1041
1005
1005
1096
1047
994
1002
1042
1026
1051
979
1020
1008
976
1021
1034
1020
1001
1013
1066
1015
1020
1015
977
989
1031
1011
991
1005
1013
990
1018
1017
978
990
980
1008
991
1003
997
989
963
957
986
1009
1053
1051
1014
1038
1073
1014
992
1003
999
1009
1040
1078
1040
1033
1024
1008
1034
1051
1016
1010
1034
1024
997
1041
1061
1031
1003
1036
1051
1011
1036
1046
1029
1038
1082
1059
1010
1013
1049
1055
1046
1095
1054
1026
1033
1060
1047
992
1034
1037
1013
1025
1038
997
975
991
1011
992
1007
1014
1005
992
1039
1016
1008
1008
1043
1043
984
986
1004
1000
1055
1029
1041
1043
1040
993
1080
1038
1006
1014
1036
1027
1021
1047
1075
1020
1032
1028
1050
1009
1040
1041
1024
1067
1043
1005
999
1097
1062
1015
1010
1029
1021
1063
1042
1035
993
1032
1090
1021
1024
1015
