769
773
773
777
768
770
773
764
762
762
760
761
755
759
761
757
749
763
765
767
768
769
770
768
760
759
761
767
768
774
780
781
781
778
781
791
789
783
790
804
812
805
807
809
806
797
802
797
787
779
772
778
785
792
789
792
793
796
787
785
786
774
762
767
760
754
754
757
757
756
753
761
764
757
759
760
763
758
759
765
763
763
759
752
753
754
750
750
750
752
748
750
743
756
764
771
773
773
791
803
806
799
801
796
776
764
750
742
731
722
717
707
704
699
703
700
693
688
686
695
708
716
723
732
739
748
751
748
756
756
746
747
758
755
749
751
751
750
746
750
764
767
771
773
780
775
771
775
792
788
782
782
786
791
779
773
771
762
762
766
761
761
757
765
765
774
765
769
767
763
760
763
762
758
753
759
754
744
741
741
738
725
732
739
742
733
737
742
742
744
745
750
740
739
742
743
741
743
743
742
741
738
749
748
754
758
761
762
756
760
755
759
760
765
760
751
761
748
744
742
746
760
758
756
748
745
732
739
746
737
737
739
747
744
743
748
749
747
763
765
764
771
770
771
780
772
773
769
763
762
754
761
764
768
770
765
777
774
779
782
778
778
769
760
765
762
755
750
750
752
745
743
747
750
752
754
744
755
750
749
742
745
750
742
738
742
750
747
743
748
750
747
752
753
759
757
758
750
751
748
754
744
747
747
749
737
742
745
743
744
735
739
742
736
737
734
740
740
733
734
739
738
731
733
731
737
737
732
736
737
738
745
732
737
757
763
761
761
772
775
758
752
756
753
758
757
765
776
777
781
783
799
801
790
785
780
774
759
756
753
758
767
759
768
762
758
750
756
760
757
757
753
764
764
776
768
770
765
762
754
759
754
755
751
756
755
756
756
745
747
744
744
736
744
752
750
744
754
752
751
744
744
748
742
744
735
745
746
739
730
730
733
728
723
711
706
708
702
693
687
683
683
696
709
716
718
721
729
736
737
736
739
749
752
748
752
762
763
790
783
782
789
796
785
779
784
766
758
761
768
759
755
753
758
743
735
729
729
723
719
720
724
728
725
724
734
740
745
738
742
738
737
730
731
736
739
740
734
737
743
741
743
744
751
753
750
751
753
750
750
749
754
752
754
749
754
755
747
744
751
747
756
749
745
757
748
742
755
753
752
745
749
