1004
984
1014
992
968
946
920
933
939
955
979
966
987
993
977
990
989
966
994
981
973
987
975
959
983
966
960
980
1002
993
999
1007
998
1013
1025
1000
1019
998
986
1005
998
980
1012
1018
999
1005
1028
989
977
1001
971
960
994
986
987
1021
1015
1005
1035
1023
1005
1024
1044
1016
1019
1049
1015
1014
1041
1030
1003
1029
1015
1000
1014
1020
981
1003
995
976
957
949
913
911
923
940
955
953
953
981
966
976
1002
979
967
989
1002
982
1006
1017
990
1005
1018
1010
1015
1042
1030
1009
1040
1052
1028
1028
1040
1038
1015
1033
1049
1015
1030
1040
1026
1001
1034
1021
1005
1017
1036
1015
1014
1032
1011
998
1032
1017
992
1022
1038
1010
1010
1021
1000
986
1012
999
982
1005
1005
979
976
1001
995
977
994
1016
1007
999
1017
1018
984
1002
1013
1001
990
1002
1024
993
993
995
1009
978
983
1009
1008
1000
998
1033
994
985
1015
1007
995
1015
1027
1007
1012
1040
992
1002
1019
1006
987
1010
1004
990
1008
964
928
946
937
965
991
965
976
1002
1002
994
1024
1025
1015
1034
1036
1014
1017
1045
1018
1007
1020
1024
995
990
1018
1002
985
1013
1022
999
1016
1016
1002
1005
1029
1012
984
1016
1011
975
998
1015
977
985
1018
1004
984
1015
1032
995
1024
1037
1017
1012
1026
1035
1010
991
1032
1026
1010
1008
1037
1031
1014
1027
1053
1027
1027
1058
1049
1025
1052
1055
1022
1018
1043
1035
1014
1013
1000
955
940
914
907
919
932
939
897
889
891
863
865
882
919
956
960
963
975
989
1000
992
945
943
953
957
979
987
1007
985
1004
1019
1048
1016
1024
1063
1060
1046
1028
1050
1051
1027
973
966
960
949
970
997
997
975
1008
1027
1015
1014
1048
1056
1029
1005
1018
1040
1034
1038
1039
1027
1006
953
956
971
957
974
1016
1042
1018
1042
1067
1076
1044
1052
1074
1079
1035
1041
1058
1055
1043
1021
1058
1065
1030
1028
1068
1074
1050
1044
1062
1073
1044
1038
1055
1061
1044
1012
1053
1062
1057
1034
1022
966
989
972
971
1002
1012
992
1016
1048
1018
1016
1033
1033
1014
1012
1028
1040
1045
1007
1027
1044
1031
1007
1006
1045
1047
1028
1032
1066
1041
1031
1058
1056
1016
1013
1055
1069
1040
1052
1065
1072
1020
1036
1054
1034
1031
1041
1066
1020
1024
1052
1016
1005
1023
1028
997
1018
1021
1001
981
997
1007
985
984
990
1003
978
991
1018
1013
993
1034
1032
1014
1004
1023
1022
1027
995
1013
1028
1025
995
1008
1037
1019
988
1039
1045
1001
1006
1045
1044
1007
1025
1039
1024
994
1011
1013
978
984
1013
1025
994
1018
1051
1054
1041
1060
1063
1076
1050
1028
1053
1054
1051
1019
1030
1060
1061
1046
1029
1080
1062
1035
1059
1056
1019
