851
846
831
838
853
848
835
826
838
846
852
853
842
819
824
822
794
801
804
785
793
826
835
853
850
829
834
839
831
843
867
861
872
876
855
842
842
832
826
807
802
807
813
811
812
820
839
837
829
815
824
820
804
802
809
817
815
806
814
833
833
816
830
830
829
816
800
808
815
810
820
810
821
849
859
833
832
846
852
845
859
851
841
844
849
843
835
834
808
786
799
816
808
802
808
819
821
850
850
835
825
831
840
837
826
839
847
823
814
803
780
785
795
811
834
837
832
846
866
866
855
836
817
816
825
809
809
830
838
840
860
861
859
827
831
841
834
810
812
828
837
845
833
818
817
827
830
828
810
811
812
809
808
796
790
803
828
816
795
811
804
817
813
798
785
797
787
781
773
754
741
763
797
826
810
816
831
821
807
808
821
816
817
831
834
826
812
804
807
812
811
830
851
835
834
835
841
837
844
868
869
855
838
852
846
842
847
856
842
840
851
852
842
847
869
872
876
866
868
871
854
854
859
848
836
816
821
831
836
854
841
844
849
848
840
833
811
812
812
795
792
801
823
822
789
801
809
813
822
784
805
808
801
777
791
796
803
775
774
791
786
757
746
753
752
767
792
820
833
842
858
880
863
857
853
846
815
797
805
803
791
777
784
794
793
784
788
813
819
793
797
814
831
821
817
819
858
847
824
816
826
831
819
820
836
842
825
814
830
835
829
815
827
822
826
817
808
821
817
798
791
808
808
795
798
816
838
844
839
834
850
843
822
830
846
862
860
853
868
873
866
837
823
821
824
809
810
827
843
828
829
846
852
836
817
818
831
815
797
800
816
813
805
804
819
827
816
810
827
835
829
811
809
818
819
808
799
808
816
821
810
821
836
839
819
817
825
827
813
808
820
820
816
796
804
820
830
823
815
824
835
845
842
831
839
839
825
806
812
824
825
808
802
818
820
810
798
808
811
810
796
803
830
841
853
862
873
877
862
862
859
833
796
777
806
819
838
838
844
849
860
855
828
821
826
822
807
805
814
814
805
803
813
820
825
815
814
828
829
812
816
831
833
831
818
838
874
883
898
895
895
899
867
844
850
833
809
802
812
823
818
807
819
847
853
833
831
852
848
846
840
868
892
893
877
850
841
835
827
805
800
817
827
832
837
845
874
883
887
874
888
876
