1081
1125
1113
1072
1101
1083
1048
1028
1062
1072
1091
1121
1137
1082
1108
1049
1054
975
1008
1073
1103
1078
1088
1085
1078
1062
1059
1043
1052
1015
1156
1166
1112
1112
1125
1097
1093
1103
1130
1171
1111
1163
1149
1119
1099
1167
1125
1084
1117
1094
1066
1063
1169
1180
1125
1166
1160
1145
1111
1132
1108
1051
1089
1117
1152
1145
1226
1228
1219
1134
1104
1129
1105
1055
1075
1152
1131
1077
1119
1112
1088
1063
1093
1082
1058
1099
1187
1160
1099
1136
1126
1069
1088
1076
1063
1027
1101
1137
1117
1086
1128
1137
1108
1123
1120
1089
1051
1081
1082
1082
1116
1135
1116
1077
1124
1106
1067
1059
1088
1084
1053
1144
1157
1098
1109
1131
1083
1075
1046
1008
1026
1034
1084
1133
1129
1093
1070
1098
1090
1063
1030
1087
1164
1159
1122
1090
1097
1106
1089
1078
1052
1057
1122
1182
1144
1102
1143
1128
1102
1053
1057
1096
1151
1121
1097
1142
1158
1147
1104
1059
1095
1089
1091
1103
1093
1057
1093
1186
1204
1151
1124
1149
1134
1119
1082
1103
1095
1078
1037
1082
1091
1128
1133
1166
1148
1097
1104
1097
1081
1037
1072
1140
1127
1076
1120
1114
1117
1085
1103
1078
1074
1035
1142
1156
1137
1098
1140
1137
1105
1084
1117
1100
1061
1094
1160
1141
1087
1114
1122
1122
1089
1118
1104
1057
1047
1149
1144
1101
1107
1116
1099
1067
1104
1096
1080
1053
1140
1148
1118
1115
1136
1132
1079
1086
1085
1078
1061
1181
1175
1102
1135
1126
1101
1061
1095
1097
1075
1046
1109
1178
1143
1124
1151
1136
1080
1093
1109
1079
1119
1175
1167
1114
1151
1139
1128
1097
1139
1132
1096
1060
1148
1199
1146
1161
1166
1123
1112
1126
1116
1108
1162
1153
1109
1093
1126
1112
1079
1123
1167
1120
1147
1150
1122
1084
1106
1109
1106
1131
1139
1125
1089
1128
1119
1065
1114
1160
1139
1099
1147
1147
1096
1106
1102
1088
1106
1162
1158
1105
1137
1135
1092
1073
1124
1159
1123
1168
1155
1111
1147
1122
1071
1090
1131
1159
1129
1160
1159
1101
1130
1113
1064
1103
1155
1137
1121
1152
1134
1088
1131
1117
1067
1129
1142
1112
1070
1135
1152
1110
1098
1096
1095
1084
1172
1158
1204
1075
1054
1078
1087
1047
1086
1114
1098
1106
1146
1126
1077
995
1103
1082
1053
1067
1040
1036
1074
1095
1078
1056
1095
1101
1121
1112
1079
1058
1105
1160
1153
1105
1110
1146
1139
1117
1077
1077
1081
1095
1152
1119
1094
1130
1130
1121
1089
1058
1103
1147
1155
1121
1106
1152
1147
1148
1121
1068
1150
1153
1151
1135
1100
1147
1140
1131
1113
1063
1152
1160
1145
1144
1128
1073
1068
1132
1136
1134
1093
1079
1116
1120
1113
1118
1087
1138
1130
1136
1125
1075
1096
1116
1141
1143
1142
1124
1083
1112
1111
1114
1104
1074
1095
1150
1131
1125
1081
1081
1096
1121
1138
1119
1082
1109
1109
1099
1101
1095
1057
1124
1148
1141
