703
718
718
708
706
703
706
708
706
687
669
660
655
651
671
703
737
798
813
827
808
802
779
760
729
739
731
735
738
735
725
726
720
720
714
710
716
711
702
694
691
692
706
682
700
686
688
692
696
696
699
707
701
692
684
678
661
652
666
685
710
731
735
732
718
725
721
724
713
698
706
695
679
669
685
716
729
714
708
705
712
735
755
769
772
753
734
723
732
725
718
721
732
731
719
706
690
697
684
685
687
696
693
696
695
693
695
703
704
714
709
705
706
702
708
715
727
724
739
735
714
708
708
707
705
699
704
703
709
713
703
685
689
673
671
675
668
664
656
646
648
655
658
661
673
689
706
711
710
699
695
696
702
705
705
704
702
693
684
688
696
703
708
707
696
695
696
695
703
703
695
695
708
707
712
709
708
701
697
697
697
700
694
685
688
682
691
681
677
664
675
664
666
659
662
663
666
675
676
696
710
709
714
692
697
705
710
714
722
710
722
714
718
687
681
670
675
680
684
685
704
706
705
712
719
711
722
725
705
702
687
686
688
687
695
691
693
690
683
675
673
672
687
676
683
692
707
716
700
716
725
734
730
715
715
719
719
723
717
707
703
706
719
723
712
725
731
733
718
714
710
713
715
719
714
732
695
697
681
692
691
701
697
708
717
719
706
706
709
719
717
680
672
671
669
668
674
668
662
659
672
688
700
712
713
713
712
709
709
707
712
715
718
728
745
749
756
759
748
743
739
748
738
719
708
704
689
671
674
659
661
669
678
692
693
697
704
717
721
704
707
706
714
716
706
708
710
705
694
691
688
698
721
719
728
713
700
697
703
712
702
709
709
718
707
706
708
707
697
695
696
706
696
696
699
706
697
701
700
701
693
674
661
655
654
662
664
665
673
678
680
677
679
682
682
681
685
683
693
688
687
696
686
683
665
651
633
647
644
659
674
692
690
685
674
674
668
678
674
678
674
666
664
675
676
682
708
710
694
721
730
725
725
721
715
710
718
722
742
751
739
763
740
750
745
736
750
767
766
769
759
763
742
733
708
689
687
684
692
702
713
701
715
706
716
711
705
701
709
715
720
724
725
713
714
704
709
708
702
697
696
688
681
680
689
678
672
676
675
682
662
663
661
665
675
674
687
694
703
696
