738
719
741
775
768
739
740
764
798
771
724
746
756
759
723
723
750
760
740
739
777
791
775
775
779
782
751
760
768
767
753
724
742
757
726
709
722
737
707
711
721
741
717
706
712
721
700
689
710
709
701
711
725
737
721
733
736
741
709
715
721
736
718
699
720
738
741
722
726
743
763
729
709
725
739
725
716
747
796
812
763
777
806
806
756
750
759
783
775
742
766
791
759
731
749
766
772
741
741
762
777
743
725
748
747
740
719
737
746
755
719
713
735
749
717
696
706
722
717
695
699
719
742
708
710
724
738
720
716
738
759
725
728
729
739
704
705
714
728
712
713
722
742
724
714
731
741
723
700
719
726
737
720
747
766
783
748
756
766
764
730
718
734
743
726
697
712
736
743
706
703
723
745
721
699
715
731
736
718
718
742
775
749
761
797
800
759
731
731
748
745
719
736
762
805
771
758
787
796
749
733
752
761
740
716
723
728
733
699
698
713
739
715
710
728
748
726
719
737
740
719
707
721
731
702
700
710
722
704
687
714
730
751
736
738
768
793
760
737
755
771
754
726
759
805
810
772
732
752
765
754
728
737
791
846
816
802
860
884
809
769
781
791
776
745
787
833
820
765
756
784
799
767
764
799
821
774
761
786
805
774
787
807
819
779
783
798
824
795
778
789
810
763
736
762
816
842
760
743
773
787
751
721
738
768
770
726
736
761
783
750
731
751
760
742
735
758
770
747
724
732
731
736
705
706
708
718
699
692
702
708
717
697
703
716
723
713
708
731
749
729
715
734
745
722
720
742
755
728
706
721
733
745
726
705
735
760
739
702
716
723
739
704
697
710
726
738
710
705
715
731
729
707
709
731
731
711
710
718
738
726
711
739
746
727
719
728
753
740
729
758
769
744
743
764
774
751
727
746
761
748
722
719
751
764
714
701
718
748
719
700
720
744
757
721
725
743
757
729
728
760
774
749
753
776
788
756
747
764
783
746
754
790
814
780
748
768
779
748
724
729
757
782
745
725
740
760
728
706
717
728
701
695
712
719
699
690
707
712
696
696
699
705
697
683
695
704
697
681
688
694
697
679
685
694
703
707
689
703
717
728
709
699
717
729
718
718
732
746
749
724
726
731
753
721
712
719
727
737
720
726
755
776
757
725
749
765
765
739
735
758
763
