547.0
539.0
539.0
1102.0
555.0
547.0
523.0
547.0
523.0
531.0
539.0
539.0
477.0
602.0
523.0
523.0
555.0
555.0
531.0
555.0
539.0
555.0
562.0
539.0
531.0
539.0
531.0
539.0
539.0
555.0
570.0
562.0
539.0
398.0
719.0
547.0
562.0
547.0
555.0
539.0
562.0
539.0
570.0
539.0
547.0
562.0
555.0
539.0
578.0
547.0
539.0
539.0
508.0
602.0
523.0
547.0
555.0
547.0
562.0
570.0
547.0
570.0
547.0
539.0
547.0
555.0
570.0
547.0
531.0
539.0
555.0
555.0
555.0
570.0
570.0
555.0
562.0
570.0
453.0
656.0
562.0
547.0
531.0
555.0
539.0
547.0
547.0
562.0
539.0
555.0
547.0
562.0
547.0
562.0
539.0
477.0
602.0
516.0
555.0
531.0
562.0
562.0
547.0
555.0
539.0
539.0
555.0
539.0
562.0
539.0
523.0
523.0
539.0
539.0
555.0
523.0
500.0
367.0
773.0
555.0
562.0
531.0
531.0
539.0
531.0
516.0
531.0
539.0
531.0
555.0
516.0
570.0
539.0
531.0
531.0
547.0
391.0
688.0
539.0
531.0
531.0
531.0
531.0
547.0
547.0
539.0
539.0
555.0
539.0
555.0
531.0
555.0
539.0
531.0
531.0
523.0
562.0
547.0
539.0
539.0
547.0
430.0
367.0
852.0
539.0
570.0
539.0
539.0
531.0
539.0
523.0
562.0
539.0
562.0
562.0
547.0
555.0
555.0
422.0
656.0
531.0
562.0
531.0
523.0
555.0
539.0
531.0
555.0
531.0
547.0
531.0
547.0
547.0
539.0
