680.0
664.0
672.0
664.0
688.0
672.0
781.0
742.0
516.0
1047.0
414.0
953.0
648.0
648.0
664.0
664.0
641.0
680.0
672.0
672.0
648.0
500.0
789.0
555.0
656.0
578.0
570.0
6664.0
586.0
586.0
578.0
586.0
578.0
578.0
578.0
570.0
586.0
609.0
617.0
617.0
406.0
906.0
648.0
750.0
727.0
422.0
805.0
648.0
648.0
688.0
516.0
961.0
648.0
617.0
492.0
750.0
617.0
422.0
852.0
633.0
648.0
656.0
703.0
719.0
742.0
766.0
734.0
422.0
867.0
703.0
688.0
656.0
664.0
648.0
695.0
609.0
633.0
539.0
766.0
609.0
633.0
641.0
672.0
695.0
734.0
719.0
570.0
820.0
633.0
609.0
609.0
602.0
641.0
617.0
680.0
656.0
4586.0
602.0
594.0
578.0
570.0
586.0
570.0
586.0
602.0
602.0
430.0
773.0
578.0
414.0
672.0
586.0
570.0
578.0
586.0
570.0
586.0
586.0
617.0
414.0
844.0
617.0
617.0
609.0
625.0
625.0
664.0
641.0
648.0
594.0
688.0
625.0
602.0
594.0
602.0
602.0
609.0
617.0
633.0
406.0
891.0
594.0
664.0
609.0
609.0
625.0
625.0
609.0
469.0
750.0
625.0
555.0
617.0
602.0
625.0
625.0
641.0
656.0
656.0
656.0
641.0
633.0
617.0
625.0
641.0
469.0
797.0
602.0
492.0
742.0
594.0
609.0
609.0
633.0
664.0
680.0
711.0
680.0
695.0
695.0
680.0
672.0
656.0
656.0
609.0
461.0
797.0
609.0
484.0
727.0
594.0
586.0
586.0
594.0
586.0
617.0
617.0
625.0
625.0
648.0
641.0
617.0
430.0
805.0
492.0
695.0
586.0
586.0
430.0
797.0
594.0
586.0
594.0
586.0
586.0
609.0
625.0
609.0
602.0
422.0
812.0
594.0
602.0
594.0
602.0
602.0
617.0
609.0
609.0
539.0
414.0
859.0
586.0
367.0
688.0
562.0
555.0
562.0
570.0
578.0
570.0
719.0
477.0
828.0
602.0
594.0
586.0
422.0
742.0
562.0
578.0
594.0
406.0
844.0
602.0
609.0
594.0
445.0
758.0
578.0
633.0
523.0
750.0
602.0
445.0
836.0
562.0
594.0
586.0
609.0
617.0
641.0
656.0
672.0
664.0
664.0
656.0
641.0
625.0
602.0
609.0
391.0
461.0
930.0
570.0
562.0
562.0
578.0
422.0
469.0
484.0
406.0
539.0
539.0
562.0
547.0
562.0
570.0
586.0
406.0
820.0
578.0
602.0
594.0
602.0
602.0
594.0
547.0
641.0
586.0
383.0
641.0
641.0
4531.0
586.0
414.0
570.0
672.0
570.0
555.0
539.0
547.0
531.0
531.0
531.0
523.0
523.0
523.0
523.0
516.0
523.0
516.0
516.0
523.0
523.0
508.0
531.0
508.0
523.0
516.0
516.0
516.0
516.0
500.0
523.0
500.0
516.0
469.0
547.0
500.0
500.0
508.0
508.0
500.0
500.0
500.0
492.0
500.0
500.0
492.0
500.0
500.0
492.0
508.0
492.0
500.0
500.0
508.0
484.0
500.0
484.0
492.0
492.0
492.0
492.0
492.0
484.0
500.0
492.0
492.0
500.0
492.0
500.0
508.0
500.0
508.0
516.0
508.0
508.0
508.0
508.0
539.0
492.0
516.0
523.0
508.0
508.0
523.0
508.0
391.0
648.0
508.0
523.0
508.0
516.0
492.0
547.0
508.0
438.0
609.0
523.0
516.0
508.0
438.0
453.0
648.0
500.0
516.0
500.0
516.0
516.0
523.0
531.0
547.0
539.0
539.0
555.0
539.0
547.0
539.0
547.0
555.0
547.0
547.0
391.0
656.0
531.0
523.0
531.0
492.0
562.0
531.0
523.0
539.0
539.0
547.0
539.0
531.0
539.0
523.0
531.0
523.0
531.0
516.0
531.0
523.0
531.0
539.0
531.0
523.0
555.0
555.0
562.0
562.0
430.0
703.0
484.0
617.0
547.0
375.0
711.0
531.0
555.0
562.0
578.0
594.0
609.0
391.0
914.0
547.0
750.0
625.0
641.0
633.0
383.0
914.0
586.0
664.0
602.0
609.0
609.0
633.0
641.0
508.0
812.0
484.0
742.0
586.0
594.0
586.0
578.0
594.0
453.0
734.0
570.0
430.0
766.0
555.0
562.0
555.0
562.0
562.0
586.0
633.0
422.0
469.0
492.0
609.0
461.0
773.0
570.0
562.0
562.0
570.0
562.0
578.0
570.0
578.0
453.0
695.0
547.0
500.0
609.0
539.0
547.0
547.0
555.0
570.0
570.0
562.0
562.0
555.0
570.0
562.0
570.0
594.0
602.0
586.0
625.0
539.0
391.0
734.0
539.0
539.0
453.0
641.0
531.0
453.0
625.0
531.0
555.0
570.0
578.0
570.0
570.0
570.0
594.0
578.0
578.0
578.0
469.0
594.0
648.0
539.0
539.0
531.0
531.0
516.0
539.0
516.0
531.0
523.0
523.0
531.0
523.0
531.0
586.0
492.0
539.0
508.0
508.0
594.0
531.0
523.0
523.0
516.0
523.0
516.0
523.0
516.0
516.0
516.0
516.0
516.0
508.0
438.0
453.0
648.0
500.0
516.0
508.0
516.0
508.0
516.0
516.0
523.0
539.0
539.0
555.0
516.0
641.0
516.0
586.0
531.0
523.0
531.0
531.0
531.0
523.0
531.0
531.0
531.0
531.0
523.0
523.0
414.0
633.0
414.0
625.0
508.0
523.0
508.0
516.0
422.0
617.0
516.0
523.0
484.0
570.0
516.0
531.0
523.0
531.0
422.0
648.0
523.0
430.0
625.0
508.0
531.0
508.0
523.0
508.0
516.0
508.0
523.0
523.0
516.0
523.0
523.0
516.0
531.0
523.0
531.0
578.0
477.0
523.0
516.0
531.0
516.0
531.0
508.0
523.0
391.0
664.0
508.0
516.0
508.0
523.0
523.0
508.0
531.0
523.0
516.0
523.0
516.0
414.0
617.0
508.0
516.0
523.0
453.0
570.0
500.0
516.0
508.0
469.0
422.0
602.0
492.0
516.0
508.0
430.0
445.0
609.0
516.0
523.0
516.0
383.0
625.0
555.0
508.0
406.0
625.0
500.0
383.0
641.0
469.0
555.0
516.0
508.0
508.0
516.0
500.0
523.0
516.0
523.0
516.0
531.0
375.0
672.0
508.0
516.0
500.0
500.0
508.0
484.0
500.0
492.0
500.0
508.0
406.0
609.0
508.0
531.0
492.0
500.0
500.0
508.0
500.0
500.0
492.0
500.0
492.0
492.0
492.0
500.0
492.0
500.0
500.0
492.0
500.0
359.0
461.0
320.0
781.0
484.0
492.0
477.0
422.0
555.0
477.0
484.0
484.0
477.0
484.0
492.0
492.0
500.0
492.0
508.0
500.0
508.0
516.0
469.0
555.0
508.0
508.0
508.0
500.0
508.0
500.0
500.0
500.0
508.0
508.0
508.0
500.0
406.0
609.0
484.0
508.0
500.0
500.0
500.0
508.0
492.0
492.0
492.0
492.0
492.0
500.0
500.0
508.0
500.0
508.0
508.0
500.0
500.0
508.0
453.0
539.0
492.0
484.0
500.0
484.0
484.0
484.0
383.0
562.0
484.0
484.0
484.0
484.0
422.0
398.0
625.0
391.0
555.0
398.0
531.0
469.0
477.0
477.0
477.0
484.0
477.0
477.0
484.0
484.0
484.0
484.0
492.0
500.0
492.0
539.0
445.0
492.0
500.0
484.0
492.0
492.0
484.0
500.0
430.0
375.0
695.0
484.0
500.0
492.0
492.0
359.0
508.0
586.0
484.0
492.0
375.0
625.0
523.0
445.0
633.0
523.0
531.0
516.0
539.0
531.0
414.0
438.0
727.0
484.0
562.0
516.0
523.0
523.0
539.0
570.0
578.0
578.0
609.0
414.0
789.0
430.0
711.0
547.0
352.0
766.0
531.0
555.0
555.0
570.0
438.0
680.0
430.0
656.0
523.0
523.0
508.0
523.0
508.0
516.0
516.0
406.0
633.0
508.0
516.0
508.0
516.0
500.0
500.0
508.0
492.0
500.0
508.0
500.0
500.0
500.0
516.0
508.0
422.0
633.0
516.0
523.0
523.0
531.0
516.0
531.0
523.0
516.0
492.0
547.0
523.0
523.0
523.0
539.0
547.0
391.0
766.0
422.0
688.0
531.0
531.0
539.0
531.0
547.0
539.0
562.0
570.0
570.0
367.0
742.0
516.0
570.0
461.0
602.0
523.0
531.0
539.0
555.0
539.0
547.0
547.0
539.0
539.0
547.0
539.0
547.0
531.0
531.0
539.0
531.0
