602.0
602.0
609.0
602.0
602.0
594.0
641.0
570.0
602.0
602.0
602.0
602.0
602.0
594.0
602.0
602.0
594.0
602.0
586.0
609.0
602.0
602.0
594.0
602.0
602.0
594.0
602.0
594.0
602.0
594.0
594.0
594.0
594.0
594.0
602.0
602.0
594.0
602.0
602.0
602.0
602.0
602.0
602.0
602.0
609.0
602.0
602.0
602.0
602.0
609.0
609.0
617.0
617.0
625.0
609.0
617.0
617.0
617.0
625.0
617.0
609.0
617.0
625.0
609.0
617.0
617.0
617.0
609.0
609.0
609.0
617.0
617.0
617.0
617.0
617.0
609.0
609.0
609.0
617.0
617.0
609.0
617.0
609.0
617.0
609.0
617.0
609.0
617.0
602.0
625.0
609.0
609.0
609.0
617.0
617.0
594.0
609.0
609.0
609.0
609.0
602.0
602.0
594.0
602.0
594.0
602.0
609.0
594.0
617.0
602.0
4914.0
625.0
617.0
609.0
617.0
617.0
609.0
4867.0
609.0
609.0
617.0
609.0
617.0
617.0
617.0
625.0
617.0
625.0
617.0
625.0
625.0
617.0
625.0
617.0
617.0
609.0
609.0
617.0
617.0
609.0
609.0
602.0
609.0
609.0
609.0
602.0
609.0
617.0
617.0
617.0
625.0
617.0
625.0
625.0
625.0
617.0
617.0
617.0
625.0
609.0
609.0
609.0
609.0
617.0
617.0
617.0
594.0
602.0
594.0
609.0
602.0
602.0
617.0
609.0
609.0
617.0
617.0
609.0
617.0
617.0
609.0
609.0
625.0
609.0
633.0
617.0
625.0
625.0
617.0
625.0
617.0
625.0
625.0
633.0
625.0
633.0
617.0
625.0
617.0
625.0
625.0
617.0
609.0
617.0
617.0
609.0
602.0
602.0
617.0
602.0
602.0
602.0
594.0
586.0
602.0
594.0
602.0
594.0
594.0
594.0
594.0
594.0
594.0
594.0
594.0
586.0
602.0
602.0
586.0
609.0
602.0
609.0
602.0
617.0
625.0
641.0
633.0
641.0
641.0
648.0
656.0
672.0
672.0
672.0
688.0
680.0
688.0
688.0
695.0
695.0
703.0
703.0
703.0
711.0
703.0
695.0
695.0
703.0
695.0
695.0
695.0
688.0
695.0
695.0
695.0
672.0
672.0
664.0
656.0
648.0
648.0
656.0
641.0
641.0
641.0
641.0
633.0
625.0
625.0
641.0
609.0
617.0
617.0
633.0
609.0
609.0
625.0
617.0
609.0
609.0
609.0
617.0
617.0
602.0
617.0
609.0
617.0
617.0
625.0
625.0
602.0
633.0
625.0
633.0
625.0
633.0
648.0
648.0
641.0
664.0
680.0
680.0
664.0
680.0
680.0
688.0
672.0
688.0
688.0
695.0
695.0
719.0
695.0
602.0
805.0
703.0
734.0
727.0
742.0
727.0
727.0
719.0
719.0
711.0
711.0
688.0
695.0
680.0
664.0
664.0
664.0
641.0
656.0
648.0
641.0
641.0
641.0
617.0
633.0
633.0
625.0
625.0
617.0
625.0
617.0
617.0
609.0
617.0
625.0
609.0
625.0
617.0
625.0
617.0
617.0
617.0
625.0
617.0
617.0
633.0
625.0
633.0
633.0
633.0
656.0
664.0
680.0
672.0
688.0
711.0
711.0
711.0
742.0
758.0
750.0
742.0
766.0
742.0
742.0
742.0
742.0
734.0
734.0
742.0
742.0
758.0
742.0
742.0
734.0
734.0
727.0
711.0
703.0
688.0
703.0
688.0
680.0
695.0
680.0
672.0
680.0
672.0
672.0
664.0
664.0
664.0
656.0
664.0
648.0
656.0
648.0
648.0
641.0
641.0
648.0
633.0
633.0
641.0
633.0
641.0
633.0
633.0
648.0
633.0
641.0
641.0
648.0
641.0
648.0
648.0
648.0
664.0
672.0
656.0
688.0
672.0
695.0
680.0
703.0
695.0
711.0
703.0
719.0
703.0
695.0
695.0
695.0
711.0
703.0
688.0
711.0
727.0
727.0
750.0
758.0
766.0
766.0
750.0
750.0
758.0
734.0
734.0
734.0
719.0
719.0
727.0
727.0
727.0
711.0
711.0
719.0
695.0
703.0
688.0
688.0
688.0
672.0
688.0
688.0
672.0
680.0
664.0
672.0
664.0
664.0
664.0
664.0
656.0
656.0
648.0
656.0
656.0
664.0
648.0
656.0
648.0
648.0
648.0
648.0
648.0
648.0
648.0
633.0
648.0
656.0
641.0
648.0
648.0
648.0
656.0
648.0
656.0
648.0
656.0
656.0
664.0
672.0
656.0
672.0
656.0
672.0
672.0
664.0
672.0
672.0
680.0
680.0
680.0
672.0
680.0
680.0
664.0
680.0
664.0
672.0
656.0
664.0
664.0
672.0
688.0
672.0
664.0
672.0
656.0
648.0
656.0
656.0
648.0
641.0
648.0
641.0
633.0
641.0
641.0
648.0
641.0
648.0
641.0
625.0
648.0
641.0
641.0
633.0
633.0
641.0
641.0
648.0
641.0
648.0
648.0
648.0
641.0
648.0
641.0
641.0
633.0
641.0
641.0
633.0
625.0
648.0
633.0
656.0
648.0
664.0
648.0
648.0
648.0
648.0
648.0
641.0
641.0
648.0
633.0
641.0
641.0
633.0
633.0
633.0
625.0
633.0
625.0
625.0
594.0
648.0
625.0
617.0
617.0
688.0
562.0
625.0
617.0
617.0
609.0
617.0
617.0
609.0
617.0
609.0
609.0
602.0
609.0
609.0
609.0
594.0
602.0
602.0
602.0
602.0
594.0
594.0
594.0
602.0
602.0
602.0
586.0
602.0
586.0
609.0
594.0
594.0
586.0
602.0
594.0
594.0
594.0
602.0
594.0
594.0
594.0
594.0
602.0
602.0
594.0
594.0
602.0
594.0
594.0
594.0
602.0
602.0
594.0
594.0
594.0
586.0
609.0
594.0
602.0
594.0
594.0
594.0
602.0
609.0
594.0
602.0
594.0
594.0
594.0
602.0
609.0
594.0
602.0
602.0
609.0
602.0
617.0
609.0
609.0
609.0
609.0
609.0
609.0
602.0
609.0
602.0
602.0
609.0
602.0
602.0
602.0
609.0
609.0
609.0
609.0
609.0
617.0
602.0
602.0
609.0
609.0
617.0
625.0
609.0
617.0
609.0
617.0
609.0
617.0
617.0
617.0
617.0
609.0
617.0
609.0
609.0
609.0
625.0
609.0
609.0
609.0
609.0
617.0
609.0
602.0
602.0
609.0
609.0
594.0
602.0
602.0
609.0
602.0
617.0
594.0
602.0
609.0
602.0
602.0
602.0
586.0
602.0
602.0
602.0
594.0
625.0
602.0
609.0
602.0
602.0
609.0
617.0
602.0
609.0
609.0
617.0
609.0
609.0
617.0
617.0
617.0
625.0
609.0
609.0
625.0
609.0
625.0
617.0
609.0
617.0
617.0
609.0
625.0
625.0
617.0
641.0
625.0
625.0
633.0
617.0
633.0
633.0
633.0
633.0
625.0
633.0
633.0
625.0
633.0
625.0
625.0
625.0
633.0
625.0
625.0
625.0
633.0
633.0
633.0
633.0
633.0
633.0
648.0
648.0
641.0
648.0
648.0
648.0
648.0
633.0
641.0
648.0
641.0
641.0
641.0
648.0
648.0
648.0
633.0
648.0
633.0
641.0
633.0
641.0
633.0
633.0
641.0
633.0
633.0
633.0
633.0
633.0
633.0
625.0
633.0
625.0
625.0
617.0
625.0
625.0
617.0
625.0
602.0
625.0
609.0
617.0
609.0
617.0
609.0
602.0
609.0
609.0
609.0
602.0
609.0
602.0
594.0
602.0
617.0
594.0
602.0
617.0
609.0
602.0
617.0
602.0
609.0
617.0
625.0
625.0
617.0
633.0
641.0
633.0
648.0
641.0
664.0
656.0
656.0
672.0
664.0
680.0
680.0
672.0
680.0
688.0
688.0
680.0
664.0
672.0
672.0
664.0
664.0
672.0
672.0
672.0
672.0
672.0
672.0
680.0
680.0
672.0
672.0
664.0
672.0
672.0
648.0
664.0
656.0
648.0
633.0
648.0
641.0
633.0
633.0
703.0
547.0
641.0
617.0
617.0
617.0
609.0
625.0
602.0
609.0
602.0
609.0
602.0
594.0
609.0
602.0
609.0
609.0
609.0
602.0
609.0
602.0
617.0
609.0
609.0
609.0
609.0
617.0
609.0
609.0
609.0
617.0
617.0
617.0
617.0
625.0
625.0
633.0
625.0
625.0
633.0
633.0
633.0
641.0
648.0
648.0
656.0
664.0
656.0
664.0
664.0
672.0
680.0
672.0
680.0
672.0
688.0
680.0
688.0
688.0
703.0
688.0
680.0
680.0
672.0
664.0
