867.0
656.0
648.0
1938.0
641.0
633.0
617.0
656.0
625.0
625.0
641.0
625.0
1234.0
1125.0
734.0
602.0
1242.0
625.0
7570.0
641.0
625.0
1242.0
633.0
625.0
617.0
609.0
633.0
617.0
633.0
625.0
633.0
633.0
625.0
633.0
1273.0
648.0
648.0
648.0
664.0
664.0
672.0
656.0
664.0
672.0
648.0
641.0
680.0
656.0
648.0
656.0
648.0
656.0
664.0
656.0
648.0
648.0
656.0
641.0
648.0
648.0
641.0
648.0
648.0
633.0
648.0
641.0
641.0
648.0
641.0
648.0
648.0
656.0
648.0
648.0
648.0
648.0
648.0
648.0
609.0
1930.0
641.0
1305.0
633.0
641.0
625.0
641.0
656.0
656.0
680.0
641.0
703.0
688.0
680.0
680.0
680.0
688.0
680.0
672.0
672.0
672.0
672.0
672.0
656.0
664.0
672.0
656.0
664.0
664.0
672.0
656.0
672.0
672.0
672.0
680.0
664.0
688.0
672.0
680.0
680.0
688.0
664.0
656.0
664.0
672.0
656.0
680.0
664.0
664.0
664.0
672.0
680.0
672.0
641.0
672.0
703.0
672.0
656.0
648.0
672.0
664.0
664.0
656.0
664.0
672.0
680.0
688.0
680.0
688.0
688.0
688.0
695.0
695.0
695.0
680.0
680.0
680.0
680.0
688.0
695.0
688.0
695.0
695.0
688.0
703.0
695.0
703.0
703.0
688.0
695.0
711.0
695.0
703.0
703.0
695.0
695.0
695.0
688.0
680.0
688.0
672.0
680.0
664.0
672.0
672.0
672.0
664.0
672.0
664.0
664.0
664.0
672.0
688.0
672.0
680.0
672.0
656.0
672.0
672.0
664.0
664.0
664.0
672.0
672.0
688.0
680.0
688.0
695.0
688.0
711.0
711.0
727.0
734.0
734.0
719.0
727.0
734.0
750.0
734.0
742.0
727.0
727.0
734.0
734.0
719.0
734.0
711.0
711.0
695.0
695.0
695.0
664.0
688.0
672.0
680.0
664.0
672.0
695.0
680.0
695.0
688.0
688.0
688.0
688.0
695.0
695.0
680.0
680.0
664.0
680.0
672.0
688.0
703.0
672.0
672.0
672.0
672.0
688.0
664.0
672.0
680.0
688.0
695.0
695.0
703.0
695.0
695.0
711.0
719.0
719.0
727.0
711.0
727.0
727.0
719.0
727.0
734.0
703.0
734.0
719.0
734.0
734.0
734.0
719.0
727.0
734.0
727.0
734.0
727.0
727.0
719.0
719.0
734.0
727.0
711.0
727.0
711.0
719.0
711.0
711.0
703.0
703.0
727.0
703.0
703.0
711.0
703.0
711.0
711.0
695.0
703.0
711.0
703.0
711.0
703.0
703.0
703.0
711.0
703.0
703.0
688.0
703.0
703.0
695.0
703.0
688.0
703.0
695.0
703.0
703.0
695.0
703.0
711.0
711.0
711.0
703.0
703.0
719.0
711.0
719.0
719.0
703.0
711.0
711.0
719.0
711.0
695.0
695.0
711.0
695.0
703.0
703.0
695.0
703.0
703.0
703.0
703.0
688.0
695.0
703.0
703.0
703.0
688.0
695.0
711.0
703.0
711.0
703.0
703.0
719.0
703.0
711.0
695.0
703.0
711.0
703.0
711.0
703.0
688.0
695.0
711.0
695.0
695.0
703.0
695.0
711.0
695.0
703.0
703.0
711.0
695.0
719.0
711.0
695.0
719.0
711.0
719.0
711.0
703.0
711.0
711.0
734.0
711.0
719.0
711.0
711.0
727.0
719.0
727.0
719.0
711.0
742.0
719.0
727.0
711.0
719.0
719.0
719.0
711.0
703.0
703.0
719.0
703.0
711.0
695.0
703.0
695.0
711.0
695.0
703.0
695.0
711.0
695.0
703.0
688.0
695.0
695.0
688.0
703.0
680.0
695.0
672.0
680.0
703.0
680.0
688.0
695.0
695.0
688.0
695.0
688.0
680.0
688.0
680.0
703.0
688.0
703.0
695.0
688.0
711.0
703.0
719.0
703.0
711.0
711.0
719.0
719.0
734.0
727.0
734.0
734.0
727.0
734.0
719.0
719.0
742.0
711.0
719.0
719.0
719.0
711.0
719.0
680.0
758.0
867.0
914.0
836.0
820.0
797.0
773.0
766.0
734.0
711.0
711.0
719.0
711.0
703.0
703.0
688.0
703.0
703.0
711.0
703.0
711.0
695.0
695.0
703.0
711.0
703.0
711.0
711.0
695.0
711.0
703.0
711.0
703.0
703.0
703.0
703.0
695.0
703.0
695.0
570.0
844.0
688.0
695.0
719.0
742.0
781.0
789.0
797.0
773.0
773.0
766.0
742.0
742.0
758.0
742.0
742.0
727.0
742.0
727.0
742.0
727.0
742.0
711.0
727.0
719.0
719.0
703.0
703.0
680.0
711.0
695.0
703.0
703.0
695.0
688.0
711.0
703.0
695.0
703.0
703.0
680.0
711.0
711.0
711.0
719.0
711.0
703.0
719.0
719.0
719.0
727.0
719.0
719.0
719.0
727.0
711.0
727.0
719.0
719.0
719.0
703.0
727.0
711.0
727.0
727.0
727.0
734.0
719.0
711.0
719.0
734.0
711.0
711.0
719.0
711.0
719.0
719.0
711.0
719.0
703.0
727.0
711.0
711.0
711.0
695.0
742.0
742.0
766.0
773.0
797.0
766.0
2242.0
711.0
742.0
711.0
2109.0
695.0
711.0
695.0
695.0
688.0
695.0
688.0
672.0
688.0
672.0
656.0
656.0
664.0
648.0
664.0
656.0
664.0
664.0
648.0
688.0
680.0
688.0
688.0
695.0
695.0
703.0
711.0
711.0
711.0
727.0
703.0
711.0
727.0
711.0
719.0
719.0
711.0
711.0
711.0
719.0
711.0
719.0
734.0
750.0
758.0
789.0
742.0
773.0
805.0
773.0
781.0
742.0
758.0
742.0
742.0
820.0
844.0
828.0
812.0
820.0
789.0
766.0
766.0
742.0
742.0
734.0
727.0
781.0
906.0
922.0
875.0
836.0
852.0
836.0
828.0
836.0
805.0
781.0
766.0
750.0
766.0
742.0
727.0
727.0
719.0
719.0
703.0
703.0
695.0
688.0
695.0
672.0
711.0
695.0
711.0
695.0
695.0
695.0
688.0
703.0
703.0
695.0
695.0
695.0
688.0
680.0
695.0
695.0
695.0
703.0
703.0
680.0
688.0
695.0
695.0
680.0
664.0
703.0
680.0
688.0
688.0
680.0
688.0
672.0
672.0
688.0
672.0
641.0
703.0
648.0
672.0
664.0
672.0
664.0
656.0
695.0
1359.0
680.0
672.0
664.0
1320.0
656.0
648.0
641.0
1297.0
641.0
3188.0
625.0
633.0
625.0
625.0
1250.0
1219.0
641.0
625.0
1836.0
609.0
1227.0
1812.0
1188.0
516.0
6594.0
578.0
594.0
586.0
594.0
586.0
1164.0
586.0
1539.0
1352.0
3500.0
1172.0
586.0
578.0
570.0
586.0
586.0
578.0
586.0
578.0
578.0
586.0
4602.0
531.0
602.0
570.0
578.0
570.0
594.0
1180.0
641.0
617.0
617.0
617.0
625.0
617.0
625.0
633.0
625.0
633.0
617.0
617.0
633.0
609.0
625.0
609.0
617.0
625.0
1234.0
625.0
602.0
609.0
2992.0
609.0
602.0
602.0
602.0
602.0
602.0
602.0
12641.0
602.0
594.0
602.0
586.0
602.0
578.0
602.0
1188.0
1156.0
633.0
602.0
617.0
641.0
641.0
648.0
641.0
656.0
664.0
664.0
648.0
656.0
641.0
1281.0
633.0
625.0
625.0
641.0
625.0
625.0
617.0
617.0
617.0
3711.0
641.0
641.0
641.0
625.0
641.0
648.0
617.0
641.0
641.0
633.0
633.0
641.0
625.0
1266.0
641.0
641.0
641.0
656.0
641.0
672.0
648.0
664.0
648.0
656.0
672.0
664.0
664.0
672.0
648.0
656.0
656.0
648.0
656.0
648.0
648.0
656.0
641.0
625.0
664.0
641.0
625.0
641.0
633.0
656.0
656.0
664.0
656.0
664.0
672.0
664.0
664.0
656.0
648.0
680.0
664.0
625.0
664.0
648.0
641.0
656.0
641.0
641.0
641.0
625.0
672.0
633.0
648.0
633.0
656.0
648.0
656.0
641.0
656.0
656.0
648.0
641.0
648.0
656.0
641.0
641.0
633.0
648.0
641.0
641.0
641.0
648.0
625.0
648.0
648.0
641.0
648.0
625.0
648.0
648.0
641.0
641.0
656.0
641.0
641.0
648.0
648.0
641.0
641.0
648.0
641.0
1273.0
1914.0
625.0
641.0
633.0
648.0
641.0
656.0
664.0
672.0
672.0
648.0
680.0
648.0
672.0
664.0
656.0
664.0
656.0
656.0
656.0
664.0
641.0
