734.0
742.0
750.0
758.0
758.0
773.0
516.0
1070.0
781.0
773.0
758.0
773.0
773.0
781.0
773.0
516.0
1031.0
781.0
633.0
883.0
750.0
758.0
766.0
758.0
750.0
750.0
750.0
742.0
727.0
734.0
727.0
734.0
727.0
727.0
727.0
734.0
727.0
477.0
578.0
500.0
648.0
719.0
727.0
703.0
719.0
719.0
711.0
727.0
15156.0
695.0
703.0
2125.0
680.0
727.0
594.0
812.0
695.0
703.0
680.0
445.0
938.0
672.0
688.0
594.0
766.0
531.0
1352.0
820.0
664.0
680.0
680.0
688.0
688.0
695.0
695.0
695.0
695.0
461.0
945.0
695.0
695.0
1422.0
734.0
742.0
734.0
734.0
750.0
750.0
734.0
727.0
719.0
742.0
727.0
750.0
734.0
734.0
750.0
750.0
750.0
742.0
742.0
750.0
734.0
781.0
758.0
500.0
617.0
477.0
727.0
750.0
766.0
773.0
797.0
781.0
789.0
797.0
797.0
781.0
789.0
789.0
797.0
797.0
773.0
789.0
797.0
781.0
781.0
15867.0
633.0
641.0
648.0
648.0
672.0
664.0
664.0
672.0
680.0
664.0
656.0
688.0
664.0
664.0
672.0
664.0
656.0
648.0
656.0
648.0
648.0
656.0
625.0
617.0
633.0
633.0
6172.0
617.0
602.0
609.0
617.0
625.0
617.0
617.0
625.0
633.0
633.0
625.0
641.0
633.0
633.0
633.0
641.0
633.0
641.0
656.0
648.0
648.0
648.0
656.0
672.0
656.0
664.0
656.0
664.0
656.0
656.0
656.0
656.0
672.0
648.0
672.0
656.0
664.0
672.0
664.0
664.0
664.0
664.0
664.0
672.0
664.0
672.0
664.0
664.0
664.0
656.0
648.0
656.0
648.0
641.0
648.0
641.0
648.0
641.0
648.0
633.0
633.0
633.0
633.0
641.0
633.0
633.0
633.0
617.0
633.0
625.0
633.0
641.0
641.0
648.0
648.0
656.0
648.0
672.0
672.0
680.0
695.0
672.0
688.0
672.0
688.0
695.0
680.0
688.0
695.0
664.0
680.0
1328.0
656.0
664.0
656.0
656.0
656.0
656.0
656.0
648.0
656.0
656.0
648.0
656.0
648.0
656.0
648.0
648.0
648.0
508.0
438.0
438.0
562.0
617.0
617.0
617.0
625.0
617.0
617.0
633.0
16570.0
656.0
547.0
547.0
539.0
547.0
539.0
555.0
547.0
539.0
547.0
539.0
547.0
555.0
562.0
555.0
555.0
555.0
555.0
562.0
562.0
555.0
562.0
555.0
562.0
555.0
562.0
562.0
555.0
547.0
547.0
555.0
555.0
555.0
539.0
531.0
7578.0
547.0
547.0
539.0
539.0
539.0
406.0
688.0
547.0
547.0
539.0
555.0
539.0
547.0
547.0
539.0
547.0
539.0
547.0
547.0
547.0
555.0
562.0
555.0
555.0
562.0
562.0
555.0
555.0
562.0
555.0
1672.0
562.0
570.0
562.0
578.0
555.0
586.0
578.0
570.0
586.0
562.0
578.0
570.0
570.0
562.0
570.0
570.0
570.0
578.0
578.0
594.0
570.0
586.0
594.0
586.0
586.0
602.0
578.0
594.0
586.0
586.0
586.0
578.0
586.0
586.0
602.0
391.0
805.0
578.0
602.0
594.0
578.0
586.0
586.0
586.0
445.0
734.0
586.0
594.0
586.0
100789.0
500.0
484.0
492.0
484.0
484.0
500.0
492.0
492.0
492.0
112336.0
430.0
422.0
438.0
469.0
398.0
430.0
430.0
430.0
422.0
430.0
438.0
438.0
422.0
430.0
438.0
422.0
438.0
438.0
430.0
469.0
63406.0
9719.0
7273.0
781.0
131375.0
13234.0
25219.0
469.0
453.0
453.0
477.0
469.0
484.0
469.0
484.0
453.0
414.0
523.0
469.0
477.0
484.0
477.0
461.0
469.0
430.0
531.0
477.0
484.0
484.0
461.0
453.0
516.0
484.0
484.0
484.0
492.0
469.0
484.0
492.0
500.0
492.0
492.0
500.0
492.0
430.0
562.0
492.0
430.0
578.0
391.0
609.0
398.0
13977.0
1750.0
4609.0
492.0
7234.0
55211.0
469.0
469.0
469.0
477.0
477.0
492.0
555.0
422.0
484.0
484.0
484.0
492.0
477.0
492.0
492.0
492.0
508.0
484.0
492.0
492.0
500.0
492.0
562.0
438.0
484.0
367.0
422.0
398.0
820.0
500.0
500.0
3484.0
2547.0
35828.0
19594.0
22383.0
14094.0
469.0
1141.0
539.0
539.0
539.0
539.0
547.0
523.0
547.0
531.0
40594.0
555.0
531.0
539.0
539.0
547.0
555.0
547.0
539.0
539.0
555.0
508.0
578.0
547.0
547.0
531.0
547.0
547.0
547.0
547.0
555.0
547.0
555.0
1648.0
1656.0
555.0
562.0
555.0
547.0
45398.0
578.0
578.0
578.0
586.0
578.0
648.0
523.0
578.0
578.0
586.0
586.0
586.0
594.0
586.0
602.0
594.0
1789.0
594.0
602.0
602.0
602.0
609.0
602.0
609.0
602.0
609.0
602.0
602.0
2398.0
578.0
586.0
578.0
586.0
586.0
586.0
586.0
594.0
586.0
594.0
602.0
617.0
625.0
594.0
617.0
602.0
609.0
602.0
617.0
617.0
625.0
602.0
633.0
633.0
609.0
625.0
2469.0
617.0
617.0
625.0
625.0
633.0
641.0
617.0
609.0
617.0
617.0
633.0
625.0
617.0
625.0
594.0
633.0
469.0
1984.0
617.0
594.0
602.0
602.0
594.0
609.0
602.0
3078.0
3078.0
609.0
680.0
609.0
633.0
641.0
633.0
625.0
641.0
641.0
625.0
609.0
633.0
625.0
617.0
641.0
641.0
633.0
625.0
625.0
633.0
633.0
625.0
625.0
625.0
625.0
609.0
617.0
609.0
453.0
805.0
594.0
2438.0
625.0
617.0
617.0
625.0
3125.0
625.0
633.0
633.0
648.0
648.0
656.0
3203.0
648.0
641.0
641.0
641.0
633.0
4578.0
414.0
461.0
453.0
648.0
648.0
648.0
656.0
664.0
648.0
656.0
656.0
641.0
2617.0
656.0
641.0
633.0
633.0
633.0
625.0
2500.0
633.0
3789.0
617.0
625.0
602.0
641.0
617.0
625.0
633.0
625.0
641.0
3867.0
641.0
648.0
648.0
664.0
648.0
648.0
648.0
664.0
516.0
812.0
672.0
656.0
680.0
664.0
664.0
672.0
672.0
6031.0
664.0
672.0
680.0
688.0
680.0
680.0
680.0
688.0
672.0
672.0
656.0
664.0
664.0
672.0
688.0
703.0
695.0
688.0
695.0
719.0
719.0
734.0
711.0
695.0
695.0
719.0
703.0
719.0
688.0
680.0
688.0
586.0
812.0
695.0
680.0
680.0
680.0
680.0
672.0
680.0
672.0
664.0
672.0
680.0
672.0
422.0
945.0
672.0
680.0
664.0
680.0
672.0
680.0
672.0
664.0
664.0
680.0
695.0
648.0
2758.0
727.0
695.0
711.0
695.0
695.0
703.0
711.0
703.0
711.0
695.0
672.0
688.0
688.0
688.0
703.0
703.0
1414.0
711.0
688.0
695.0
695.0
703.0
2789.0
695.0
688.0
680.0
695.0
656.0
680.0
664.0
664.0
664.0
7859.0
656.0
664.0
648.0
656.0
648.0
656.0
664.0
664.0
656.0
641.0
664.0
656.0
656.0
680.0
688.0
695.0
695.0
680.0
688.0
695.0
711.0
688.0
688.0
695.0
719.0
695.0
695.0
711.0
711.0
727.0
734.0
680.0
680.0
695.0
680.0
688.0
703.0
711.0
695.0
711.0
719.0
719.0
711.0
688.0
586.0
805.0
469.0
922.0
688.0
695.0
672.0
672.0
688.0
695.0
695.0
703.0
703.0
711.0
719.0
711.0
719.0
711.0
703.0
688.0
695.0
695.0
703.0
680.0
672.0
688.0
680.0
680.0
664.0
672.0
664.0
664.0
672.0
672.0
656.0
664.0
648.0
656.0
648.0
1961.0
656.0
656.0
648.0
664.0
656.0
656.0
664.0
680.0
688.0
656.0
680.0
531.0
797.0
664.0
672.0
664.0
656.0
680.0
688.0
695.0
711.0
695.0
688.0
703.0
711.0
711.0
445.0
469.0
547.0
461.0
938.0
672.0
555.0
789.0
672.0
672.0
664.0
672.0
664.0
672.0
664.0
672.0
664.0
492.0
1492.0
680.0
648.0
656.0
656.0
656.0
656.0
664.0
1977.0
555.0
758.0
664.0
672.0
664.0
672.0
672.0
609.0
727.0
656.0
680.0
672.0
680.0
680.0
680.0
680.0
680.0
680.0
664.0
672.0
672.0
672.0
688.0
688.0
664.0
664.0
672.0
672.0
672.0
