727.0
719.0
734.0
742.0
734.0
734.0
734.0
742.0
742.0
742.0
734.0
734.0
727.0
742.0
727.0
742.0
742.0
734.0
742.0
750.0
742.0
742.0
742.0
750.0
750.0
742.0
750.0
742.0
766.0
758.0
734.0
750.0
727.0
750.0
750.0
742.0
734.0
750.0
750.0
734.0
758.0
734.0
742.0
727.0
734.0
734.0
727.0
727.0
727.0
727.0
719.0
719.0
719.0
734.0
727.0
727.0
727.0
734.0
734.0
727.0
727.0
734.0
734.0
742.0
750.0
742.0
766.0
781.0
766.0
766.0
781.0
758.0
773.0
789.0
781.0
766.0
797.0
789.0
797.0
789.0
797.0
812.0
805.0
1578.0
789.0
789.0
797.0
805.0
805.0
805.0
1602.0
805.0
797.0
812.0
805.0
820.0
812.0
797.0
797.0
797.0
1586.0
797.0
781.0
789.0
773.0
781.0
758.0
781.0
750.0
766.0
758.0
766.0
734.0
758.0
742.0
750.0
742.0
750.0
750.0
750.0
742.0
750.0
750.0
734.0
734.0
734.0
742.0
727.0
727.0
727.0
719.0
734.0
719.0
1453.0
727.0
711.0
719.0
711.0
711.0
711.0
711.0
703.0
672.0
742.0
703.0
711.0
719.0
711.0
648.0
789.0
727.0
734.0
727.0
734.0
734.0
742.0
734.0
672.0
789.0
727.0
734.0
734.0
1461.0
719.0
711.0
719.0
750.0
688.0
1430.0
727.0
539.0
891.0
711.0
1445.0
1961.0
891.0
53484.0
641.0
656.0
633.0
648.0
633.0
641.0
625.0
656.0
633.0
2555.0
8273.0
625.0
664.0
656.0
648.0
656.0
656.0
672.0
2695.0
688.0
688.0
703.0
688.0
703.0
703.0
695.0
711.0
461.0
961.0
711.0
719.0
688.0
719.0
688.0
4125.0
672.0
672.0
664.0
664.0
633.0
711.0
664.0
656.0
672.0
67383.0
18992.0
5281.0
648.0
641.0
594.0
695.0
453.0
836.0
9555.0
3133.0
5977.0
29359.0
602.0
609.0
609.0
609.0
609.0
602.0
609.0
617.0
602.0
609.0
617.0
609.0
617.0
625.0
609.0
617.0
625.0
625.0
633.0
633.0
625.0
641.0
641.0
641.0
523.0
773.0
617.0
641.0
633.0
641.0
641.0
625.0
641.0
641.0
641.0
641.0
625.0
633.0
633.0
641.0
633.0
625.0
633.0
641.0
633.0
633.0
625.0
625.0
625.0
633.0
609.0
625.0
633.0
617.0
633.0
625.0
609.0
641.0
4398.0
633.0
602.0
492.0
812.0
641.0
531.0
773.0
33477.0
3977.0
641.0
664.0
641.0
711.0
602.0
656.0
680.0
1328.0
656.0
656.0
8180.0
1469.0
3203.0
12000.0
4352.0
633.0
617.0
617.0
625.0
617.0
625.0
602.0
648.0
9375.0
625.0
1867.0
3508.0
2844.0
781.0
1336.0
1734.0
4469.0
688.0
633.0
1297.0
656.0
430.0
1266.0
6242.0
688.0
680.0
680.0
2117.0
672.0
680.0
1375.0
5453.0
2031.0000000000002
633.0
1344.0
641.0
656.0
2664.0
836.0
1188.0
633.0
1305.0
648.0
648.0
641.0
633.0
609.0
1938.0
3227.0
625.0
594.0
2539.0
28016.0
7508.0
1719.0
6422.0
570.0
594.0
586.0
594.0
578.0
602.0
570.0
22750.0
2656.0
672.0
656.0
672.0
664.0
680.0
656.0
648.0
672.0
664.0
664.0
656.0
656.0
656.0
664.0
672.0
672.0
680.0
680.0
672.0
680.0
680.0
680.0
672.0
688.0
680.0
703.0
672.0
688.0
680.0
688.0
688.0
672.0
688.0
688.0
680.0
695.0
711.0
703.0
703.0
703.0
719.0
719.0
711.0
719.0
719.0
719.0
703.0
711.0
711.0
719.0
703.0
703.0
711.0
703.0
703.0
695.0
688.0
703.0
688.0
688.0
680.0
688.0
688.0
680.0
688.0
688.0
688.0
688.0
695.0
680.0
688.0
688.0
688.0
680.0
672.0
680.0
680.0
664.0
672.0
672.0
672.0
664.0
672.0
680.0
672.0
672.0
688.0
664.0
680.0
672.0
672.0
680.0
688.0
680.0
688.0
672.0
688.0
5461.0
1984.0
39883.0
648.0
633.0
625.0
633.0
656.0
602.0
625.0
625.0
594.0
656.0
625.0
625.0
625.0
625.0
625.0
617.0
1258.0
602.0
625.0
703.0
3633.0
617.0
617.0
609.0
1844.0
617.0
609.0
625.0
617.0
617.0
633.0
617.0
625.0
633.0
625.0
633.0
625.0
641.0
648.0
633.0
648.0
633.0
633.0
633.0
648.0
641.0
641.0
633.0
633.0
648.0
641.0
711.0
570.0
648.0
531.0
766.0
648.0
648.0
641.0
656.0
641.0
641.0
648.0
641.0
648.0
648.0
648.0
641.0
656.0
656.0
648.0
500.0
781.0
648.0
641.0
648.0
656.0
602.0
688.0
648.0
641.0
656.0
641.0
641.0
641.0
633.0
648.0
633.0
648.0
633.0
641.0
633.0
641.0
641.0
633.0
641.0
617.0
641.0
625.0
633.0
6922.0
633.0
656.0
625.0
633.0
641.0
648.0
633.0
641.0
648.0
633.0
641.0
641.0
633.0
641.0
641.0
641.0
633.0
625.0
664.0
633.0
641.0
641.0
648.0
633.0
641.0
633.0
648.0
648.0
625.0
641.0
633.0
633.0
633.0
641.0
633.0
617.0
625.0
625.0
633.0
633.0
625.0
641.0
633.0
641.0
648.0
648.0
648.0
672.0
672.0
656.0
672.0
672.0
688.0
672.0
680.0
695.0
695.0
680.0
688.0
711.0
695.0
703.0
680.0
680.0
695.0
688.0
688.0
688.0
695.0
680.0
695.0
680.0
695.0
695.0
695.0
703.0
688.0
680.0
695.0
680.0
688.0
688.0
680.0
688.0
656.0
688.0
672.0
680.0
1367.0
672.0
672.0
672.0
680.0
547.0
812.0
531.0
828.0
477.0
883.0
1352.0
492.0
836.0
508.0
820.0
648.0
648.0
656.0
641.0
648.0
641.0
625.0
10055.0
602.0
602.0
594.0
641.0
578.0
586.0
602.0
594.0
602.0
594.0
586.0
586.0
609.0
586.0
617.0
594.0
609.0
602.0
609.0
602.0
633.0
578.0
609.0
602.0
664.0
578.0
617.0
609.0
633.0
672.0
586.0
633.0
625.0
3164.0
602.0
625.0
633.0
617.0
602.0
633.0
625.0
617.0
625.0
633.0
625.0
633.0
633.0
633.0
656.0
656.0
625.0
641.0
641.0
648.0
641.0
656.0
656.0
688.0
617.0
672.0
656.0
688.0
664.0
703.0
641.0
664.0
680.0
1984.0
664.0
1961.0
648.0
641.0
648.0
656.0
641.0
625.0
1312.0
648.0
648.0
641.0
633.0
641.0
641.0
633.0
641.0
633.0
625.0
633.0
633.0
625.0
633.0
633.0
625.0
4984.0
625.0
4977.0
500.0
734.0
617.0
617.0
617.0
602.0
625.0
617.0
617.0
625.0
633.0
609.0
633.0
625.0
641.0
625.0
641.0
609.0
656.0
633.0
648.0
633.0
656.0
641.0
656.0
664.0
656.0
664.0
664.0
672.0
664.0
672.0
547.0
812.0
656.0
680.0
688.0
672.0
680.0
688.0
656.0
21031.0
625.0
617.0
602.0
625.0
609.0
633.0
422.0
805.0
617.0
625.0
625.0
1656.0
4289.0
5312.0
1250.0
2609.0
641.0
648.0
656.0
641.0
656.0
641.0
656.0
672.0
531.0
805.0
664.0
672.0
664.0
680.0
664.0
672.0
672.0
688.0
711.0
688.0
688.0
695.0
703.0
711.0
562.0
828.0
609.0
781.0
672.0
688.0
672.0
688.0
680.0
672.0
672.0
672.0
2047.0000000000002
664.0
1375.0
688.0
672.0
672.0
664.0
680.0
672.0
648.0
703.0
656.0
672.0
680.0
688.0
672.0
672.0
680.0
688.0
680.0
672.0
680.0
680.0
688.0
680.0
617.0
438.0
836.0
719.0
703.0
695.0
680.0
695.0
688.0
688.0
680.0
680.0
688.0
688.0
680.0
688.0
680.0
711.0
703.0
656.0
781.0
695.0
719.0
719.0
719.0
711.0
711.0
727.0
711.0
719.0
703.0
727.0
727.0
711.0
719.0
719.0
719.0
1469.0
719.0
719.0
719.0
719.0
664.0
758.0
703.0
711.0
648.0
789.0
695.0
711.0
695.0
719.0
703.0
688.0
688.0
695.0
688.0
703.0
688.0
688.0
695.0
703.0
695.0
688.0
695.0
688.0
695.0
695.0
1352.0
695.0
1734.0
953.0
2672.0
680.0
680.0
664.0
703.0
703.0
680.0
688.0
695.0
688.0
695.0
695.0
695.0
695.0
711.0
711.0
711.0
711.0
