820.0
820.0
805.0
820.0
828.0
812.0
828.0
812.0
797.0
766.0
805.0
797.0
812.0
828.0
773.0
828.0
828.0
797.0
836.0
828.0
828.0
805.0
852.0
852.0
852.0
852.0
781.0
844.0
883.0
867.0
867.0
852.0
844.0
844.0
820.0
805.0
820.0
820.0
781.0
812.0
805.0
797.0
805.0
797.0
797.0
781.0
766.0
750.0
781.0
805.0
805.0
789.0
766.0
805.0
828.0
836.0
828.0
805.0
781.0
758.0
773.0
805.0
805.0
836.0
836.0
836.0
797.0
859.0
852.0
867.0
859.0
820.0
836.0
875.0
867.0
867.0
828.0
859.0
859.0
875.0
812.0
875.0
867.0
867.0
828.0
820.0
844.0
852.0
852.0
812.0
812.0
836.0
844.0
852.0
789.0
812.0
656.0
1031.0
797.0
797.0
820.0
820.0
805.0
789.0
812.0
828.0
797.0
797.0
820.0
828.0
789.0
812.0
805.0
805.0
773.0
820.0
805.0
781.0
820.0
820.0
797.0
797.0
812.0
820.0
1602.0
828.0
789.0
820.0
828.0
812.0
812.0
461.0
1188.0
766.0
781.0
789.0
797.0
773.0
805.0
805.0
812.0
781.0
797.0
812.0
828.0
2312.0
1469.0
734.0
719.0
719.0
703.0
727.0
1422.0
727.0
1422.0
719.0
9523.0
648.0
656.0
664.0
641.0
633.0
641.0
648.0
641.0
641.0
641.0
656.0
11031.0
641.0
625.0
633.0
641.0
633.0
648.0
656.0
648.0
656.0
656.0
664.0
672.0
680.0
688.0
695.0
688.0
703.0
695.0
703.0
703.0
703.0
703.0
695.0
695.0
688.0
703.0
703.0
703.0
711.0
688.0
703.0
688.0
680.0
688.0
672.0
688.0
688.0
672.0
680.0
688.0
680.0
688.0
680.0
695.0
695.0
703.0
695.0
461.0
961.0
695.0
680.0
680.0
680.0
680.0
672.0
664.0
680.0
680.0
664.0
680.0
664.0
445.0
922.0
672.0
664.0
664.0
664.0
664.0
4030.9999999999995
484.0
906.0
672.0
664.0
648.0
641.0
570.0
703.0
641.0
664.0
664.0
688.0
711.0
711.0
711.0
719.0
711.0
727.0
703.0
727.0
734.0
719.0
727.0
750.0
750.0
750.0
727.0
758.0
758.0
750.0
742.0
734.0
742.0
719.0
734.0
734.0
742.0
719.0
750.0
750.0
758.0
766.0
750.0
742.0
711.0
727.0
719.0
719.0
1445.0
727.0
1422.0
711.0
711.0
695.0
719.0
711.0
719.0
727.0
719.0
719.0
711.0
695.0
688.0
703.0
461.0
953.0
680.0
695.0
695.0
695.0
703.0
719.0
719.0
719.0
719.0
719.0
734.0
719.0
703.0
734.0
711.0
711.0
719.0
711.0
719.0
703.0
719.0
719.0
711.0
727.0
719.0
703.0
719.0
719.0
711.0
711.0
727.0
711.0
719.0
719.0
695.0
703.0
719.0
711.0
680.0
719.0
711.0
742.0
727.0
719.0
719.0
719.0
727.0
711.0
719.0
695.0
4953.0
688.0
695.0
680.0
680.0
680.0
672.0
688.0
695.0
688.0
695.0
688.0
695.0
680.0
680.0
703.0
695.0
703.0
703.0
703.0
711.0
695.0
703.0
711.0
688.0
711.0
703.0
688.0
711.0
711.0
703.0
711.0
719.0
711.0
703.0
711.0
703.0
734.0
703.0
695.0
672.0
680.0
695.0
680.0
680.0
672.0
688.0
680.0
680.0
680.0
695.0
688.0
695.0
719.0
672.0
727.0
719.0
695.0
703.0
711.0
727.0
711.0
703.0
695.0
672.0
672.0
680.0
672.0
453.0
930.0
672.0
742.0
727.0
703.0
680.0
703.0
672.0
1969.0
1281.0
648.0
648.0
1320.0
672.0
1336.0
672.0
1320.0
664.0
7281.0
656.0
656.0
648.0
633.0
641.0
625.0
641.0
641.0
625.0
617.0
633.0
617.0
617.0
617.0
625.0
633.0
633.0
648.0
633.0
648.0
648.0
648.0
648.0
648.0
648.0
445.0
883.0
625.0
625.0
641.0
625.0
617.0
633.0
625.0
633.0
641.0
445.0
820.0
609.0
633.0
617.0
617.0
617.0
625.0
609.0
617.0
625.0
625.0
617.0
641.0
641.0
633.0
648.0
648.0
648.0
1945.0
656.0
3180.0
633.0
617.0
609.0
609.0
609.0
594.0
617.0
617.0
602.0
617.0
617.0
625.0
617.0
625.0
617.0
617.0
641.0
633.0
609.0
648.0
633.0
641.0
641.0
633.0
641.0
656.0
625.0
656.0
641.0
625.0
641.0
633.0
625.0
617.0
625.0
609.0
633.0
625.0
1234.0
633.0
625.0
656.0
648.0
664.0
672.0
672.0
680.0
500.0
852.0
672.0
664.0
672.0
664.0
656.0
688.0
430.0
953.0
688.0
719.0
438.0
984.0
672.0
688.0
695.0
672.0
430.0
945.0
656.0
656.0
5219.0
641.0
656.0
672.0
656.0
453.0
891.0
656.0
664.0
648.0
656.0
641.0
648.0
648.0
5164.0
648.0
648.0
656.0
656.0
664.0
672.0
656.0
672.0
664.0
656.0
648.0
672.0
672.0
656.0
672.0
672.0
656.0
680.0
672.0
688.0
680.0
688.0
672.0
680.0
719.0
711.0
719.0
703.0
719.0
711.0
703.0
719.0
711.0
711.0
703.0
727.0
719.0
711.0
734.0
719.0
703.0
711.0
688.0
688.0
664.0
461.0
922.0
672.0
688.0
469.0
938.0
688.0
695.0
469.0
977.0
695.0
703.0
719.0
727.0
438.0
969.0
734.0
750.0
750.0
758.0
742.0
734.0
719.0
711.0
5336.0
664.0
633.0
648.0
656.0
648.0
656.0
664.0
664.0
672.0
695.0
695.0
688.0
719.0
727.0
727.0
742.0
719.0
750.0
734.0
734.0
703.0
734.0
727.0
734.0
734.0
719.0
750.0
734.0
742.0
742.0
750.0
758.0
758.0
758.0
758.0
758.0
766.0
742.0
742.0
734.0
719.0
719.0
703.0
711.0
711.0
703.0
734.0
734.0
742.0
734.0
758.0
750.0
742.0
734.0
773.0
758.0
742.0
773.0
766.0
758.0
750.0
781.0
789.0
781.0
789.0
797.0
812.0
781.0
797.0
805.0
766.0
797.0
805.0
797.0
789.0
812.0
820.0
797.0
820.0
820.0
805.0
805.0
773.0
758.0
750.0
742.0
758.0
750.0
750.0
773.0
781.0
789.0
781.0
789.0
766.0
758.0
750.0
734.0
727.0
727.0
719.0
719.0
711.0
727.0
719.0
703.0
719.0
719.0
695.0
727.0
711.0
703.0
711.0
711.0
695.0
703.0
711.0
648.0
773.0
703.0
719.0
719.0
711.0
711.0
695.0
688.0
703.0
688.0
695.0
695.0
695.0
680.0
695.0
695.0
703.0
695.0
688.0
695.0
719.0
703.0
688.0
703.0
711.0
695.0
688.0
688.0
703.0
688.0
680.0
680.0
688.0
688.0
688.0
680.0
688.0
703.0
680.0
688.0
688.0
672.0
680.0
672.0
656.0
664.0
656.0
648.0
648.0
656.0
641.0
656.0
648.0
656.0
656.0
656.0
656.0
664.0
648.0
648.0
656.0
641.0
641.0
656.0
633.0
664.0
648.0
648.0
641.0
648.0
664.0
672.0
672.0
656.0
664.0
672.0
664.0
672.0
672.0
688.0
672.0
664.0
680.0
672.0
664.0
672.0
477.0
883.0
648.0
648.0
633.0
664.0
641.0
422.0
820.0
625.0
633.0
625.0
617.0
617.0
625.0
633.0
641.0
641.0
664.0
656.0
656.0
664.0
656.0
664.0
648.0
648.0
633.0
656.0
633.0
633.0
648.0
625.0
625.0
5016.0
617.0
617.0
609.0
617.0
609.0
617.0
602.0
609.0
609.0
594.0
602.0
602.0
586.0
586.0
586.0
586.0
570.0
594.0
586.0
562.0
586.0
578.0
570.0
578.0
562.0
570.0
578.0
570.0
555.0
570.0
562.0
547.0
562.0
4922.0
547.0
555.0
562.0
586.0
562.0
570.0
586.0
586.0
586.0
586.0
594.0
594.0
586.0
586.0
578.0
602.0
586.0
586.0
578.0
594.0
578.0
578.0
594.0
594.0
594.0
594.0
609.0
609.0
609.0
594.0
602.0
602.0
602.0
602.0
594.0
602.0
602.0
594.0
594.0
602.0
594.0
594.0
586.0
594.0
586.0
594.0
578.0
578.0
578.0
570.0
578.0
578.0
586.0
586.0
594.0
594.0
594.0
609.0
492.0
758.0
594.0
609.0
617.0
625.0
602.0
617.0
617.0
609.0
617.0
633.0
617.0
609.0
383.0
836.0
