922.0
930.0
930.0
922.0
938.0
953.0
930.0
945.0
961.0
938.0
945.0
938.0
914.0
922.0
914.0
938.0
953.0
922.0
938.0
938.0
938.0
914.0
914.0
922.0
898.0
883.0
891.0
883.0
891.0
922.0
930.0
914.0
938.0
945.0
938.0
961.0
945.0
961.0
977.0
953.0
961.0
961.0
961.0
930.0
930.0
961.0
938.0
930.0
945.0
953.0
914.0
914.0
938.0
914.0
930.0
922.0
906.0
938.0
930.0
938.0
961.0
945.0
945.0
969.0
938.0
945.0
953.0
922.0
930.0
938.0
898.0
898.0
891.0
883.0
859.0
859.0
875.0
891.0
883.0
875.0
852.0
859.0
883.0
859.0
883.0
891.0
867.0
883.0
898.0
875.0
891.0
883.0
891.0
898.0
922.0
930.0
914.0
922.0
875.0
891.0
859.0
883.0
891.0
914.0
906.0
930.0
938.0
922.0
953.0
969.0
945.0
945.0
930.0
898.0
898.0
922.0
930.0
922.0
953.0
938.0
930.0
891.0
883.0
898.0
906.0
891.0
922.0
930.0
906.0
914.0
883.0
859.0
852.0
836.0
797.0
781.0
430.0
375.0
797.0
781.0
625.0
938.0
758.0
766.0
781.0
750.0
758.0
508.0
1094.0
758.0
789.0
805.0
805.0
820.0
859.0
859.0
875.0
852.0
875.0
883.0
859.0
875.0
891.0
859.0
859.0
867.0
852.0
867.0
875.0
836.0
844.0
844.0
820.0
844.0
852.0
836.0
852.0
859.0
859.0
891.0
883.0
852.0
859.0
867.0
836.0
836.0
859.0
836.0
852.0
859.0
852.0
852.0
867.0
844.0
844.0
852.0
844.0
836.0
852.0
422.0
391.0
852.0
797.0
492.0
1102.0
758.0
758.0
758.0
758.0
766.0
500.0
1133.0
781.0
570.0
945.0
727.0
734.0
727.0
742.0
797.0
656.0
969.0
781.0
789.0
789.0
805.0
820.0
422.0
383.0
836.0
773.0
516.0
1055.0
734.0
742.0
805.0
820.0
844.0
820.0
867.0
859.0
852.0
828.0
844.0
820.0
828.0
828.0
422.0
375.0
852.0
797.0
508.0
1125.0
773.0
602.0
945.0
750.0
758.0
766.0
828.0
867.0
430.0
398.0
922.0
828.0
422.0
375.0
867.0
820.0
469.0
375.0
883.0
867.0
430.0
391.0
898.0
852.0
422.0
391.0
930.0
859.0
883.0
883.0
859.0
820.0
812.0
883.0
875.0
883.0
906.0
922.0
938.0
938.0
945.0
945.0
922.0
938.0
938.0
953.0
953.0
875.0
875.0
852.0
852.0
875.0
875.0
883.0
898.0
875.0
883.0
859.0
852.0
852.0
859.0
422.0
398.0
883.0
820.0
461.0
391.0
820.0
828.0
547.0
391.0
781.0
828.0
852.0
914.0
867.0
914.0
938.0
930.0
945.0
961.0
961.0
922.0
914.0
914.0
922.0
938.0
922.0
938.0
953.0
922.0
922.0
922.0
906.0
898.0
914.0
938.0
922.0
953.0
969.0
953.0
938.0
953.0
914.0
898.0
891.0
875.0
844.0
828.0
836.0
805.0
844.0
836.0
438.0
391.0
859.0
500.0
406.0
375.0
383.0
789.0
766.0
742.0
852.0
797.0
844.0
883.0
883.0
906.0
922.0
930.0
906.0
906.0
891.0
891.0
875.0
836.0
836.0
828.0
836.0
852.0
828.0
859.0
867.0
859.0
859.0
875.0
852.0
836.0
828.0
414.0
383.0
852.0
773.0
539.0
1022.9999999999999
742.0
742.0
711.0
719.0
734.0
773.0
852.0
859.0
906.0
938.0
922.0
930.0
922.0
898.0
875.0
844.0
828.0
812.0
812.0
797.0
789.0
477.0
1086.0
648.0
828.0
695.0
695.0
703.0
719.0
742.0
742.0
750.0
711.0
836.0
805.0
828.0
812.0
805.0
5000.0
812.0
805.0
422.0
375.0
781.0
750.0
766.0
758.0
773.0
789.0
477.0
1203.0
797.0
500.0
1078.0
758.0
734.0
750.0
797.0
844.0
445.0
375.0
914.0
820.0
438.0
375.0
836.0
773.0
547.0
969.0
742.0
758.0
742.0
742.0
773.0
562.0
1141.0
805.0
516.0
1125.0
781.0
688.0
867.0
766.0
781.0
820.0
820.0
852.0
891.0
922.0
914.0
930.0
922.0
898.0
891.0
898.0
875.0
875.0
898.0
875.0
859.0
859.0
859.0
859.0
859.0
859.0
812.0
797.0
797.0
422.0
391.0
805.0
750.0
742.0
758.0
742.0
750.0
438.0
391.0
648.0
719.0
734.0
750.0
734.0
711.0
695.0
883.0
508.0
1195.0
844.0
906.0
906.0
922.0
953.0
977.0
977.0
1000.0
984.0
977.0
984.0
984.0
961.0
906.0
914.0
922.0
914.0
891.0
922.0
930.0
914.0
953.0
953.0
914.0
938.0
914.0
883.0
898.0
914.0
883.0
891.0
922.0
898.0
914.0
930.0
930.0
914.0
938.0
938.0
891.0
906.0
859.0
836.0
844.0
867.0
875.0
883.0
906.0
906.0
891.0
906.0
906.0
867.0
859.0
867.0
852.0
867.0
875.0
875.0
898.0
883.0
883.0
875.0
844.0
875.0
875.0
852.0
859.0
883.0
844.0
852.0
859.0
836.0
844.0
852.0
414.0
398.0
859.0
828.0
492.0
383.0
828.0
836.0
523.0
383.0
789.0
805.0
523.0
398.0
750.0
781.0
688.0
891.0
711.0
727.0
719.0
734.0
734.0
547.0
977.0
734.0
742.0
711.0
727.0
727.0
648.0
789.0
680.0
688.0
414.0
1022.9999999999999
711.0
719.0
711.0
727.0
734.0
711.0
758.0
742.0
742.0
422.0
383.0
719.0
742.0
750.0
758.0
789.0
742.0
547.0
992.0
734.0
734.0
711.0
695.0
703.0
711.0
711.0
742.0
727.0
734.0
742.0
758.0
734.0
680.0
766.0
688.0
688.0
672.0
688.0
672.0
672.0
664.0
680.0
672.0
672.0
672.0
688.0
672.0
672.0
672.0
414.0
977.0
688.0
688.0
414.0
977.0
695.0
688.0
406.0
977.0
688.0
680.0
414.0
992.0
688.0
688.0
414.0
992.0
703.0
695.0
414.0
969.0
695.0
688.0
414.0
1022.9999999999999
695.0
688.0
414.0
977.0
672.0
672.0
430.0
930.0
664.0
656.0
484.0
875.0
672.0
664.0
578.0
797.0
688.0
703.0
602.0
852.0
727.0
711.0
461.0
1022.9999999999999
719.0
711.0
414.0
1016.0
695.0
688.0
398.0
1000.0
680.0
672.0
406.0
945.0
680.0
672.0
430.0
930.0
688.0
672.0
422.0
914.0
664.0
664.0
469.0
867.0
672.0
656.0
555.0
758.0
672.0
664.0
688.0
703.0
734.0
727.0
727.0
742.0
734.0
711.0
719.0
734.0
719.0
719.0
727.0
719.0
703.0
703.0
711.0
703.0
711.0
734.0
719.0
711.0
727.0
734.0
719.0
773.0
906.0
852.0
453.0
383.0
867.0
805.0
758.0
930.0
820.0
844.0
852.0
852.0
898.0
414.0
391.0
969.0
875.0
430.0
391.0
883.0
828.0
719.0
977.0
773.0
797.0
766.0
758.0
758.0
773.0
766.0
766.0
750.0
750.0
750.0
742.0
758.0
453.0
1039.0
727.0
711.0
695.0
688.0
695.0
688.0
688.0
695.0
703.0
688.0
703.0
711.0
688.0
688.0
398.0
992.0
695.0
672.0
398.0
945.0
664.0
641.0
438.0
875.0
648.0
648.0
500.0
828.0
672.0
664.0
547.0
852.0
680.0
695.0
492.0
922.0
695.0
688.0
430.0
945.0
664.0
648.0
445.0
938.0
711.0
680.0
406.0
977.0
695.0
742.0
406.0
367.0
711.0
719.0
703.0
711.0
750.0
875.0
859.0
984.0
891.0
891.0
875.0
852.0
805.0
438.0
375.0
750.0
734.0
703.0
703.0
695.0
711.0
711.0
727.0
719.0
711.0
695.0
703.0
703.0
680.0
688.0
688.0
695.0
695.0
703.0
719.0
703.0
703.0
766.0
742.0
719.0
789.0
766.0
719.0
688.0
734.0
758.0
750.0
773.0
844.0
672.0
984.0
812.0
797.0
789.0
812.0
820.0
500.0
375.0
898.0
867.0
539.0
375.0
875.0
867.0
578.0
1164.0
867.0
539.0
375.0
828.0
836.0
711.0
1008.0
844.0
875.0
875.0
891.0
891.0
852.0
828.0
828.0
414.0
383.0
797.0
766.0
750.0
727.0
727.0
727.0
711.0
703.0
703.0
703.0
695.0
695.0
695.0
695.0
695.0
719.0
742.0
719.0
703.0
719.0
703.0
695.0
688.0
695.0
