844.0
859.0
828.0
828.0
859.0
852.0
867.0
875.0
852.0
789.0
828.0
797.0
836.0
820.0
828.0
836.0
812.0
820.0
844.0
828.0
836.0
828.0
852.0
852.0
852.0
859.0
852.0
867.0
844.0
828.0
828.0
828.0
812.0
844.0
852.0
852.0
844.0
852.0
805.0
844.0
820.0
797.0
828.0
805.0
805.0
789.0
797.0
805.0
781.0
812.0
812.0
812.0
805.0
766.0
781.0
805.0
789.0
781.0
797.0
805.0
789.0
789.0
805.0
781.0
805.0
781.0
812.0
797.0
805.0
789.0
805.0
797.0
781.0
789.0
773.0
820.0
805.0
836.0
844.0
820.0
844.0
859.0
828.0
844.0
859.0
836.0
859.0
867.0
852.0
859.0
867.0
820.0
852.0
859.0
875.0
883.0
844.0
867.0
875.0
883.0
883.0
867.0
844.0
859.0
820.0
859.0
844.0
852.0
852.0
867.0
852.0
836.0
828.0
836.0
844.0
820.0
844.0
852.0
859.0
875.0
883.0
867.0
898.0
883.0
828.0
859.0
844.0
828.0
844.0
828.0
828.0
820.0
867.0
867.0
859.0
852.0
859.0
820.0
867.0
820.0
844.0
836.0
844.0
812.0
812.0
820.0
828.0
820.0
859.0
844.0
828.0
844.0
828.0
828.0
828.0
805.0
828.0
797.0
805.0
789.0
812.0
836.0
836.0
805.0
797.0
812.0
820.0
812.0
781.0
789.0
773.0
781.0
789.0
797.0
828.0
828.0
820.0
812.0
805.0
805.0
812.0
820.0
766.0
797.0
812.0
812.0
828.0
820.0
812.0
828.0
805.0
812.0
781.0
828.0
812.0
812.0
805.0
805.0
828.0
805.0
789.0
805.0
812.0
820.0
805.0
828.0
805.0
773.0
789.0
758.0
734.0
2836.0
688.0
688.0
680.0
695.0
703.0
703.0
688.0
695.0
680.0
672.0
688.0
680.0
695.0
719.0
734.0
727.0
766.0
750.0
734.0
680.0
859.0
766.0
742.0
742.0
727.0
727.0
719.0
719.0
648.0
797.0
711.0
734.0
742.0
750.0
750.0
758.0
742.0
742.0
727.0
734.0
734.0
742.0
734.0
742.0
758.0
742.0
742.0
750.0
742.0
742.0
734.0
734.0
734.0
742.0
750.0
742.0
742.0
750.0
750.0
734.0
734.0
734.0
727.0
758.0
719.0
703.0
727.0
711.0
711.0
703.0
711.0
703.0
695.0
703.0
703.0
703.0
688.0
703.0
703.0
703.0
711.0
703.0
711.0
695.0
711.0
688.0
695.0
711.0
703.0
688.0
703.0
703.0
695.0
695.0
703.0
688.0
703.0
688.0
680.0
695.0
680.0
680.0
664.0
664.0
656.0
656.0
641.0
656.0
648.0
625.0
641.0
648.0
656.0
648.0
648.0
633.0
664.0
648.0
641.0
633.0
617.0
641.0
625.0
617.0
617.0
617.0
617.0
625.0
609.0
617.0
602.0
609.0
617.0
602.0
617.0
609.0
617.0
609.0
617.0
625.0
609.0
617.0
609.0
625.0
617.0
617.0
617.0
617.0
617.0
617.0
617.0
609.0
609.0
602.0
594.0
602.0
609.0
617.0
609.0
609.0
617.0
609.0
617.0
617.0
617.0
617.0
617.0
617.0
594.0
609.0
609.0
586.0
586.0
609.0
586.0
602.0
602.0
422.0
789.0
594.0
602.0
586.0
578.0
578.0
578.0
586.0
570.0
602.0
578.0
594.0
594.0
602.0
594.0
594.0
594.0
602.0
594.0
586.0
594.0
578.0
578.0
570.0
594.0
578.0
570.0
578.0
570.0
555.0
586.0
570.0
555.0
570.0
562.0
562.0
555.0
555.0
562.0
555.0
562.0
547.0
562.0
562.0
555.0
555.0
562.0
555.0
539.0
562.0
562.0
570.0
562.0
578.0
578.0
578.0
586.0
578.0
578.0
578.0
578.0
586.0
570.0
586.0
578.0
578.0
594.0
594.0
578.0
594.0
594.0
586.0
602.0
602.0
602.0
609.0
625.0
625.0
641.0
625.0
617.0
633.0
625.0
625.0
648.0
633.0
617.0
633.0
625.0
633.0
633.0
625.0
625.0
641.0
633.0
617.0
617.0
617.0
609.0
602.0
609.0
602.0
602.0
609.0
594.0
625.0
609.0
609.0
625.0
594.0
625.0
609.0
594.0
586.0
586.0
609.0
586.0
586.0
594.0
594.0
586.0
602.0
602.0
609.0
625.0
617.0
602.0
633.0
609.0
617.0
609.0
617.0
594.0
609.0
594.0
602.0
594.0
602.0
609.0
609.0
609.0
617.0
602.0
602.0
609.0
609.0
602.0
617.0
609.0
609.0
609.0
625.0
609.0
617.0
602.0
594.0
609.0
594.0
617.0
602.0
617.0
398.0
898.0
539.0
758.0
617.0
648.0
641.0
625.0
641.0
633.0
633.0
633.0
617.0
625.0
609.0
625.0
617.0
648.0
625.0
641.0
641.0
625.0
617.0
633.0
602.0
609.0
617.0
609.0
617.0
617.0
633.0
625.0
648.0
648.0
641.0
664.0
648.0
641.0
656.0
648.0
641.0
672.0
648.0
688.0
672.0
688.0
672.0
703.0
711.0
734.0
742.0
727.0
711.0
703.0
680.0
695.0
688.0
688.0
703.0
727.0
703.0
727.0
711.0
688.0
703.0
703.0
695.0
672.0
664.0
680.0
688.0
672.0
680.0
625.0
664.0
656.0
664.0
672.0
680.0
656.0
695.0
664.0
664.0
680.0
688.0
719.0
727.0
727.0
727.0
719.0
688.0
695.0
703.0
703.0
719.0
742.0
734.0
734.0
703.0
719.0
719.0
688.0
719.0
672.0
688.0
680.0
680.0
664.0
680.0
680.0
664.0
555.0
844.0
617.0
672.0
625.0
633.0
617.0
625.0
609.0
641.0
633.0
641.0
633.0
641.0
633.0
625.0
656.0
648.0
641.0
633.0
648.0
641.0
641.0
625.0
648.0
617.0
617.0
648.0
641.0
641.0
641.0
633.0
648.0
633.0
656.0
641.0
648.0
656.0
641.0
641.0
648.0
656.0
648.0
648.0
648.0
664.0
648.0
656.0
625.0
648.0
641.0
633.0
641.0
648.0
625.0
625.0
633.0
617.0
625.0
617.0
641.0
625.0
648.0
641.0
656.0
648.0
648.0
641.0
648.0
633.0
625.0
648.0
633.0
641.0
641.0
648.0
648.0
656.0
648.0
680.0
664.0
680.0
656.0
688.0
680.0
680.0
688.0
688.0
688.0
680.0
680.0
680.0
680.0
688.0
672.0
688.0
680.0
656.0
680.0
656.0
664.0
656.0
656.0
648.0
664.0
656.0
695.0
703.0
711.0
727.0
711.0
703.0
734.0
719.0
711.0
719.0
711.0
703.0
711.0
703.0
703.0
711.0
695.0
719.0
688.0
695.0
695.0
672.0
680.0
672.0
688.0
695.0
680.0
703.0
703.0
688.0
703.0
695.0
680.0
695.0
680.0
703.0
711.0
695.0
672.0
680.0
664.0
672.0
664.0
672.0
648.0
672.0
664.0
688.0
680.0
688.0
688.0
656.0
664.0
648.0
664.0
656.0
656.0
641.0
648.0
648.0
641.0
633.0
641.0
625.0
633.0
633.0
641.0
633.0
633.0
625.0
633.0
641.0
617.0
641.0
625.0
641.0
641.0
633.0
633.0
633.0
633.0
633.0
633.0
625.0
633.0
641.0
648.0
641.0
656.0
641.0
648.0
641.0
633.0
641.0
625.0
625.0
633.0
602.0
617.0
609.0
609.0
609.0
602.0
609.0
602.0
594.0
594.0
594.0
586.0
594.0
578.0
578.0
578.0
570.0
578.0
578.0
578.0
570.0
586.0
562.0
570.0
562.0
555.0
570.0
562.0
555.0
555.0
555.0
555.0
547.0
562.0
547.0
547.0
562.0
555.0
547.0
547.0
539.0
555.0
539.0
547.0
547.0
523.0
570.0
539.0
539.0
531.0
531.0
547.0
531.0
539.0
539.0
531.0
523.0
539.0
523.0
531.0
531.0
508.0
523.0
539.0
516.0
523.0
516.0
523.0
516.0
523.0
508.0
531.0
508.0
516.0
508.0
523.0
508.0
516.0
516.0
508.0
508.0
508.0
516.0
508.0
516.0
508.0
516.0
516.0
523.0
516.0
523.0
523.0
516.0
516.0
531.0
516.0
523.0
516.0
516.0
516.0
516.0
508.0
516.0
508.0
523.0
516.0
500.0
508.0
500.0
508.0
523.0
516.0
492.0
516.0
500.0
508.0
500.0
484.0
516.0
500.0
516.0
492.0
492.0
500.0
484.0
508.0
500.0
500.0
500.0
492.0
508.0
492.0
508.0
500.0
484.0
