711.0
719.0
719.0
727.0
719.0
727.0
727.0
703.0
719.0
719.0
711.0
719.0
711.0
703.0
703.0
695.0
703.0
695.0
688.0
680.0
680.0
672.0
680.0
672.0
672.0
656.0
1336.0
656.0
648.0
648.0
648.0
648.0
641.0
641.0
664.0
648.0
648.0
656.0
656.0
664.0
641.0
656.0
656.0
656.0
664.0
648.0
664.0
648.0
656.0
656.0
656.0
648.0
656.0
664.0
641.0
664.0
680.0
672.0
688.0
672.0
672.0
672.0
688.0
672.0
664.0
664.0
672.0
695.0
680.0
680.0
703.0
688.0
688.0
695.0
703.0
695.0
688.0
711.0
703.0
711.0
703.0
703.0
703.0
695.0
719.0
695.0
711.0
703.0
711.0
711.0
703.0
711.0
719.0
727.0
719.0
727.0
719.0
719.0
719.0
719.0
719.0
727.0
727.0
719.0
727.0
734.0
734.0
742.0
734.0
734.0
727.0
719.0
734.0
734.0
758.0
750.0
758.0
766.0
789.0
773.0
758.0
758.0
742.0
727.0
727.0
711.0
711.0
711.0
703.0
695.0
711.0
695.0
695.0
688.0
703.0
680.0
703.0
711.0
719.0
711.0
734.0
758.0
766.0
750.0
758.0
766.0
766.0
750.0
742.0
742.0
734.0
719.0
727.0
727.0
727.0
734.0
750.0
727.0
734.0
750.0
711.0
727.0
742.0
750.0
742.0
742.0
727.0
750.0
742.0
734.0
742.0
734.0
734.0
727.0
734.0
734.0
742.0
734.0
742.0
758.0
758.0
742.0
750.0
750.0
742.0
750.0
734.0
750.0
734.0
719.0
727.0
734.0
727.0
719.0
719.0
719.0
719.0
719.0
711.0
703.0
719.0
695.0
695.0
695.0
711.0
703.0
711.0
727.0
719.0
734.0
719.0
719.0
734.0
719.0
719.0
727.0
727.0
727.0
719.0
719.0
703.0
719.0
719.0
727.0
711.0
711.0
711.0
711.0
695.0
719.0
672.0
703.0
703.0
703.0
719.0
719.0
727.0
719.0
734.0
727.0
727.0
711.0
703.0
703.0
703.0
695.0
688.0
695.0
680.0
672.0
688.0
672.0
695.0
664.0
688.0
672.0
680.0
664.0
680.0
672.0
688.0
672.0
688.0
695.0
672.0
695.0
664.0
680.0
672.0
672.0
672.0
680.0
680.0
680.0
680.0
680.0
680.0
680.0
688.0
664.0
688.0
672.0
672.0
688.0
680.0
688.0
688.0
695.0
688.0
703.0
688.0
695.0
695.0
695.0
695.0
688.0
688.0
688.0
688.0
688.0
695.0
695.0
703.0
695.0
695.0
711.0
703.0
703.0
703.0
703.0
711.0
703.0
695.0
695.0
688.0
688.0
688.0
672.0
688.0
695.0
719.0
727.0
727.0
789.0
750.0
750.0
750.0
742.0
727.0
734.0
727.0
734.0
719.0
727.0
734.0
734.0
750.0
734.0
734.0
734.0
734.0
719.0
727.0
727.0
734.0
719.0
727.0
742.0
727.0
734.0
734.0
742.0
750.0
758.0
766.0
758.0
742.0
750.0
758.0
758.0
766.0
758.0
766.0
750.0
742.0
742.0
734.0
734.0
734.0
734.0
750.0
734.0
766.0
758.0
758.0
750.0
742.0
742.0
734.0
742.0
734.0
727.0
742.0
727.0
727.0
727.0
719.0
727.0
727.0
742.0
711.0
734.0
719.0
727.0
719.0
711.0
719.0
695.0
695.0
703.0
695.0
711.0
703.0
703.0
703.0
703.0
695.0
711.0
695.0
695.0
703.0
719.0
734.0
727.0
719.0
734.0
734.0
758.0
742.0
742.0
727.0
727.0
734.0
719.0
711.0
734.0
719.0
734.0
734.0
734.0
734.0
742.0
734.0
742.0
750.0
750.0
727.0
734.0
727.0
727.0
719.0
719.0
742.0
711.0
750.0
734.0
734.0
773.0
758.0
773.0
758.0
766.0
766.0
758.0
773.0
773.0
766.0
766.0
766.0
750.0
758.0
742.0
750.0
750.0
766.0
781.0
773.0
789.0
773.0
758.0
766.0
727.0
758.0
727.0
742.0
758.0
742.0
742.0
758.0
750.0
758.0
750.0
773.0
773.0
773.0
773.0
758.0
742.0
750.0
750.0
766.0
742.0
758.0
734.0
742.0
734.0
734.0
742.0
742.0
766.0
781.0
789.0
789.0
773.0
758.0
758.0
766.0
750.0
758.0
742.0
758.0
734.0
734.0
719.0
711.0
719.0
695.0
719.0
719.0
711.0
711.0
727.0
727.0
719.0
734.0
742.0
734.0
727.0
742.0
719.0
719.0
734.0
719.0
711.0
727.0
711.0
727.0
727.0
719.0
727.0
719.0
727.0
719.0
727.0
727.0
734.0
734.0
734.0
727.0
727.0
719.0
727.0
719.0
742.0
742.0
750.0
742.0
750.0
758.0
758.0
758.0
773.0
766.0
766.0
773.0
773.0
781.0
758.0
750.0
758.0
734.0
742.0
750.0
750.0
758.0
758.0
750.0
773.0
750.0
773.0
758.0
758.0
758.0
773.0
758.0
766.0
766.0
750.0
750.0
742.0
742.0
742.0
766.0
758.0
750.0
766.0
750.0
758.0
766.0
758.0
766.0
758.0
750.0
750.0
750.0
758.0
742.0
734.0
750.0
758.0
734.0
750.0
734.0
750.0
734.0
750.0
750.0
750.0
750.0
758.0
758.0
773.0
773.0
766.0
766.0
758.0
750.0
742.0
750.0
742.0
750.0
734.0
734.0
750.0
727.0
734.0
727.0
727.0
711.0
727.0
719.0
711.0
727.0
719.0
727.0
727.0
695.0
727.0
719.0
727.0
711.0
719.0
703.0
703.0
719.0
695.0
703.0
719.0
711.0
734.0
742.0
734.0
758.0
758.0
758.0
750.0
750.0
766.0
750.0
750.0
742.0
742.0
750.0
742.0
742.0
742.0
734.0
727.0
727.0
727.0
727.0
734.0
734.0
742.0
742.0
727.0
711.0
734.0
711.0
711.0
719.0
711.0
711.0
711.0
727.0
727.0
711.0
719.0
727.0
727.0
734.0
727.0
734.0
719.0
719.0
727.0
711.0
727.0
719.0
719.0
719.0
719.0
727.0
727.0
734.0
719.0
727.0
742.0
742.0
742.0
742.0
727.0
734.0
719.0
719.0
727.0
734.0
734.0
742.0
742.0
742.0
742.0
750.0
750.0
734.0
750.0
750.0
742.0
742.0
734.0
758.0
727.0
742.0
758.0
742.0
758.0
750.0
742.0
766.0
758.0
758.0
766.0
766.0
766.0
766.0
766.0
773.0
758.0
766.0
750.0
758.0
758.0
766.0
750.0
734.0
750.0
742.0
734.0
734.0
742.0
742.0
734.0
727.0
727.0
719.0
711.0
719.0
711.0
727.0
711.0
711.0
695.0
727.0
727.0
711.0
727.0
742.0
734.0
750.0
727.0
734.0
727.0
742.0
727.0
734.0
727.0
734.0
734.0
750.0
727.0
742.0
734.0
750.0
742.0
750.0
758.0
750.0
766.0
758.0
750.0
766.0
766.0
766.0
758.0
766.0
758.0
758.0
773.0
766.0
773.0
773.0
789.0
789.0
773.0
789.0
789.0
781.0
766.0
766.0
766.0
750.0
750.0
742.0
734.0
750.0
734.0
742.0
750.0
758.0
750.0
773.0
766.0
750.0
750.0
758.0
750.0
750.0
734.0
750.0
750.0
750.0
719.0
750.0
734.0
727.0
734.0
742.0
734.0
742.0
734.0
766.0
742.0
727.0
750.0
734.0
742.0
734.0
719.0
727.0
742.0
742.0
734.0
758.0
742.0
742.0
734.0
742.0
719.0
727.0
719.0
719.0
719.0
719.0
703.0
719.0
719.0
711.0
711.0
719.0
711.0
711.0
719.0
711.0
711.0
711.0
703.0
719.0
719.0
695.0
727.0
711.0
719.0
719.0
719.0
711.0
719.0
719.0
711.0
719.0
711.0
711.0
711.0
727.0
711.0
742.0
742.0
766.0
758.0
758.0
742.0
758.0
742.0
750.0
742.0
742.0
750.0
742.0
750.0
758.0
750.0
766.0
750.0
750.0
750.0
734.0
742.0
758.0
781.0
773.0
805.0
789.0
789.0
781.0
789.0
781.0
766.0
758.0
766.0
750.0
758.0
734.0
727.0
734.0
742.0
727.0
742.0
742.0
758.0
758.0
766.0
758.0
789.0
789.0
789.0
805.0
797.0
820.0
797.0
789.0
797.0
789.0
781.0
781.0
789.0
773.0
781.0
773.0
766.0
758.0
750.0
742.0
750.0
727.0
734.0
734.0
719.0
734.0
727.0
734.0
742.0
734.0
742.0
727.0
742.0
734.0
742.0
742.0
742.0
734.0
734.0
