586.0
578.0
562.0
562.0
594.0
633.0
664.0
664.0
664.0
625.0
594.0
586.0
586.0
586.0
594.0
578.0
586.0
602.0
633.0
648.0
641.0
617.0
602.0
594.0
578.0
578.0
562.0
547.0
586.0
586.0
602.0
602.0
625.0
609.0
594.0
578.0
570.0
578.0
570.0
578.0
578.0
578.0
562.0
570.0
570.0
555.0
570.0
570.0
609.0
602.0
594.0
586.0
570.0
555.0
578.0
562.0
555.0
578.0
586.0
586.0
586.0
578.0
562.0
562.0
594.0
594.0
594.0
578.0
578.0
555.0
562.0
555.0
562.0
547.0
555.0
594.0
602.0
609.0
602.0
586.0
3422.0
578.0
594.0
594.0
609.0
609.0
633.0
594.0
617.0
609.0
602.0
625.0
633.0
609.0
656.0
688.0
648.0
648.0
625.0
602.0
578.0
570.0
578.0
562.0
578.0
602.0
578.0
594.0
609.0
625.0
625.0
617.0
625.0
602.0
594.0
586.0
578.0
602.0
578.0
562.0
562.0
570.0
562.0
570.0
617.0
680.0
695.0
727.0
672.0
641.0
633.0
641.0
633.0
609.0
602.0
602.0
602.0
586.0
578.0
617.0
625.0
609.0
609.0
602.0
617.0
602.0
625.0
602.0
602.0
586.0
586.0
570.0
578.0
578.0
578.0
625.0
609.0
602.0
602.0
633.0
625.0
656.0
656.0
695.0
703.0
664.0
641.0
641.0
633.0
633.0
617.0
617.0
609.0
594.0
602.0
609.0
578.0
586.0
609.0
609.0
633.0
609.0
609.0
602.0
602.0
594.0
594.0
578.0
594.0
625.0
656.0
648.0
656.0
664.0
641.0
625.0
617.0
594.0
570.0
586.0
578.0
578.0
578.0
609.0
648.0
648.0
633.0
664.0
625.0
609.0
625.0
641.0
617.0
617.0
648.0
656.0
633.0
648.0
680.0
680.0
641.0
617.0
648.0
656.0
617.0
648.0
648.0
656.0
633.0
672.0
695.0
680.0
648.0
664.0
703.0
695.0
711.0
664.0
664.0
680.0
703.0
680.0
672.0
672.0
664.0
672.0
633.0
656.0
625.0
602.0
617.0
594.0
641.0
625.0
648.0
625.0
602.0
617.0
633.0
633.0
656.0
625.0
617.0
609.0
609.0
633.0
648.0
672.0
672.0
648.0
648.0
625.0
625.0
609.0
609.0
617.0
602.0
625.0
625.0
633.0
625.0
617.0
602.0
633.0
617.0
609.0
617.0
641.0
680.0
625.0
648.0
625.0
625.0
609.0
625.0
641.0
664.0
648.0
656.0
672.0
688.0
672.0
695.0
711.0
688.0
656.0
648.0
672.0
680.0
680.0
664.0
648.0
641.0
656.0
672.0
688.0
727.0
758.0
758.0
719.0
719.0
695.0
680.0
672.0
695.0
680.0
688.0
703.0
711.0
703.0
672.0
695.0
695.0
664.0
633.0
648.0
680.0
672.0
633.0
680.0
648.0
672.0
633.0
625.0
633.0
648.0
617.0
625.0
633.0
609.0
586.0
609.0
641.0
648.0
617.0
617.0
625.0
648.0
641.0
664.0
703.0
695.0
672.0
688.0
703.0
688.0
688.0
656.0
656.0
664.0
695.0
664.0
680.0
680.0
680.0
664.0
648.0
641.0
672.0
656.0
656.0
656.0
672.0
664.0
688.0
656.0
641.0
641.0
664.0
664.0
656.0
648.0
641.0
633.0
609.0
625.0
648.0
680.0
688.0
664.0
656.0
656.0
633.0
688.0
680.0
664.0
656.0
664.0
688.0
672.0
656.0
664.0
648.0
625.0
625.0
609.0
617.0
617.0
602.0
625.0
602.0
617.0
656.0
664.0
672.0
641.0
656.0
648.0
641.0
609.0
602.0
594.0
578.0
570.0
594.0
625.0
656.0
641.0
664.0
656.0
633.0
625.0
609.0
648.0
648.0
633.0
641.0
641.0
633.0
602.0
609.0
617.0
609.0
633.0
609.0
617.0
617.0
602.0
617.0
617.0
594.0
602.0
641.0
617.0
609.0
617.0
617.0
617.0
641.0
609.0
617.0
625.0
656.0
648.0
695.0
664.0
695.0
672.0
672.0
648.0
664.0
656.0
656.0
656.0
648.0
641.0
680.0
656.0
656.0
688.0
695.0
680.0
664.0
680.0
680.0
680.0
656.0
633.0
641.0
664.0
656.0
688.0
648.0
672.0
664.0
688.0
672.0
672.0
641.0
672.0
656.0
695.0
680.0
672.0
648.0
672.0
688.0
672.0
648.0
656.0
672.0
672.0
641.0
641.0
625.0
609.0
609.0
586.0
586.0
617.0
641.0
656.0
656.0
633.0
648.0
656.0
672.0
688.0
656.0
641.0
656.0
680.0
711.0
727.0
719.0
711.0
703.0
711.0
711.0
695.0
672.0
703.0
703.0
672.0
680.0
672.0
703.0
664.0
656.0
656.0
648.0
633.0
625.0
633.0
594.0
602.0
609.0
625.0
609.0
688.0
617.0
633.0
594.0
641.0
609.0
609.0
602.0
609.0
609.0
594.0
602.0
656.0
617.0
617.0
609.0
578.0
570.0
586.0
695.0
641.0
641.0
609.0
594.0
609.0
594.0
633.0
617.0
633.0
609.0
648.0
617.0
641.0
648.0
672.0
680.0
688.0
695.0
703.0
711.0
719.0
703.0
688.0
688.0
711.0
703.0
711.0
688.0
680.0
688.0
695.0
680.0
672.0
648.0
648.0
648.0
680.0
672.0
664.0
641.0
664.0
688.0
695.0
672.0
672.0
648.0
672.0
664.0
664.0
656.0
648.0
688.0
695.0
719.0
703.0
688.0
680.0
680.0
688.0
688.0
656.0
664.0
664.0
688.0
680.0
672.0
656.0
680.0
680.0
680.0
664.0
641.0
641.0
656.0
648.0
633.0
625.0
648.0
664.0
688.0
664.0
656.0
672.0
688.0
672.0
648.0
656.0
656.0
680.0
672.0
656.0
633.0
641.0
656.0
656.0
633.0
633.0
664.0
672.0
680.0
672.0
648.0
672.0
672.0
695.0
648.0
648.0
625.0
641.0
633.0
617.0
594.0
625.0
617.0
594.0
602.0
602.0
594.0
609.0
648.0
656.0
633.0
617.0
648.0
641.0
648.0
617.0
625.0
633.0
641.0
641.0
633.0
617.0
648.0
648.0
648.0
641.0
648.0
656.0
672.0
695.0
680.0
648.0
680.0
672.0
680.0
672.0
656.0
648.0
672.0
680.0
672.0
664.0
656.0
672.0
688.0
680.0
664.0
664.0
664.0
672.0
688.0
664.0
656.0
648.0
672.0
680.0
664.0
625.0
641.0
656.0
672.0
648.0
617.0
602.0
641.0
641.0
664.0
641.0
656.0
648.0
680.0
672.0
641.0
641.0
672.0
672.0
664.0
641.0
641.0
648.0
680.0
680.0
656.0
641.0
648.0
664.0
656.0
633.0
625.0
633.0
664.0
656.0
625.0
648.0
641.0
672.0
633.0
633.0
656.0
648.0
656.0
633.0
625.0
633.0
633.0
633.0
602.0
633.0
625.0
664.0
617.0
633.0
641.0
641.0
664.0
625.0
648.0
664.0
680.0
695.0
664.0
641.0
648.0
656.0
656.0
641.0
695.0
695.0
711.0
727.0
703.0
695.0
719.0
695.0
711.0
672.0
664.0
680.0
703.0
711.0
688.0
648.0
672.0
680.0
711.0
711.0
695.0
672.0
695.0
688.0
703.0
703.0
680.0
664.0
664.0
680.0
703.0
719.0
688.0
672.0
672.0
711.0
672.0
656.0
641.0
664.0
664.0
680.0
664.0
672.0
695.0
688.0
656.0
648.0
656.0
672.0
641.0
664.0
672.0
688.0
672.0
664.0
648.0
672.0
680.0
672.0
664.0
680.0
688.0
672.0
664.0
680.0
695.0
656.0
641.0
656.0
680.0
664.0
648.0
625.0
641.0
680.0
680.0
680.0
633.0
656.0
656.0
656.0
641.0
656.0
680.0
695.0
680.0
648.0
664.0
688.0
680.0
672.0
656.0
656.0
688.0
672.0
648.0
656.0
641.0
664.0
641.0
617.0
617.0
641.0
648.0
656.0
633.0
648.0
664.0
680.0
664.0
664.0
648.0
688.0
695.0
664.0
656.0
656.0
672.0
680.0
648.0
633.0
656.0
688.0
664.0
641.0
633.0
680.0
688.0
711.0
688.0
656.0
703.0
703.0
703.0
664.0
672.0
656.0
703.0
680.0
672.0
641.0
641.0
625.0
617.0
625.0
656.0
656.0
625.0
648.0
680.0
703.0
688.0
656.0
688.0
680.0
711.0
695.0
664.0
672.0
672.0
711.0
703.0
672.0
680.0
695.0
703.0
680.0
656.0
664.0
680.0
695.0
688.0
672.0
