516.0
656.0
594.0
625.0
609.0
617.0
594.0
609.0
609.0
602.0
617.0
602.0
74570.0
578.0
570.0
570.0
570.0
570.0
578.0
570.0
570.0
570.0
570.0
22008.0
555.0
555.0
562.0
570.0
555.0
562.0
539.0
477.0
672.0
555.0
562.0
562.0
555.0
570.0
547.0
562.0
555.0
2797.0
555.0
562.0
555.0
562.0
555.0
562.0
555.0
555.0
562.0
547.0
562.0
562.0
555.0
555.0
555.0
555.0
562.0
555.0
555.0
555.0
562.0
562.0
555.0
555.0
562.0
562.0
547.0
555.0
562.0
547.0
562.0
555.0
555.0
555.0
562.0
555.0
547.0
555.0
562.0
555.0
562.0
547.0
570.0
547.0
562.0
547.0
570.0
547.0
562.0
555.0
562.0
555.0
555.0
562.0
555.0
555.0
555.0
555.0
562.0
555.0
555.0
562.0
555.0
555.0
555.0
555.0
562.0
555.0
562.0
555.0
555.0
555.0
562.0
555.0
562.0
562.0
547.0
562.0
562.0
555.0
555.0
562.0
555.0
562.0
555.0
555.0
570.0
516.0
602.0
555.0
555.0
555.0
570.0
547.0
562.0
562.0
555.0
555.0
562.0
555.0
562.0
555.0
562.0
555.0
562.0
547.0
570.0
555.0
555.0
555.0
562.0
555.0
562.0
555.0
555.0
562.0
555.0
562.0
555.0
555.0
555.0
555.0
555.0
562.0
555.0
562.0
555.0
555.0
562.0
555.0
555.0
562.0
555.0
562.0
555.0
562.0
547.0
562.0
555.0
555.0
555.0
562.0
555.0
555.0
562.0
555.0
562.0
562.0
555.0
562.0
555.0
562.0
555.0
555.0
562.0
562.0
555.0
562.0
562.0
555.0
562.0
562.0
555.0
562.0
562.0
555.0
562.0
562.0
555.0
562.0
555.0
570.0
555.0
562.0
562.0
562.0
555.0
570.0
555.0
562.0
555.0
562.0
578.0
555.0
562.0
562.0
562.0
562.0
570.0
602.0
516.0
570.0
562.0
562.0
477.0
656.0
562.0
570.0
562.0
555.0
570.0
570.0
555.0
562.0
555.0
578.0
555.0
570.0
562.0
562.0
562.0
570.0
562.0
570.0
562.0
562.0
555.0
570.0
562.0
562.0
562.0
562.0
570.0
562.0
562.0
500.0
625.0
570.0
555.0
562.0
570.0
562.0
562.0
570.0
562.0
570.0
523.0
609.0
555.0
523.0
617.0
562.0
547.0
578.0
578.0
555.0
562.0
562.0
562.0
570.0
562.0
562.0
562.0
570.0
562.0
562.0
570.0
562.0
570.0
562.0
570.0
562.0
562.0
562.0
578.0
555.0
570.0
562.0
492.0
641.0
570.0
562.0
578.0
555.0
570.0
570.0
555.0
539.0
602.0
570.0
562.0
570.0
570.0
562.0
570.0
562.0
570.0
570.0
570.0
570.0
562.0
570.0
570.0
562.0
508.0
633.0
570.0
562.0
562.0
562.0
562.0
562.0
578.0
562.0
570.0
562.0
570.0
570.0
562.0
570.0
578.0
570.0
562.0
562.0
578.0
562.0
570.0
578.0
555.0
578.0
570.0
570.0
562.0
562.0
578.0
562.0
570.0
570.0
562.0
570.0
570.0
562.0
570.0
570.0
570.0
555.0
570.0
570.0
562.0
570.0
562.0
570.0
562.0
562.0
570.0
562.0
555.0
562.0
562.0
562.0
570.0
555.0
609.0
516.0
570.0
562.0
555.0
570.0
539.0
578.0
562.0
570.0
555.0
555.0
547.0
562.0
562.0
578.0
555.0
555.0
570.0
555.0
555.0
562.0
555.0
555.0
562.0
562.0
555.0
547.0
562.0
570.0
562.0
547.0
562.0
555.0
555.0
555.0
570.0
547.0
562.0
555.0
555.0
562.0
555.0
562.0
555.0
562.0
562.0
555.0
562.0
555.0
562.0
555.0
555.0
562.0
562.0
562.0
555.0
562.0
562.0
562.0
539.0
570.0
562.0
555.0
555.0
562.0
562.0
555.0
562.0
555.0
562.0
562.0
555.0
578.0
555.0
539.0
7258.0
969.0
703.0
555.0
562.0
555.0
547.0
555.0
562.0
555.0
555.0
562.0
539.0
562.0
555.0
547.0
555.0
547.0
562.0
547.0
555.0
562.0
547.0
555.0
1664.0
555.0
555.0
547.0
547.0
562.0
547.0
625.0
1617.0
523.0
547.0
539.0
570.0
555.0
547.0
586.0
492.0
570.0
555.0
539.0
562.0
531.0
562.0
523.0
562.0
555.0
547.0
547.0
547.0
555.0
547.0
547.0
547.0
547.0
547.0
547.0
547.0
547.0
555.0
539.0
547.0
547.0
555.0
547.0
539.0
555.0
539.0
562.0
539.0
555.0
547.0
555.0
539.0
555.0
555.0
539.0
555.0
547.0
555.0
547.0
547.0
555.0
547.0
547.0
547.0
547.0
555.0
547.0
547.0
555.0
539.0
547.0
547.0
539.0
555.0
555.0
547.0
547.0
547.0
555.0
547.0
547.0
562.0
539.0
547.0
555.0
547.0
547.0
555.0
555.0
539.0
555.0
547.0
547.0
547.0
562.0
539.0
562.0
547.0
539.0
562.0
547.0
555.0
555.0
555.0
547.0
555.0
547.0
555.0
555.0
523.0
477.0
656.0
523.0
586.0
547.0
562.0
547.0
562.0
531.0
570.0
562.0
547.0
562.0
531.0
477.0
656.0
562.0
555.0
562.0
547.0
562.0
570.0
547.0
555.0
555.0
555.0
555.0
562.0
562.0
516.0
539.0
617.0
555.0
562.0
562.0
555.0
555.0
547.0
578.0
555.0
562.0
555.0
562.0
562.0
555.0
562.0
539.0
570.0
562.0
555.0
562.0
547.0
562.0
555.0
562.0
492.0
625.0
555.0
570.0
555.0
531.0
578.0
562.0
562.0
547.0
562.0
555.0
555.0
570.0
547.0
555.0
555.0
555.0
547.0
539.0
594.0
547.0
555.0
562.0
547.0
555.0
570.0
539.0
562.0
12680.0
562.0
539.0
586.0
469.0
594.0
547.0
555.0
539.0
555.0
539.0
555.0
539.0
547.0
547.0
539.0
547.0
539.0
555.0
523.0
562.0
531.0
539.0
547.0
547.0
539.0
547.0
531.0
547.0
539.0
547.0
539.0
547.0
523.0
562.0
539.0
539.0
547.0
539.0
547.0
531.0
555.0
539.0
539.0
539.0
547.0
539.0
539.0
625.0
438.0
570.0
539.0
547.0
555.0
547.0
547.0
562.0
539.0
547.0
547.0
539.0
570.0
547.0
547.0
555.0
547.0
555.0
547.0
547.0
547.0
562.0
531.0
562.0
2766.0
555.0
539.0
555.0
555.0
531.0
555.0
547.0
562.0
547.0
594.0
508.0
547.0
547.0
562.0
539.0
555.0
539.0
539.0
562.0
539.0
555.0
547.0
555.0
531.0
555.0
547.0
555.0
539.0
555.0
547.0
555.0
555.0
539.0
547.0
555.0
547.0
555.0
547.0
562.0
555.0
539.0
555.0
555.0
555.0
531.0
570.0
555.0
555.0
547.0
562.0
422.0
688.0
555.0
555.0
555.0
555.0
555.0
555.0
562.0
555.0
555.0
555.0
562.0
555.0
516.0
609.0
555.0
555.0
570.0
555.0
555.0
562.0
555.0
555.0
555.0
555.0
562.0
539.0
562.0
555.0
547.0
555.0
547.0
562.0
539.0
562.0
555.0
516.0
586.0
539.0
555.0
547.0
562.0
539.0
547.0
12062.0
562.0
531.0
555.0
539.0
547.0
539.0
547.0
547.0
547.0
547.0
539.0
531.0
562.0
500.0
625.0
484.0
570.0
539.0
547.0
539.0
523.0
578.0
508.0
555.0
555.0
523.0
586.0
508.0
531.0
523.0
555.0
547.0
562.0
500.0
547.0
531.0
539.0
539.0
531.0
539.0
531.0
539.0
531.0
539.0
547.0
539.0
531.0
570.0
500.0
539.0
539.0
547.0
523.0
531.0
539.0
531.0
547.0
531.0
531.0
539.0
531.0
539.0
531.0
1070.0
531.0
500.0
562.0
539.0
539.0
500.0
562.0
531.0
555.0
516.0
516.0
547.0
539.0
531.0
570.0
492.0
523.0
531.0
508.0
570.0
523.0
539.0
531.0
531.0
539.0
531.0
531.0
539.0
531.0
531.0
531.0
539.0
523.0
531.0
531.0
539.0
523.0
586.0
492.0
523.0
531.0
539.0
516.0
539.0
508.0
508.0
578.0
531.0
500.0
562.0
523.0
523.0
531.0
523.0
523.0
531.0
500.0
555.0
523.0
516.0
539.0
523.0
523.0
531.0
531.0
523.0
531.0
523.0
523.0
523.0
508.0
375.0
695.0
539.0
523.0
516.0
531.0
523.0
