594.0
586.0
586.0
594.0
586.0
586.0
594.0
586.0
594.0
578.0
594.0
586.0
602.0
594.0
586.0
594.0
594.0
586.0
594.0
594.0
594.0
578.0
594.0
586.0
602.0
594.0
586.0
578.0
586.0
578.0
570.0
578.0
562.0
586.0
578.0
578.0
586.0
578.0
586.0
586.0
586.0
578.0
586.0
578.0
578.0
586.0
578.0
578.0
578.0
586.0
586.0
586.0
586.0
586.0
578.0
594.0
586.0
578.0
594.0
586.0
586.0
570.0
586.0
578.0
570.0
578.0
586.0
578.0
570.0
586.0
578.0
578.0
570.0
578.0
578.0
570.0
570.0
570.0
570.0
570.0
570.0
570.0
578.0
570.0
578.0
570.0
594.0
578.0
586.0
594.0
594.0
594.0
594.0
594.0
602.0
609.0
602.0
586.0
602.0
594.0
578.0
586.0
586.0
594.0
586.0
586.0
594.0
594.0
586.0
602.0
594.0
594.0
602.0
578.0
594.0
570.0
594.0
586.0
570.0
586.0
586.0
586.0
578.0
578.0
594.0
586.0
578.0
578.0
578.0
578.0
578.0
570.0
578.0
562.0
586.0
570.0
578.0
562.0
578.0
570.0
578.0
562.0
586.0
562.0
578.0
570.0
586.0
578.0
586.0
586.0
594.0
578.0
586.0
594.0
586.0
586.0
594.0
578.0
578.0
570.0
586.0
570.0
578.0
570.0
578.0
570.0
570.0
562.0
562.0
570.0
578.0
562.0
586.0
586.0
578.0
594.0
594.0
594.0
586.0
594.0
594.0
586.0
586.0
578.0
594.0
586.0
602.0
586.0
602.0
602.0
602.0
586.0
586.0
602.0
594.0
602.0
602.0
602.0
609.0
609.0
609.0
609.0
609.0
609.0
594.0
602.0
602.0
602.0
617.0
602.0
602.0
609.0
617.0
602.0
617.0
602.0
609.0
602.0
602.0
586.0
594.0
602.0
602.0
594.0
602.0
602.0
602.0
617.0
602.0
609.0
609.0
594.0
602.0
594.0
602.0
594.0
594.0
609.0
602.0
602.0
617.0
617.0
609.0
617.0
625.0
609.0
594.0
594.0
602.0
602.0
594.0
609.0
609.0
602.0
602.0
602.0
609.0
609.0
609.0
625.0
625.0
633.0
633.0
633.0
617.0
609.0
617.0
602.0
609.0
609.0
617.0
617.0
625.0
633.0
625.0
633.0
641.0
617.0
617.0
609.0
602.0
617.0
617.0
625.0
625.0
625.0
625.0
617.0
633.0
617.0
625.0
633.0
648.0
633.0
648.0
617.0
633.0
617.0
633.0
609.0
633.0
625.0
625.0
625.0
625.0
633.0
625.0
625.0
633.0
617.0
617.0
625.0
617.0
617.0
625.0
617.0
625.0
617.0
617.0
617.0
625.0
617.0
609.0
617.0
617.0
617.0
617.0
609.0
617.0
602.0
617.0
602.0
609.0
602.0
609.0
609.0
609.0
602.0
609.0
602.0
609.0
609.0
609.0
609.0
617.0
609.0
617.0
609.0
617.0
609.0
625.0
609.0
617.0
609.0
617.0
602.0
602.0
609.0
594.0
602.0
602.0
594.0
602.0
602.0
609.0
602.0
609.0
602.0
609.0
602.0
602.0
602.0
602.0
602.0
602.0
594.0
609.0
602.0
609.0
594.0
594.0
594.0
602.0
594.0
594.0
594.0
602.0
602.0
609.0
602.0
602.0
609.0
602.0
555.0
648.0
594.0
617.0
602.0
609.0
594.0
602.0
594.0
586.0
586.0
586.0
586.0
586.0
586.0
594.0
586.0
602.0
594.0
602.0
602.0
602.0
609.0
609.0
602.0
602.0
594.0
602.0
602.0
609.0
602.0
602.0
617.0
609.0
602.0
617.0
609.0
617.0
617.0
609.0
617.0
617.0
602.0
617.0
602.0
602.0
602.0
586.0
594.0
586.0
594.0
602.0
594.0
594.0
602.0
602.0
602.0
602.0
609.0
609.0
602.0
594.0
602.0
594.0
594.0
594.0
594.0
594.0
594.0
586.0
609.0
594.0
602.0
594.0
602.0
602.0
602.0
602.0
602.0
602.0
602.0
602.0
594.0
602.0
594.0
602.0
602.0
617.0
609.0
609.0
617.0
617.0
625.0
602.0
617.0
609.0
609.0
609.0
617.0
609.0
617.0
617.0
617.0
625.0
617.0
617.0
625.0
617.0
617.0
625.0
617.0
609.0
609.0
625.0
617.0
609.0
617.0
609.0
609.0
602.0
602.0
602.0
609.0
609.0
609.0
602.0
617.0
609.0
617.0
617.0
617.0
633.0
609.0
617.0
625.0
609.0
602.0
617.0
617.0
609.0
609.0
625.0
617.0
617.0
609.0
617.0
617.0
617.0
609.0
625.0
609.0
609.0
609.0
625.0
617.0
609.0
609.0
609.0
609.0
617.0
617.0
617.0
609.0
617.0
602.0
617.0
602.0
617.0
617.0
617.0
617.0
617.0
633.0
625.0
633.0
617.0
609.0
633.0
625.0
625.0
609.0
609.0
609.0
625.0
617.0
625.0
625.0
617.0
625.0
633.0
625.0
617.0
633.0
641.0
641.0
633.0
641.0
641.0
641.0
641.0
648.0
641.0
648.0
633.0
633.0
641.0
633.0
641.0
625.0
633.0
641.0
625.0
641.0
633.0
641.0
633.0
625.0
625.0
617.0
602.0
617.0
617.0
625.0
617.0
633.0
641.0
641.0
625.0
641.0
641.0
641.0
633.0
633.0
648.0
625.0
633.0
633.0
625.0
625.0
625.0
641.0
625.0
625.0
633.0
617.0
633.0
625.0
633.0
625.0
633.0
625.0
617.0
617.0
625.0
609.0
594.0
625.0
609.0
617.0
617.0
617.0
609.0
617.0
617.0
617.0
625.0
609.0
617.0
609.0
617.0
617.0
609.0
617.0
617.0
609.0
617.0
609.0
617.0
617.0
609.0
633.0
602.0
625.0
609.0
609.0
602.0
609.0
586.0
414.0
773.0
594.0
625.0
609.0
625.0
617.0
625.0
633.0
633.0
633.0
641.0
625.0
633.0
641.0
617.0
633.0
633.0
617.0
633.0
625.0
633.0
625.0
633.0
633.0
641.0
609.0
617.0
617.0
617.0
609.0
617.0
625.0
633.0
625.0
641.0
648.0
633.0
633.0
648.0
648.0
633.0
641.0
641.0
633.0
641.0
641.0
633.0
633.0
641.0
633.0
641.0
641.0
648.0
625.0
648.0
633.0
641.0
633.0
648.0
648.0
641.0
648.0
648.0
648.0
656.0
648.0
641.0
656.0
648.0
633.0
648.0
648.0
641.0
664.0
641.0
648.0
648.0
648.0
648.0
656.0
648.0
648.0
648.0
641.0
648.0
641.0
633.0
641.0
641.0
633.0
633.0
641.0
625.0
633.0
633.0
617.0
617.0
609.0
609.0
594.0
602.0
617.0
617.0
609.0
617.0
617.0
633.0
594.0
617.0
602.0
617.0
609.0
609.0
625.0
602.0
617.0
617.0
617.0
617.0
609.0
609.0
609.0
617.0
609.0
617.0
609.0
617.0
617.0
2430.0
602.0
602.0
609.0
602.0
617.0
602.0
602.0
609.0
594.0
609.0
602.0
602.0
602.0
602.0
602.0
602.0
602.0
602.0
602.0
594.0
602.0
609.0
609.0
609.0
625.0
609.0
617.0
617.0
609.0
625.0
602.0
617.0
609.0
625.0
609.0
602.0
617.0
609.0
609.0
617.0
602.0
609.0
617.0
609.0
609.0
617.0
617.0
609.0
609.0
609.0
617.0
602.0
617.0
586.0
602.0
594.0
602.0
586.0
594.0
586.0
578.0
586.0
586.0
570.0
422.0
758.0
594.0
609.0
594.0
594.0
602.0
609.0
602.0
617.0
602.0
609.0
602.0
609.0
602.0
602.0
609.0
602.0
609.0
609.0
609.0
602.0
609.0
609.0
602.0
609.0
602.0
609.0
609.0
609.0
602.0
617.0
609.0
609.0
617.0
617.0
617.0
617.0
617.0
617.0
617.0
617.0
633.0
617.0
609.0
617.0
609.0
617.0
609.0
617.0
617.0
609.0
609.0
617.0
594.0
609.0
602.0
609.0
594.0
602.0
602.0
594.0
594.0
594.0
609.0
602.0
609.0
602.0
602.0
609.0
594.0
609.0
594.0
602.0
602.0
602.0
594.0
602.0
586.0
594.0
594.0
594.0
586.0
594.0
594.0
594.0
586.0
586.0
586.0
594.0
586.0
586.0
602.0
594.0
594.0
594.0
578.0
578.0
570.0
578.0
570.0
586.0
570.0
578.0
586.0
578.0
586.0
586.0
586.0
594.0
578.0
594.0
594.0
586.0
594.0
586.0
594.0
594.0
586.0
602.0
586.0
594.0
594.0
594.0
