641.0
633.0
633.0
633.0
656.0
625.0
641.0
648.0
656.0
648.0
656.0
641.0
641.0
656.0
633.0
633.0
625.0
633.0
617.0
625.0
617.0
633.0
617.0
625.0
625.0
625.0
617.0
625.0
625.0
625.0
617.0
625.0
617.0
625.0
609.0
617.0
617.0
625.0
609.0
625.0
617.0
617.0
625.0
609.0
617.0
617.0
625.0
609.0
609.0
617.0
609.0
617.0
609.0
609.0
609.0
609.0
617.0
609.0
617.0
625.0
617.0
617.0
625.0
625.0
625.0
641.0
656.0
664.0
664.0
664.0
648.0
656.0
664.0
672.0
664.0
672.0
664.0
664.0
656.0
648.0
648.0
656.0
664.0
641.0
633.0
633.0
648.0
656.0
664.0
672.0
695.0
680.0
664.0
672.0
664.0
672.0
633.0
656.0
633.0
672.0
641.0
664.0
656.0
672.0
602.0
719.0
664.0
680.0
672.0
664.0
656.0
664.0
664.0
672.0
672.0
664.0
664.0
656.0
672.0
680.0
672.0
680.0
688.0
680.0
672.0
664.0
656.0
664.0
680.0
672.0
656.0
664.0
664.0
664.0
664.0
680.0
680.0
656.0
656.0
664.0
672.0
664.0
664.0
656.0
656.0
648.0
648.0
664.0
672.0
695.0
688.0
695.0
656.0
680.0
688.0
695.0
688.0
695.0
688.0
695.0
695.0
695.0
664.0
672.0
680.0
688.0
688.0
719.0
695.0
703.0
695.0
695.0
695.0
664.0
672.0
688.0
711.0
773.0
750.0
734.0
742.0
719.0
719.0
672.0
703.0
695.0
703.0
680.0
703.0
695.0
664.0
672.0
680.0
688.0
703.0
734.0
719.0
711.0
727.0
703.0
695.0
680.0
680.0
680.0
703.0
648.0
711.0
672.0
672.0
672.0
711.0
680.0
695.0
703.0
695.0
672.0
695.0
695.0
695.0
695.0
711.0
711.0
695.0
695.0
695.0
711.0
719.0
711.0
648.0
734.0
695.0
703.0
703.0
711.0
703.0
609.0
766.0
688.0
703.0
633.0
781.0
695.0
695.0
680.0
688.0
672.0
664.0
641.0
688.0
680.0
688.0
688.0
688.0
695.0
680.0
695.0
703.0
703.0
703.0
672.0
680.0
695.0
617.0
820.0
719.0
766.0
727.0
734.0
734.0
727.0
719.0
703.0
688.0
703.0
719.0
719.0
719.0
742.0
711.0
773.0
727.0
734.0
734.0
734.0
719.0
719.0
695.0
727.0
727.0
781.0
742.0
758.0
773.0
758.0
742.0
727.0
711.0
727.0
773.0
719.0
758.0
734.0
734.0
711.0
711.0
727.0
703.0
625.0
852.0
719.0
727.0
734.0
734.0
711.0
711.0
734.0
758.0
742.0
758.0
734.0
727.0
734.0
742.0
758.0
766.0
766.0
773.0
758.0
734.0
734.0
727.0
719.0
703.0
695.0
711.0
719.0
695.0
680.0
688.0
672.0
672.0
656.0
641.0
648.0
648.0
641.0
641.0
633.0
641.0
625.0
656.0
648.0
648.0
641.0
648.0
656.0
648.0
664.0
641.0
664.0
656.0
664.0
648.0
648.0
648.0
633.0
648.0
625.0
641.0
648.0
648.0
414.0
750.0
648.0
641.0
625.0
641.0
625.0
633.0
617.0
617.0
633.0
617.0
625.0
617.0
594.0
641.0
609.0
617.0
602.0
609.0
602.0
602.0
609.0
594.0
594.0
594.0
586.0
5266.0
586.0
586.0
570.0
594.0
578.0
578.0
578.0
586.0
578.0
570.0
586.0
578.0
586.0
578.0
586.0
578.0
594.0
586.0
586.0
594.0
594.0
586.0
578.0
586.0
586.0
586.0
578.0
578.0
578.0
586.0
570.0
578.0
578.0
570.0
578.0
570.0
586.0
578.0
578.0
570.0
570.0
578.0
570.0
570.0
570.0
578.0
570.0
578.0
570.0
570.0
570.0
570.0
570.0
586.0
578.0
578.0
570.0
570.0
578.0
570.0
570.0
578.0
562.0
586.0
578.0
570.0
578.0
578.0
570.0
586.0
570.0
578.0
570.0
594.0
570.0
578.0
586.0
594.0
578.0
594.0
594.0
594.0
586.0
586.0
586.0
594.0
586.0
594.0
578.0
594.0
586.0
586.0
578.0
594.0
578.0
586.0
578.0
578.0
578.0
570.0
578.0
578.0
578.0
594.0
570.0
594.0
578.0
602.0
594.0
594.0
586.0
609.0
578.0
594.0
602.0
602.0
594.0
586.0
602.0
602.0
586.0
609.0
594.0
602.0
594.0
594.0
609.0
484.0
711.0
594.0
594.0
500.0
695.0
602.0
594.0
594.0
609.0
594.0
602.0
594.0
609.0
594.0
594.0
594.0
586.0
609.0
602.0
578.0
594.0
594.0
602.0
586.0
602.0
586.0
602.0
586.0
602.0
594.0
617.0
602.0
617.0
602.0
617.0
609.0
609.0
625.0
602.0
609.0
617.0
609.0
648.0
602.0
602.0
625.0
617.0
625.0
609.0
625.0
609.0
625.0
617.0
609.0
648.0
617.0
641.0
617.0
641.0
609.0
648.0
633.0
625.0
625.0
617.0
617.0
617.0
602.0
609.0
609.0
609.0
617.0
609.0
609.0
617.0
609.0
625.0
617.0
617.0
617.0
625.0
625.0
633.0
617.0
625.0
625.0
625.0
617.0
617.0
625.0
633.0
633.0
617.0
625.0
625.0
641.0
641.0
633.0
648.0
625.0
641.0
641.0
672.0
648.0
641.0
648.0
625.0
648.0
641.0
648.0
586.0
719.0
664.0
578.0
758.0
633.0
664.0
680.0
633.0
602.0
734.0
648.0
539.0
773.0
641.0
633.0
633.0
633.0
625.0
664.0
641.0
648.0
625.0
641.0
617.0
625.0
641.0
625.0
617.0
641.0
641.0
648.0
633.0
656.0
625.0
656.0
633.0
625.0
625.0
609.0
617.0
617.0
617.0
625.0
609.0
617.0
609.0
609.0
609.0
617.0
625.0
609.0
609.0
609.0
609.0
609.0
617.0
625.0
609.0
617.0
625.0
617.0
617.0
633.0
617.0
641.0
617.0
641.0
648.0
633.0
648.0
633.0
656.0
641.0
664.0
625.0
648.0
656.0
672.0
656.0
656.0
664.0
656.0
680.0
688.0
648.0
695.0
664.0
664.0
680.0
664.0
648.0
664.0
672.0
648.0
664.0
633.0
656.0
648.0
648.0
648.0
648.0
633.0
641.0
648.0
625.0
641.0
641.0
641.0
625.0
633.0
633.0
633.0
633.0
633.0
633.0
633.0
625.0
633.0
633.0
625.0
641.0
625.0
641.0
625.0
641.0
625.0
633.0
625.0
633.0
633.0
625.0
625.0
625.0
633.0
625.0
625.0
625.0
609.0
641.0
625.0
617.0
633.0
617.0
625.0
617.0
617.0
609.0
617.0
609.0
602.0
609.0
602.0
609.0
609.0
594.0
609.0
602.0
602.0
609.0
609.0
602.0
609.0
609.0
617.0
602.0
609.0
609.0
602.0
609.0
602.0
602.0
609.0
594.0
570.0
641.0
602.0
602.0
609.0
609.0
602.0
617.0
609.0
617.0
609.0
617.0
609.0
609.0
617.0
609.0
609.0
617.0
617.0
609.0
609.0
609.0
617.0
609.0
617.0
609.0
617.0
570.0
656.0
617.0
625.0
617.0
617.0
625.0
625.0
625.0
617.0
625.0
633.0
625.0
633.0
625.0
617.0
633.0
633.0
625.0
648.0
625.0
633.0
633.0
633.0
625.0
625.0
609.0
617.0
609.0
586.0
656.0
625.0
633.0
625.0
633.0
641.0
641.0
641.0
656.0
641.0
586.0
719.0
648.0
633.0
633.0
648.0
656.0
641.0
664.0
648.0
656.0
664.0
648.0
664.0
656.0
672.0
656.0
664.0
656.0
656.0
656.0
648.0
648.0
648.0
648.0
648.0
609.0
688.0
633.0
602.0
695.0
641.0
656.0
648.0
641.0
648.0
648.0
641.0
648.0
656.0
641.0
648.0
625.0
656.0
641.0
656.0
680.0
648.0
656.0
664.0
648.0
672.0
648.0
664.0
664.0
641.0
664.0
672.0
664.0
664.0
688.0
656.0
672.0
578.0
766.0
688.0
562.0
805.0
672.0
695.0
680.0
703.0
680.0
695.0
703.0
672.0
680.0
680.0
672.0
664.0
664.0
672.0
656.0
672.0
656.0
664.0
680.0
711.0
695.0
711.0
680.0
695.0
688.0
672.0
672.0
664.0
656.0
672.0
648.0
664.0
648.0
641.0
656.0
633.0
648.0
633.0
648.0
633.0
641.0
641.0
641.0
641.0
633.0
648.0
633.0
641.0
633.0
641.0
633.0
641.0
633.0
