617
617
617
602
602
617
617
641
633
617
625
641
648
641
633
633
617
625
617
625
609
609
609
633
625
625
633
648
656
664
648
648
664
680
656
648
641
641
633
633
617
633
625
617
617
625
625
625
633
641
656
633
641
641
633
633
641
648
656
641
633
648
625
625
641
633
633
656
664
672
664
633
633
633
625
617
617
617
617
602
609
609
625
609
602
617
633
609
594
594
609
609
609
609
625
648
641
641
648
633
633
617
625
625
617
625
617
625
609
609
617
633
609
602
609
586
578
570
578
578
578
570
570
562
555
562
1109
531
547
555
570
578
586
594
625
641
633
617
633
609
602
617
594
602
594
594
594
570
578
1188
609
617
625
617
617
617
625
625
617
1250
617
594
594
594
586
594
594
602
633
648
656
656
672
656
633
625
641
609
609
617
617
617
609
625
633
625
617
617
617
625
617
625
633
656
641
633
617
617
594
602
602
609
602
602
617
1203
617
602
602
594
578
570
594
609
625
641
641
641
633
625
617
625
625
602
602
617
609
617
625
664
656
648
656
664
1273
617
609
609
594
586
594
609
1180
594
586
586
594
602
633
641
633
664
641
625
609
594
594
602
602
617
609
602
617
633
641
633
602
609
602
602
570
562
570
586
586
594
594
609
617
609
602
586
594
602
594
586
578
594
602
633
641
633
633
664
688
695
656
656
641
633
617
617
1883
641
703
719
711
688
656
641
648
641
641
633
625
625
609
1180
594
594
594
609
602
617
648
648
633
641
617
602
617
617
633
625
625
617
633
648
1281
648
695
727
766
797
781
727
672
641
602
602
586
602
617
641
695
1422
672
680
695
656
648
641
641
633
625
1227
602
609
617
648
648
648
633
648
648
664
648
656
641
656
648
656
641
609
617
609
609
625
617
602
586
570
562
547
547
555
656
664
664
672
641
633
633
648
648
633
625
602
609
1234
617
617
602
617
617
648
664
680
672
648
656
672
664
672
672
633
641
602
602
641
617
617
617
617
602
586
602
617
609
609
594
586
594
617
617
602
594
609
617
609
633
625
617
633
641
625
609
609
602
594
586
586
570
570
1117
547
547
547
539
547
531
547
531
539
555
562
547
539
531
531
539
555
547
539
547
539
562
570
594
586
602
617
602
609
594
609
594
578
578
578
586
578
562
562
547
555
539
547
539
547
539
539
539
523
531
531
531
516
516
516
547
547
555
539
555
555
547
570
555
547
555
547
547
539
539
523
539
523
531
539
523
531
523
523
523
516
516
516
516
523
516
516
531
523
508
516
508
516
1023
508
508
508
508
516
1023
523
508
508
500
500
492
500
500
492
492
508
562
570
586
562
562
555
555
539
547
1609
531
539
547
555
539
547
1641
531
539
547
1109
562
555
539
547
523
547
547
555
570
547
570
555
555
547
547
547
539
531
523
531
531
523
531
516
523
1008
523
523
562
523
516
523
531
555
570
562
562
1719
555
1133
555
555
547
1203
641
1281
633
625
617
633
633
617
602
633
625
609
594
609
625
609
586
586
578
602
578
609
602
617
586
1188
578
562
562
539
555
539
547
547
555
539
555
547
562
562
570
1148
578
594
594
594
570
1094
531
516
531
1055
516
516
516
516
531
523
531
523
516
516
516
1031
516
531
523
523
523
531
562
570
570
578
555
578
570
570
555
555
539
555
547
1086
539
539
547
547
547
547
539
555
1133
562
562
539
539
555
539
547
531
531
547
555
539
539
539
523
523
523
523
516
531
523
531
531
516
508
508
523
508
516
500
500
508
508
516
516
523
500
508
508
516
516
523
516
516
508
1023
500
500
500
500
508
508
500
500
500
500
500
500
1484
484
477
484
484
492
945
477
469
477
469
469
469
477
484
484
477
477
477
477
469
945
469
477
469
477
469
477
469
469
469
469
469
469
469
469
469
477
469
469
469
469
477
469
469
484
477
484
477
477
469
477
938
453
469
469
477
484
477
953
477
484
477
469
477
477
477
477
477
477
461
477
477
484
469
484
492
484
477
484
961
477
484
469
484
477
484
961
469
477
492
477
484
477
477
938
453
914
453
453
438
461
445
445
445
438
891
438
445
445
445
914
461
461
469
469
477
492
500
492
492
523
1039
492
492
992
492
492
523
516
523
547
555
547
562
539
539
516
500
508
531
531
1047
523
516
1008
500
508
539
1625
555
555
547
562
539
547
562
539
523
516
508
555
586
578
1094
531
539
547
586
602
945
781
750
711
1289
570
609
633
641
633
648
695
680
633
641
648
664
641
680
1359
648
656
633
617
633
648
625
602
586
578
609
609
641
672
656
648
656
672
719
734
703
711
727
703
969
750
719
719
727
750
805
750
703
891
789
703
656
570
555
547
1125
602
609
609
617
586
617
688
953
766
758
734
695
688
1289
656
781
773
680
625
625
594
578
594
617
914
773
844
875
820
828
820
781
781
844
922
891
758
711
688
680
742
867
852
938
898
836
828
797
727
742
750
789
766
734
703
703
1430
727
750
727
719
672
672
680
1406
672
727
688
688
656
633
641
688
664
695
695
664
680
1328
664
664
656
664
672
672
688
1414
1492
711
742
711
672
680
719
734
703
711
703
695
680
734
750
719
680
727
789
1500
680
2820
1391
1523
742
664
648
1258
1273
617
617
625
711
664
664
711
664
656
1281
633
641
1383
703
695
672
672
680
1328
656
641
641
633
641
664
680
734
2156
695
680
664
664
656
648
641
648
680
672
695
672
688
1359
680
656
664
672
711
688
672
680
664
664
648
680
664
656
672
680
672
672
680
672
672
688
727
711
1508
727
2234
773
805
781
711
719
703
656
641
672
758
1594
750
750
727
1414
688
672
688
695
711
1430
719
719
727
734
742
1461
719
766
742
750
758
719
719
719
703
711
695
695
703
703
711
703
695
680
688
1391
680
680
680
688
703
711
2297
734
734
711
672
664
680
672
688
1516
750
758
711
719
703
703
688
656
656
656
672
1320
672
656
664
648
695
766
750
727
719
648
617
602
1156
570
562
570
1125
633
805
789
766
758
1523
727
742
734
758
773
750
703
703
680
727
703
664
648
672
719
750
727
703
695
750
766
773
742
1523
820
781
750
742
766
766
789
1586
797
1555
805
797
773
773
797
781
1562
797
1555
742
758
766
750
1344
633
648
648
711
750
719
695
656
664
664
695
695
656
633
648
617
609
1219
617
680
680
703
734
703
688
688
672
2031
711
656
1312
648
1297
1391
734
727
1438
688
695
672
680
1406
750
773
2250
3727
742
742
758
750
719
719
711
703
742
1414
680
648
625
633
688
734
773
781
766
758
1516
750
742
750
742
742
742
797
781
766
758
2164
688
688
680
688
680
719
703
1398
688
711
711
695
1422
703
688
1398
2023
672
695
680
711
695
711
719
703
703
734
781
758
656
648
641
641
625
641
641
1320
680
680
680
703
1391
1391
719
734
1508
781
781
812
766
742
1414
672
1344
664
664
648
688
664
1352
680
680
695
695
688
734
1383
656
633
617
656
656
1352
633
633
648
625
617
633
609
633
1258
2055
711
742
742
719
1438
703
711
820
812
1594
773
734
711
711
680
1328
648
1273
633
633
641
633
633
1945
641
648
672
664
672
672
1422
1477
1422
727
703
711
727
727
1438
695
1391
719
1391
664
656
656
1367
680
703
695
695
672
664
688
672
680
680
688
672
688
688
711
688
2758
688
1375
1359
1398
703
703
719
719
2094
703
680
1391
742
695
688
1422
1383
711
703
672
680
664
1961
602
625
617
625
820
734
719
695
688
672
625
617
617
609
617
1320
758
812
812
820
836
867
820
789
750
719
742
719
734
727
680
672
656
1320
641
641
1328
688
688
2078
734
742
734
742
766
750
734
727
703
1352
664
656
695
742
742
1406
672
672
1367
695
2016
648
1367
2117
1359
656
664
680
1320
664
648
1406
664
664
648
664
695
672
656
664
1328
1289
1289
1266
2016
1328
672
641
656
2617
680
680
688
1383
680
688
1391
688
688
719
1406
1383
1375
727
719
688
688
680
664
664
664
656
664
688
734
695
688
680
680
680
703
703
688
672
648
648
641
609
609
656
680
734
734
734
766
781
1414
688
688
680
1359
711
703
727
727
750
711
1438
711
719
711
719
711
688
695
1414
711
695
711
695
711
695
680
711
695
727
742
766
750
742
711
688
2070
680
688
695
672
2000
656
664
1312
1336
680
688
1406
695
695
695
688
688
727
711
703
711
695
1414
711
680
695
680
1328
680
2148
711
742
1398
688
742
734
711
688
758
2383
758
734
734
727
1516
766
750
766
758
1484
750
1461
766
719
1547
1484
1430
695
688
1352
672
1375
695
680
648
1281
625
656
648
1281
656
648
648
648
648
2008
664
664
641
664
1336
672
1359
688
695
703
734
742
1461
742
742
734
734
2133
719
719
711
711
727
1430
742
734
727
711
695
1406
688
703
695
1422
695
711
2125
1398
1398
703
695
703
703
1398
1375
1391
695
688
695
1414
695
695
1375
680
2023
680
1352
1336
664
641
1258
672
656
680
688
1375
672
695
2117
688
703
719
703
688
1375
711
1398
703
719
719
766
1492
1391
688
1398
1484
734
711
711
703
680
680
688
672
672
656
680
695
2039
695
1367
688
688
688
742
711
727
2125
1492
711
1484
719
1453
1438
711
2086
1984
648
648
1273
633
1969
648
648
648
1266
633
625
641
656
1344
672
727
688
641
1273
633
648
656
1945
656
664
1305
633
1898
656
2734
680
680
1398
688
688
2070
672
672
4109
695
703
703
727
688
672
1344
664
1953
641
633
648
641
1336
1320
734
773
758
719
734
719
680
688
688
1398
711
1398
719
688
695
766
1375
680
680
680
664
695
656
2586
1258
641
641
648
641
656
664
656
648
664
672
1344
695
703
672
1914
672
1383
750
2336
2844
633
664
2281
1664
852
1602
1594
758
2164
1422
727
742
758
727
742
742
711
1414
680
672
2008
664
1984
641
641
633
656
648
664
1344
711
719
734
750
773
758
742
727
680
688
1453
2273
758
2156
688
664
672
656
633
633
633
617
1250
625
1289
1305
656
2039
1375
688
688
672
656
664
695
1406
5047
1414
695
1383
1430
688
2094
1398
680
1328
3305
695
695
680
703
1438
703
680
1383
1344
680
703
1492
750
750
1500
727
711
1477
2992
734
797
703
703
672
680
648
664
664
648
664
1312
648
648
641
1266
3375
703
734
1398
742
719
734
1430
727
711
1461
719
734
812
1508
750
742
758
750
1438
1391
695
703
688
695
695
1453
719
1469
727
727
719
742
742
727
1461
1445
1414
2188
1492
742
750
711
1383
672
1320
656
664
2047
1422
695
711
1445
711
719
797
1508
2297
750
719
1477
766
1523
750
2180
734
742
1469
711
1398
1406
695
719
719
1539
734
703
703
2125
688
1461
781
742
1438
680
680
680
695
672
672
3383
1406
703
2820
703
680
1359
672
672
1352
664
1367
727
680
695
680
656
2039
1461
719
1453
703
742
758
1445
688
664
1273
1836
1273
680
1305
648
1328
672
1422
703
703
734
2164
1453
1445
711
734
750
1430
1383
1422
695
664
656
1289
656
1906
664
656
1312
1344
1406
1461
1453
1406
688
1375
688
695
695
2820
695
695
1359
1391
703
703
734
1422
711
680
2695
672
1383
695
695
2102
1375
680
3320
1305
672
711
734
734
742
734
1391
680
648
617
1812
1188
578
586
602
609
633
680
695
688
719
680
711
672
1336
2742
1445
727
719
2203
1430
742
727
742
742
711
703
695
1406
703
1445
1398
703
688
711
695
695
734
688
711
1391
711
711
703
711
2859
734
711
2898
719
1469
742
734
1469
2852
688
680
2711
664
2609
1344
680
1383
688
672
680
1367
688
688
2047
695
688
680
672
703
1383
703
727
1406
688
688
688
688
1422
734
719
734
1438
1414
1383
680
2047
1406
1453
711
695
1352
688
672
1375
711
727
1445
1398
695
688
672
1383
1359
688
680
672
688
680
2039
680
688
734
2164
2109
695
695
703
2141
2945
719
719
3547
695
1406
1445
1469
1438
2883
734
742
734
1461
1484
766
758
766
781
766
1500
1453
750
750
750
2172
1430
2117
2109
688
695
1414
719
1438
2250
1555
758
750
711
2133
695
1422
758
734
781
2836
2648
1383
1453
2961
2773
680
4375
672
805
1562
797
1477
1438
711
711
2969
7039
742
727
719
680
672
664
664
1352
1375
742
734
734
2227
1469
703
1445
711
1398
1422
789
1500
727
1391
688
664
1336
672
2758
688
2805
1344
688
695
1430
1430
703
688
688
672
672
1336
1336
1336
672
1930
633
625
1234
625
633
641
672
1969
656
641
688
4250
2055
688
672
656
1312
656
680
1344
703
2062
1367
1422
688
2117
1445
719
703
2094
1320
672
680
703
711
2188
758
758
750
2180
1422
727
742
1461
727
2828
1391
727
1406
734
711
2125
688
1406
695
2109
1414
727
711
719
711
1414
1398
1375
2008
656
2031
680
1414
695
742
766
1469
1406
672
1320
656
664
1344
2031
672
1312
633
2508
2117
703
1391
1359
1383
711
2844
695
1352
1906
695
781
773
812
1578
1375
703
727
1438
742
2195
758
758
742
719
719
2828
695
2633
672
1375
1445
2297
2203
1391
2359
773
742
1422
2055
1375
672
1344
1375
672
719
742
742
1469
734
703
1383
1375
695
688
695
688
680
727
727
703
695
2094
2086
2086
1445
1438
719
3531
1477
1438
1414
695
680
695
5234
1375
672
2008
680
680
711
2141
727
719
719
711
695
703
719
719
2117
680
2031
4109
719
2188
719
1430
703
1375
695
1375
1383
680
3531
711
688
4656
2000
672
664
2031
688
2094
2039
1352
4156
734
695
711
703
695
688
680
1344
680
2750
2094
695
2078
1312
1258
648
656
711
1406
1406
6234
750
1469
1492
1453
734
1508
742
1492
742
805
773
1523
2844
703
719
719
1438
719
2852
703
2117
1406
695
703
695
758
734
734
2859
1391
2750
711
719
1430
742
719
711
719
703
711
711
719
703
719
3633
1391
1375
672
688
695
688
695
711
1461
4406
2414
773
734
4203
711
727
2086
2016
1375
703
1398
2000
2586
1336
1391
695
688
664
1289
3867
672
2750
1367
711
2797
2172
1477
1445
2914
2164
1500
734
727
727
1422
703
3430
2062
688
688
695
688
2719
688
1367
703
688
1406
695
711
703
2797
703
1398
1414
688
1422
711
719
734
2305
711
703
672
664
1312
680
664
688
1414
719
2164
1422
2883
1430
703
688
688
688
1430
688
719
2102
2086
4281
688
711
1422
703
695
688
711
2891
2117
711
711
688
2867
742
766
773
727
2117
695
680
672
1945
656
1312
1352
664
664
1297
1312
1906
1312
1312
2102
4289
727
1578
828
820
836
875
1539
1961
1234
2531
625
641
3625
781
773
789
758
727
719
742
844
2469
805
773
750
5117
1664
789
789
766
1453
6539
727
1453
695
719
3688
734
1484
1477
727
1523
781
1594
773
734
742
2102
680
688
758
781
750
750
734
742
727
719
734
4359
3562
1641
781
797
805
1555
797
828
820
1703
2516
1555
758
773
750
2156
703
1383
4055
1898
609
1812
648
656
2117
2125
695
2750
719
766
1547
734
1438
719
1422
766
1555
805
781
766
750
742
1469
2234
719
727
2148
711
2180
727
2188
734
719
703
695
1398
688
1391
703
688
688
2773
672
695
2812
2891
2172
2195
1445
1445
2156
695
2133
4953
3555
1484
711
1430
711
711
703
1453
734
750
1523
773
758
750
727
2164
711
703
734
734
1438
2141
2852
695
3523
2750
1375
695
2273
734
2812
2953
727
703
688
688
3188
1242
602
1203
1258
656
648
1391
2188
844
5984
695
2188
1391
672
688
719
703
6055
641
648
2070
3578
664
625
609
609
602
625
3992
656
633
664
1422
758
758
789
1516
734
719
719
2922
2234
1508
766
1477
750
758
773
805
1523
742
1492
1453
719
711
695
2023
633
617
609
609
1312
695
711
727
750
812
844
859
812
734
695
656
2688
633
617
656
836
3469
773
797
781
797
797
797
852
844
859
1656
1414
680
742
1570
742
711
1508
805
711
664
648
648
3484
742
742
1508
727
695
1359
688
703
727
742
758
734
758
766
758
773
758
742
1398
688
695
727
734
758
734
727
727
711
711
2188
1438
742
734
742
727
719
703
695
688
688
680
688
711
719
766
766
758
727
703
711
688
688
773
781
3023
672
1273
656
680
781
820
805
805
773
781
789
750
742
3594
1984
1266
1414
1445
773
805
1664
805
758
750
742
742
750
742
719
758
2383
766
734
727
727
734
2430
3234
1547
766
750
742
719
695
1461
1547
711
688
672
688
758
5180
719
2250
2266
703
2031
1453
727
703
711
727
727
2070
1406
680
2047
1383
1375
656
1320
664
1539
758
1547
1586
727
719
711
711
719
703
695
703
703
734
758
781
1516
695
711
688
734
2219
2008
1430
734
727
727
750
695
711
781
781
773
773
766
727
1344
641
1422
836
805
1664
797
828
852
1617
5992
1383
672
680
750
789
797
750
789
820
852
844
2367
711
2078
773
875
1695
750
758
742
727
1461
1438
734
750
750
773
742
727
1367
672
695
2133
719
1375
672
695
680
1469
758
852
875
867
1539
750
1375
664
2570
1219
1281
1586
812
898
1867
1711
812
828
812
1594
789
820
883
820
789
773
781
2461
1500
3156
2250
4391
695
688
680
703
727
789
2461
766
758
758
766
781
773
773
789
773
2391
750
1414
688
1430
742
781
719
3492
625
1367
766
867
883
852
1680
766
727
688
695
688
680
1438
750
734
2141
727
758
3031
1523
2234
719
2391
820
812
781
789
797
805
797
1516
734
727
1469
3195
1523
758
773
773
781
805
1672
867
836
1602
758
758
750
1508
3969
742
711
2031
688
672
703
734
734
1477
703
688
711
2203
719
727
711
742
1477
1438
742
734
719
742
773
1547
1430
695
1367
1453
1656
1719
812
758
742
2898
1477
742
1484
2375
1555
719
688
1383
1477
758
773
766
781
750
750
734
1438
2789
711
680
1375
703
742
1523
750
711
719
695
695
742
758
2328
1406
680
1430
727
2336
1531
789
2266
703
1312
3312
664
2016
719
1578
766
695
703
1406
734
4148
2727
648
641
633
1828
602
633
594
609
609
602
5367
633
1258
664
727
781
883
2422
5172
1352
2789
703
750
1469
1336
641
648
1383
1391
2109
2031
1320
641
664
648
672
1477
789
1445
719
727
703
680
656
1273
1211
1227
656
2039
2680
688
680
695
719
758
766
2359
789
719
727
1391
703
773
742
1430
711
1445
688
688
1469
805
1531
727
695
703
1984
617
1219
1156
562
1672
562
555
2758
1391
719
734
758
1594
2133
664
664
664
648
633
664
672
1891
594
602
633
3852
1555
742
1430
906
1648
805
797
836
781
734
1406
703
734
742
711
1391
750
805
797
789
781
1523
1469
688
672
742
750
734
734
1453
688
688
711
1430
695
680
719
742
2227
3000
1445
719
2891
1492
727
719
734
1422
1406
5078
727
734
3703
1508
750
789
773
758
758
734
727
695
1398
711
734
688
719
703
703
695
2109
2156
1477
750
742
1414
3531
1430
789
1555
711
688
2578
1320
664
1516
2289
1992
641
672
758
812
3109
758
758
766
719
719
1414
703
734
750
781
758
719
1359
688
711
773
2281
2125
719
719
695
648
1891
1234
617
625
1875
617
602
1219
594
586
594
586
1836
1789
609
1820
1180
594
1242
2398
742
727
734
727
766
773
1445
688
672
680
641
641
1281
672
695
2242
734
719
734
766
3609
664
3430
1375
766
805
703
1375
688
695
1430
773
828
789
766
2242
1453
703
703
2039
734
2289
711
2180
2242
773
789
812
812
820
836
828
812
789
4219
711
742
758
1500
719
734
734
766
750
3531
3367
695
1352
633
2578
648
641
2000
719
2094
1891
1805
1180
2672
1469
703
1430
727
695
2172
2094
664
1375
648
1570
711
695
680
641
1242
2211
2336
719
2891
2406
3445
656
664
664
672
727
1477
727
2805
2992
2305
758
727
1398
2008
2555
648
4102
4125
2680
688
688
1438
4023
1406
3570
742
1445
719
711
1484
3734
727
719
703
1539
1516
727
1445
703
1375
711
703
2719
5438
1367
