8
8
16
8
94
609
281
695
961
961
281
672
961
273
23
680
281
703
969
984
969
266
688
891
266
617
273
617
281
617
953
945
945
266
656
281
625
898
914
938
930
922
938
961
281
656
250
23
672
266
23
648
281
641
281
656
938
922
945
961
273
672
281
688
289
688
258
703
273
695
984
273
688
977
281
695
984
984
945
961
953
281
672
266
711
289
688
258
727
281
688
945
281
664
266
680
938
273
641
281
633
281
625
898
914
273
656
273
672
930
281
633
258
656
914
906
1734
266
578
273
594
266
648
258
672
953
922
945
273
656
297
625
258
8
656
258
23
648
281
648
922
273
609
281
625
914
266
656
938
289
664
273
648
297
617
289
609
898
273
625
938
281
688
1891
930
289
617
289
609
289
625
273
672
281
680
289
1648
281
711
992
984
984
977
281
695
969
289
695
273
711
984
992
984
1008
281
727
1008
289
734
297
695
281
727
281
719
1000
953
961
977
945
297
641
992
297
711
289
703
273
695
289
688
258
703
961
273
648
273
656
266
703
266
727
977
977
945
273
672
281
664
961
297
633
273
664
1219
625
258
656
281
688
1273
719
258
789
273
758
266
781
281
758
266
742
953
922
906
273
633
891
250
62
539
289
570
867
852
1133
844
562
297
547
836
297
531
266
547
812
258
570
281
555
266
547
852
1656
1891
523
789
773
766
1039
492
258
500
1703
508
742
258
1195
734
742
4633
1547
758
758
766
750
766
766
758
781
766
781
797
773
789
750
766
2297
766
242
516
766
734
766
773
2305
797
781
820
844
258
586
1680
820
805
773
781
1484
1461
766
242
508
766
797
797
773
781
2375
836
844
906
891
242
1648
266
648
930
875
242
648
1109
609
852
1078
617
891
1828
297
625
891
258
641
258
641
914
898
258
648
266
648
891
273
633
258
680
922
930
953
258
672
266
711
266
688
250
703
273
625
273
609
859
875
250
633
883
891
258
664
258
664
258
711
266
680
961
2664
1102
531
250
539
273
617
273
586
914
906
875
1133
586
1055
602
266
555
812
867
883
859
281
617
844
258
586
852
836
828
1641
812
820
781
1617
250
547
797
883
258
570
836
273
562
883
258
703
281
672
1008
273
797
258
820
258
828
273
828
1969
234
656
258
641
273
641
281
773
258
859
281
867
281
859
273
1891
922
266
578
266
555
820
266
914
586
273
578
289
891
711
289
789
273
742
281
758
258
734
273
727
250
719
922
883
258
602
1039
516
1422
695
766
898
828
258
672
266
797
977
445
555
969
984
273
711
883
297
555
812
258
1562
203
1094
4422
914
914
945
273
797
266
828
516
555
289
1875
2086
953
938
938
977
242
1805
1023
1312
914
1680
930
258
719
1000
555
383
70
836
883
258
1406
258
570
258
516
773
1516
734
742
734
2328
258
750
39
578
844
250
2445
1102
594
844
789
258
531
266
531
203
617
844
867
219
2250
258
570
242
1398
836
258
602
1688
844
820
812
828
1633
117
148
523
773
789
2430
781
781
812
797
820
1633
391
445
2430
1547
758
227
531
1531
812
852
906
859
1703
2344
250
1359
852
266
680
898
859
852
1688
266
555
812
2453
1906
602
1750
867
258
648
938
2758
883
1172
1625
289
1602
867
875
1906
641
891
1914
1961
938
258
727
2000
1000
930
938
1773
1703
258
555
312
70
430
2555
859
1703
273
625
250
656
891
891
1734
891
891
852
867
242
617
1750
898
883
898
383
477
305
852
1391
844
1664
2484
2422
258
2227
2469
2445
781
812
836
1734
859
883
4281
1047
1281
797
258
523
820
1625
859
859
1695
273
570
828
828
805
1594
1578
789
3977
1586
805
797
812
797
234
586
234
586
828
2461
812
766
797
234
539
758
773
789
758
273
1250
750
750
727
719
2188
1484
766
1508
766
781
766
812
797
734
734
5438
125
1008
1633
2305
1523
766
703
234
1820
1273
1852
602
586
594
578
1117
570
562
2766
1656
578
1156
602
1805
625
625
4516
688
688
688
695
664
1984
1953
2531
664
1578
1180
688
234
469
688
1602
492
3641
688
703
484
219
562
1672
234
641
1680
227
1391
219
555
227
3555
227
1953
945
516
2891
227
1312
2406
805
1578
234
531
219
1273
3992
2445
852
820
859
234
680
867
898
906
906
898
852
820
820
2547
4977
875
242
656
234
633
242
664
258
1555
1156
680
891
961
242
781
250
758
1000
1008
945
1914
148
70
39
680
961
250
680
953
1922
977
953
953
250
945
750
1023
1023
977
1008
1953
945
953
961
992
1023
3031
930
258
680
914
930
961
5594
258
641
266
641
922
2719
875
914
1008
1023
1023
1008
1922
984
3039
984
1008
1242
5523
922
945
977
945
945
945
961
961
914
922
945
938
1938
1867
914
1703
1656
2109
703
898
945
938
906
3453
1766
922
2031
281
773
1016
1016
1023
1867
898
1758
1906
945
1914
1898
258
695
2812
1773
883
4477
4445
898
914
3555
859
875
1828
1805
1742
867
859
3625
898
922
2570
844
2617
844
852
875
906
2680
891
2766
1969
977
2859
3648
961
3094
1023
969
4562
844
867
1797
898
891
4648
930
906
4453
1820
953
992
977
1945
1914
945
969
992
1016
1031
2016
992
945
945
1945
977
2023
992
1008
1016
992
969
3969
1883
945
930
961
977
984
1906
2828
938
945
4805
3930
1016
1930
1211
680
930
977
1945
1953
2031
1039
2023
1016
2023
1016
1008
1000
984
1930
898
883
1719
891
258
672
938
1812
898
898
3711
938
5586
2703
836
1750
3656
3523
3453
914
969
1883
945
2703
1828
2922
2930
1828
875
3211
758
3047
3008
758
734
766
2234
1461
719
711
219
1945
727
727
750
1484
3656
2188
3023
1562
1570
2375
2398
820
1602
4164
1734
875
852
2633
875
867
3633
1828
1836
250
688
1836
1883
1969
977
266
719
938
266
617
922
273
6508
867
1750
930
1852
1836
914
2680
844
875
1812
906
1836
953
1914
984
984
977
1039
2047
1023
266
773
977
1984
4000
1016
266
1734
266
758
266
1734
1328
766
1023
266
789
1031
992
5133
992
1008
273
734
266
1688
1000
2000
1039
273
781
2117
2094
1062
1047
1039
289
781
1023
1016
281
1758
992
281
1773
1258
734
2000
1008
2305
695
266
734
281
742
961
1008
297
727
3305
3742
2984
281
664
984
281
734
2008
281
2758
977
969
281
719
961
1023
273
773
2023
281
758
273
992
742
1023
1266
3969
742
969
273
1969
742
2008
1250
750
281
4773
1312
2016
1781
2930
1250
711
1914
281
680
4812
953
2844
953
297
2664
3023
281
734
3008
3281
1711
984
273
742
1047
1008
3102
1000
1008
6367
758
6914
1008
953
969
281
727
3023
281
1711
1008
320
1711
289
773
2125
1031
1023
984
281
680
945
977
1016
1969
961
1250
719
4039
1000
289
758
1031
969
1289
3648
1016
1000
1000
1023
1016
969
2000
1000
1000
281
1867
3062
3062
281
6922
984
281
719
953
977
1023
2062
1039
297
1844
1031
2109
1945
1875
914
953
1977
930
273
2539
883
836
3516
1906
1945
984
289
1688
266
2820
1000
273
1688
914
281
672
2211
758
289
789
1086
289
773
1078
1070
2320
1742
289
688
297
695
297
2656
977
1031
2008
281
1727
1023
273
2047
1711
281
2547
953
289
2703
1047
281
789
1055
1062
1117
2250
1086
297
828
297
844
1086
1141
289
1938
289
836
297
1914
289
836
289
1984
1117
289
1133
1156
820
1094
297
820
289
828
2477
812
1031
1109
281
859
1055
1133
289
852
305
812
297
797
289
852
297
875
281
844
1086
2250
1125
1211
289
930
297
891
1102
1117
1133
305
1117
781
1133
297
883
297
875
1086
289
820
289
828
1141
289
766
297
844
297
1172
1891
1109
297
758
1000
297
742
992
297
766
297
820
289
789
2086
297
1789
1047
1312
727
305
773
2117
297
789
297
758
1039
289
773
289
766
2094
297
797
2141
297
781
289
781
1016
289
789
3297
297
812
297
836
289
805
3633
812
297
766
289
789
297
812
297
1922
1156
289
875
297
781
1133
297
844
297
789
297
805
1422
766
1133
297
852
305
844
297
773
2234
297
852
1086
1125
305
875
297
875
1117
1102
1422
867
297
812
1148
297
875
297
1164
1891
1117
1117
1086
297
727
305
703
1305
672
1016
1086
1055
2109
1062
992
297
742
297
766
2125
1102
297
828
297
1922
1453
1922
1109
305
805
1102
305
758
305
812
305
875
1500
852
312
867
297
867
1180
1125
305
852
1172
297
812
1109
312
844
297
836
305
781
305
797
305
773
312
719
305
742
305
703
1031
297
766
289
719
297
781
1102
320
773
1031
305
1836
1070
297
773
297
1156
898
297
898
305
883
1133
305
1164
898
1477
812
312
836
297
805
297
805
297
820
312
734
273
742
297
1031
641
977
305
750
1070
1188
297
1234
844
312
867
305
883
297
836
312
859
2266
2320
656
3711
500
1070
4281
5984
1789
1172
641
1969
2383
828
2422
797
1039
3203
1109
1352
1047
789
1031
3297
1125
289
828
297
781
2188
289
820
3344
1133
2250
289
2000
2234
289
3438
1164
2422
1180
836
305
1125
3383
836
281
1969
1438
1102
2188
805
305
805
1070
1070
297
828
305
1961
1484
867
1383
3055
281
812
289
1781
1094
1047
297
727
969
5586
281
2766
289
875
4812
297
1211
805
1016
1055
289
844
1219
289
773
1031
2023
2070
2102
2070
2484
3258
312
2352
820
1133
1164
2539
852
305
891
1172
297
820
3641
2039
6617
297
2883
297
3430
836
1414
1875
305
3984
1109
3602
2008
1156
297
867
1430
805
2258
3695
844
1062
1062
297
797
2094
1070
297
2117
1086
750
2070
4289
3352
2250
289
3312
906
1117
1172
289
1938
2430
3320
1836
1062
1305
2070
727
297
2945
2375
750
1008
1023
289
1086
1742
281
773
1094
2148
1406
1117
1836
1078
5352
664
2297
3664
297
2609
977
297
1711
289
1023
11641
2062
281
2102
672
2398
2789
1984
3055
2094
2156
1398
1148
1148
1094
4125
289
1961
2477
703
1023
281
1844
1398
1133
1938
297
828
297
1875
1070
2156
4766
1125
2188
7594
289
805
4516
2312
1156
1094
305
1062
758
1984
2352
3719
992
305
1031
3156
3328
1164
859
1102
297
773
1430
2055
297
828
1156
2359
1141
2555
1148
1898
7141
820
297
859
3391
5914
820
2172
2586
1922
297
5648
836
1398
4289
1078
297
1125
875
1086
305
781
305
4875
1055
1086
1062
1070
297
1094
1875
297
750
6328
297
1109
789
1047
5406
1078
2047
1078
297
3266
820
2195
305
742
5477
1117
5195
1305
3656
312
961
1969
1016
6211
297
1031
6000
1750
3141
1367
3289
867
297
859
1391
750
3359
5484
1219
1039
5227
3898
7125
3289
1688
6992
297
766
1023
1297
3047
7906
906
1195
2555
4344
1102
1195
4961
1953
7688
289
2055
2320
297
1133
859
289
2266
1086
852
4523
305
836
1094
7422
3203
3125
1039
297
4062
3281
2164
9750
2133
2500
773
1328
9141
1078
4273
1086
2117
297
1914
2125
1344
6086
3273
2242
2102
3164
6086
7094
3734
1000
5195
2125
5477
1148
3383
5641
1164
3445
2297
1414
3203
4789
5836
2398
719
5141
3797
289
6078
297
24305
1430
3430
5219
5734
297
1141
3109
4742
17164
1336
4133
4570
297
805
4547
10391
852
1070
4477
312
4531
3039
1406
1961
2250
2180
297
3953
1328
22586
5328
1070
7383
6516
2844
4336
4414
1055
11711
2180
33562
7117
10250
1055
6195
7367
4289
4188
3219
4227
5172
3422
672
9047
6664
773
1055
7680
7523
297
1773
3219
4234
6477
9680
2391
9391
1039
3297
7930
3227
312
5164
13969
1078
3203
5523
1094
1109
4203
1148
1102
1086
7367
4242
2516
750
1055
1109
5562
297
8328
984
6664
1766
4102
1047
9258
2070
6508
4273
11461
312
2766
4297
1102
3242
1039
5523
836
5234
2062
6352
7227
1008
6336
1969
10578
6469
2156
8672
3242
1062
1055
9461
2086
8281
1031
4141
1047
3188
4148
1031
2141
1055
1047
2000
6078
1016
2086
1016
992
969
6992
1016
12469
5328
2078
3109
2086
23375
2711
6258
1023
17531
5492
1406
1938
21617
3117
2234
2242
10938
4477
6352
3930
4883
953
5062
4156
977
992
1016
2180
1406
9766
8148
1133
13719
2055
1945
2062
4148
10633
30117
297
21656
21242
6156
38672
2062
19781
24656
24164
2086
8328
3352
11133
6008
18078
1031
4180
3227
1039
7367
1062
6305
9336
5047
3266
9430
5133
1008
5219
7297
7367
5156
6227
3180
22922
23406
2078
6844
5859
992
4883
12227
7969
1977
15719
1055
6211
1000
992
3086
4234
1008
5156
1094
2094
6023
2133
1031
4023
4969
5836
953
4781
984
7156
11125
992
