609
617
633
656
641
641
617
633
625
617
617
609
586
586
586
594
602
578
586
609
641
656
648
625
617
617
609
602
617
602
609
617
633
648
664
695
680
664
672
664
680
664
695
727
742
750
703
711
719
1414
711
719
727
711
703
703
703
672
688
695
680
680
672
695
656
648
625
602
586
578
586
602
586
586
578
586
578
586
586
570
562
562
578
594
609
648
688
734
703
703
680
648
656
242
445
688
648
648
656
648
664
656
680
688
695
680
688
703
680
672
688
680
688
680
703
711
703
688
703
711
672
688
680
688
672
688
703
695
688
711
688
695
695
695
703
695
688
703
711
688
680
672
664
648
648
664
688
672
664
656
664
656
664
656
648
656
672
680
688
672
664
672
695
680
703
734
719
719
688
656
656
641
656
633
641
648
656
633
641
641
648
617
625
1266
609
625
617
602
594
609
594
633
648
664
688
680
633
641
641
656
633
641
633
648
641
641
641
625
617
617
617
602
602
594
594
594
594
578
578
562
578
570
594
578
602
648
664
656
672
633
648
633
648
1258
625
609
617
625
617
609
617
1203
578
570
594
648
680
711
680
648
656
633
633
609
625
633
633
656
664
664
680
656
633
609
602
609
617
641
656
656
633
648
641
656
648
672
672
727
719
727
719
727
703
711
688
672
688
680
680
641
656
656
656
656
1914
617
633
625
648
695
719
1438
727
727
703
719
727
711
688
680
688
727
703
695
688
648
656
680
688
688
656
648
617
617
633
648
664
648
656
648
641
625
617
617
609
617
633
688
727
734
742
727
734
734
672
656
617
602
625
641
656
664
672
648
648
633
617
617
633
625
633
625
633
641
656
656
680
656
672
672
672
648
648
648
656
648
648
625
633
633
633
641
648
633
1289
656
641
656
633
617
609
594
586
617
641
664
680
680
1289
602
602
609
594
617
1297
680
648
641
648
648
625
648
641
625
633
633
625
609
578
586
586
602
609
617
609
617
586
594
594
1180
602
609
602
641
1273
641
641
633
625
609
1219
625
633
609
617
602
617
609
633
617
625
602
609
625
656
633
617
609
625
1375
703
695
695
664
1266
625
664
664
1453
727
1430
680
656
664
656
641
1266
641
633
641
641
617
1250
633
648
680
719
703
688
672
664
641
609
594
594
617
625
602
602
586
594
1188
1211
633
1289
680
727
734
688
688
680
2000
711
688
711
773
812
742
719
734
742
695
742
734
750
758
734
719
711
695
688
742
719
711
688
1367
656
664
672
672
648
664
648
648
641
656
664
656
672
672
641
672
688
664
664
664
680
656
672
648
656
672
1289
641
625
609
586
570
594
625
664
672
664
641
656
656
680
695
680
688
688
734
695
711
695
695
703
672
625
633
633
664
695
734
797
1586
789
789
695
719
1398
742
766
789
734
734
734
688
672
688
695
719
727
766
781
789
1484
703
672
656
656
1938
711
758
766
766
766
703
680
695
703
680
703
711
719
727
1414
672
680
711
1516
820
859
812
828
812
773
742
742
758
727
727
742
758
734
758
766
734
750
719
695
664
672
695
742
797
820
773
1562
742
703
680
695
695
695
680
719
734
711
742
734
727
703
719
711
672
695
727
1438
719
711
727
711
680
664
672
711
734
750
695
711
1398
719
727
695
1320
641
617
648
648
664
672
1320
648
617
633
625
609
602
617
617
648
703
703
734
680
625
617
602
1203
594
602
609
648
688
656
664
680
1383
648
641
625
609
609
602
594
570
578
594
1211
594
1172
586
578
586
594
586
594
1188
1148
578
594
594
578
594
586
578
570
586
586
594
586
578
594
594
586
586
586
602
609
586
1219
578
602
609
625
641
602
562
570
1156
641
656
641
672
664
1312
617
617
1383
719
750
797
1523
719
734
758
711
719
727
703
742
734
727
703
711
719
695
680
680
1352
703
750
703
695
1297
625
625
617
609
594
586
594
609
641
609
602
570
578
586
1133
570
617
602
1250
672
656
617
609
625
1273
625
609
625
625
602
594
586
1203
602
602
609
633
633
633
648
664
625
609
594
625
609
602
641
648
625
617
1266
625
1227
625
602
602
609
1211
594
578
617
1273
609
594
594
578
586
562
1148
1180
1172
586
594
578
578
602
656
641
594
1688
547
539
531
539
1125
562
555
555
547
570
555
1102
555
1117
1094
539
547
555
1078
531
531
531
562
1148
1141
547
562
1141
1102
562
562
578
570
547
547
1141
617
609
586
578
578
1203
586
578
594
578
586
586
594
570
578
1141
547
570
562
555
547
562
1141
555
562
562
578
562
1094
555
555
578
1117
562
594
586
1133
570
570
578
562
555
555
555
562
555
547
547
547
1094
1086
539
539
539
531
516
531
547
539
539
531
539
555
531
547
547
562
547
539
555
539
531
531
531
531
531
531
523
523
531
523
516
531
539
531
531
531
1062
523
531
539
539
1070
555
539
539
531
547
531
531
516
516
516
523
539
547
1047
531
531
539
531
539
1078
555
531
539
539
539
1086
1086
531
531
547
1062
531
523
539
547
547
539
547
547
586
586
547
547
547
555
547
539
1070
555
539
1086
1094
2148
1602
523
531
531
539
562
578
1219
562
547
547
547
547
531
531
539
547
578
555
555
555
578
562
555
547
555
547
539
523
531
539
531
531
531
547
555
547
1117
555
547
555
547
555
1148
625
633
586
602
609
625
609
586
594
602
1219
1219
656
1273
1164
539
16
523
523
539
547
547
547
555
562
1148
586
562
570
578
594
562
562
562
555
586
625
656
664
664
648
648
617
602
609
625
633
625
664
719
781
750
703
734
750
727
672
703
734
797
719
797
922
906
773
820
836
773
766
969
867
906
875
719
758
2359
719
828
914
773
719
773
820
797
742
820
898
781
805
930
922
789
953
969
875
898
930
922
1742
875
828
867
891
836
891
906
797
859
859
828
766
742
758
867
750
891
875
914
930
922
898
812
867
852
867
828
891
906
820
891
914
852
883
1680
859
859
1609
812
828
828
812
828
883
922
1773
906
891
797
844
891
844
852
883
891
906
2586
836
844
805
883
820
914
922
922
875
883
852
758
781
789
766
773
789
797
820
836
2523
828
828
859
859
805
828
859
852
805
844
844
844
844
820
828
836
820
852
859
859
812
789
844
852
852
852
852
781
836
820
828
781
828
836
828
789
820
1641
734
766
781
1547
797
789
789
773
758
789
797
766
812
805
1562
812
797
734
805
789
766
742
797
836
828
820
859
1656
812
812
1570
797
797
773
805
797
797
797
727
781
766
766
812
828
828
867
883
828
852
836
812
828
836
844
836
852
859
867
867
828
742
1648
852
1742
906
906
852
883
1641
844
828
805
805
828
836
781
828
836
852
789
852
836
836
844
828
773
1484
766
758
1578
820
1562
789
789
1500
2219
2297
758
805
812
812
789
812
812
758
797
781
1555
828
1672
867
891
867
805
836
844
805
844
844
766
836
859
1688
820
828
820
758
805
1617
758
820
852
1680
812
812
797
797
773
781
734
781
773
812
820
1641
758
789
773
1477
781
797
773
820
805
812
773
805
820
836
789
844
844
820
867
875
852
789
719
758
758
789
820
805
836
844
867
883
867
891
867
859
875
1672
836
828
812
797
828
766
828
828
844
797
844
852
828
828
836
844
1641
828
2336
797
805
828
828
812
852
844
1672
1695
812
820
844
836
812
812
805
844
852
852
859
1695
836
812
812
1547
797
797
812
812
797
758
766
742
742
727
766
742
742
766
742
781
789
805
797
797
812
820
789
805
812
828
781
836
836
844
773
820
828
812
773
820
820
828
797
1633
820
1578
805
766
828
844
1625
828
789
828
844
797
812
812
2445
836
805
797
820
1594
805
805
805
758
805
1594
1602
828
789
1617
812
820
789
781
789
789
766
1477
758
766
742
797
828
820
836
844
797
805
797
773
742
789
1586
789
836
844
852
859
1742
812
836
820
1617
828
828
836
875
891
875
820
844
1648
781
828
820
805
781
797
750
797
805
1609
812
1633
805
836
1633
828
812
758
797
1578
773
852
1750
906
906
867
875
883
820
859
867
805
1719
852
812
852
867
875
1672
859
867
844
859
844
797
1688
1633
844
859
812
852
844
828
797
836
2516
1750
852
883
859
820
820
1711
820
859
875
859
812
852
836
820
773
828
844
852
836
828
844
828
805
805
1625
781
797
812
812
812
781
1633
1578
805
797
789
797
812
789
828
766
820
805
797
781
1523
773
1500
734
742
758
1531
1633
773
805
805
805
1555
1578
773
805
820
805
766
797
805
797
727
711
758
773
797
836
875
836
875
1719
805
844
1680
828
812
820
781
703
734
734
1484
789
820
828
1648
836
797
828
773
820
844
797
836
852
828
758
828
844
844
828
820
1547
758
773
773
781
766
766
734
789
766
766
719
789
781
789
781
734
781
750
773
1477
766
758
758
1523
820
852
812
852
2477
820
812
797
828
828
789
844
875
1672
875
883
852
781
836
852
859
797
852
883
883
852
844
1742
820
859
859
789
836
844
852
805
875
891
875
836
883
883
867
828
797
734
805
812
1617
797
1672
836
844
852
859
805
852
859
875
844
883
906
1742
898
1758
891
891
836
859
883
875
852
852
859
875
2492
789
750
758
734
797
828
828
805
844
1664
828
836
820
797
1664
1680
859
781
867
852
828
867
859
867
844
875
891
1719
875
828
891
906
1773
828
883
891
883
906
852
812
859
883
898
852
906
844
1719
859
1688
773
812
836
789
836
859
828
875
883
906
883
1633
797
766
3156
852
844
898
938
875
898
914
1789
1836
1727
844
805
1586
828
859
883
836
883
875
812
859
875
1797
805
859
867
2508
1555
789
1555
734
781
789
773
805
1648
844
844
844
812
828
812
812
766
805
812
797
727
750
781
797
781
852
867
883
1734
805
805
805
812
812
820
789
797
820
789
789
805
797
781
758
789
758
742
734
758
750
719
727
711
742
758
1492
3117
797
797
766
258
508
2297
3102
773
1578
758
797
812
820
789
758
812
820
812
805
828
844
805
820
820
836
805
781
812
1594
805
844
875
844
898
922
883
922
922
898
1703
867
852
852
891
898
1773
914
922
844
867
891
867
2688
859
914
922
844
875
1797
852
914
930
914
1734
805
867
883
820
852
875
875
1742
2602
875
844
898
914
852
898
898
1742
898
914
844
898
930
883
883
875
844
875
891
859
914
1789
938
953
852
906
906
875
1867
1797
2633
883
875
1711
1836
906
938
883
875
875
883
844
891
906
867
906
930
1781
1805
2578
836
867
1719
797
844
883
898
836
1719
875
805
859
859
828
836
875
875
820
875
867
812
867
891
852
844
875
859
828
1625
859
1695
1734
828
852
852
1633
805
727
719
750
773
797
844
812
867
898
867
906
891
891
1719
891
859
883
898
891
867
898
1742
906
914
867
914
898
1734
898
891
844
906
906
1773
914
867
883
898
883
867
914
1797
1773
891
875
1672
1719
844
898
922
867
906
859
266
609
875
2523
891
836
891
859
852
891
898
828
891
1734
875
883
859
852
1773
875
922
867
852
820
852
875
836
883
1734
852
859
812
812
828
844
820
875
883
859
1758
852
859
883
883
836
898
898
844
891
1750
1750
844
1742
844
844
883
875
828
891
883
1703
883
844
875
883
852
836
867
867
836
883
883
805
859
1688
812
836
836
797
812
1609
1664
867
859
805
852
844
812
828
812
828
805
820
836
2500
836
781
789
805
820
1617
844
875
812
734
711
742
742
805
797
1648
859
867
1711
875
883
1711
914
898
852
867
875
836
1766
930
852
2695
898
906
836
1773
875
1727
891
844
875
891
883
820
859
844
812
797
836
852
1703
883
852
1734
1695
859
820
859
859
820
859
852
812
789
781
1609
781
781
766
1523
2172
1508
711
742
2148
1516
766
789
805
805
836
844
820
852
1680
820
828
1578
812
828
797
859
883
828
883
867
812
3414
1664
2484
836
820
820
805
766
820
1609
1484
797
1617
797
789
812
844
844
1664
844
852
1586
820
836
1641
1547
797
797
758
750
758
719
781
1586
758
797
812
820
1617
805
797
805
789
797
1516
1539
789
766
1664
2641
1789
891
1734
1711
875
820
1695
2477
883
828
883
883
1703
828
1531
781
789
1578
836
1648
852
891
875
2523
2438
812
812
2375
828
820
797
844
1617
3227
828
844
1633
828
820
812
797
781
1516
1492
789
797
4055
797
828
820
1602
2469
836
859
2547
1672
836
828
805
1672
1648
1711
852
1664
820
2461
1656
812
797
797
1664
852
828
3414
1656
1680
836
820
812
859
867
797
883
875
1680
2484
1641
1742
844
883
5141
812
836
828
820
1570
2352
773
789
844
1711
852
867
3328
2430
844
805
859
859
1695
1695
1648
789
805
1648
812
836
852
1656
820
766
758
750
711
1391
1469
1531
727
758
766
797
1594
2531
1688
812
828
805
844
852
820
1695
2562
1805
922
945
945
914
930
1734
891
883
867
1727
906
859
852
1750
820
1727
820
859
1734
820
852
805
828
828
773
812
1617
820
836
828
812
1719
844
836
867
883
820
859
1680
852
1680
867
3320
844
867
1664
1711
805
844
852
836
852
875
1648
758
1594
2414
1648
812
1516
734
1375
1336
680
719
1492
750
727
2156
789
812
758
820
1727
883
930
891
1844
1742
883
852
852
914
883
867
1891
2773
922
891
852
1805
859
922
945
875
2609
3430
875
867
852
867
1703
812
836
2555
1711
867
852
805
1664
1570
750
1617
1617
844
836
781
828
3336
1680
875
1734
875
891
836
1734
1727
2734
938
922
883
898
914
852
875
875
4258
891
883
3312
2375
789
789
742
781
789
781
789
812
797
844
844
805
820
2383
852
844
1719
1594
812
3281
2430
1641
859
883
867
2594
883
867
812
812
844
836
812
867
3430
1656
844
844
828
2617
5359
883
867
891
891
836
867
1703
875
1805
859
914
898
836
1758
836
883
891
875
828
1750
867
812
2539
852
836
1664
2602
844
1781
1680
859
1602
828
812
836
1609
1625
2312
719
664
742
1570
789
1578
789
1648
1547
758
742
734
719
1352
680
695
1547
789
742
773
781
1578
781
805
789
766
719
758
766
758
1523
773
789
1539
727
750
727
1438
711
1445
4867
836
828
2258
258
445
680
2570
1250
602
586
1133
562
562
547
555
1109
547
539
531
531
531
539
578
1156
1930
1375
664
648
641
641
1250
625
617
602
1211
594
1180
594
570
2258
1125
562
555
1094
1125
1086
1078
547
570
1148
1266
602
1766
578
570
578
1711
2289
1742
1195
602
1180
578
562
555
562
578
562
555
555
2211
1102
1094
1086
547
562
1188
617
641
1234
602
1148
1148
1242
656
1266
1227
633
1219
602
1773
562
570
562
2234
1680
1664
1094
547
1078
531
539
539
1070
539
555
1734
602
1172
1148
570
1125
547
539
547
555
2359
641
633
641
1297
1859
594
1211
1211
625
633
633
1203
1234
656
1383
1367
656
648
1266
656
1344
664
2156
711
781
875
1562
1594
695
1414
1977
672
680
727
688
2461
836
1750
758
4070
961
867
805
828
859
766
805
1711
891
859
922
1867
891
1742
797
797
1562
1641
820
2539
844
2477
1664
1703
1625
844
836
1680
828
844
4008
820
1617
750
766
727
695
734
2969
734
2266
789
1625
812
3070
2586
2711
953
1898
1773
805
867
1477
688
672
1281
2328
2219
727
766
3125
820
812
2406
836
805
1727
898
883
953
1711
789
1562
758
2148
734
711
711
711
1453
1516
1516
1523
750
1484
773
1477
2352
781
727
1438
2758
1352
688
703
695
703
719
1445
727
1531
750
812
1711
781
812
844
789
2312
2234
766
2289
1570
758
1594
789
859
1742
3789
2305
1648
3055
2602
875
891
867
859
2484
836
2484
1672
1695
1719
1711
805
812
2312
750
1484
2312
2227
750
719
1477
1539
2438
2453
844
1695
828
812
828
836
797
766
781
3109
1625
750
773
750
2258
1750
781
1594
805
742
805
781
1477
3156
828
3188
1539
1648
789
1664
797
1672
812
1633
820
773
1633
3094
1586
750
797
4438
2922
773
812
875
898
883
898
867
828
836
797
1484
2227
742
1547
3852
703
1422
734
828
3117
758
789
2383
2383
758
812
836
3148
5203
680
688
2039
1344
664
3398
664
695
3570
727
719
742
2930
3531
3875
812
828
3188
4953
2359
1539
781
1562
1648
2516
789
805
805
789
766
805
1594
805
2398
2430
797
3055
758
1438
734
2203
1523
2445
828
844
1695
828
3344
805
820
797
3898
1367
1406
750
1586
1570
2992
672
2008
695
711
680
688
3359
711
711
1422
1484
719
1508
1539
789
789
781
766
1547
734
789
812
4789
719
2109
703
1398
2867
1453
1398
703
4266
758
789
1586
2336
766
1508
750
1625
1602
766
750
1594
3211
812
2852
664
1977
2875
1453
734
758
742
734
750
797
742
805
812
2359
1547
742
680
1336
648
1203
1211
2062
1320
1398
2172
773
836
828
820
859
1711
867
836
1680
883
4578
2648
1719
3258
797
1703
1648
812
3164
1547
2312
758
734
703
1523
789
766
1602
789
1562
1562
1570
820
844
1695
844
812
820
805
812
789
2547
867
1688
4141
1625
828
828
805
812
797
750
773
773
1555
1695
859
859
867
3242
789
797
781
1500
758
766
766
766
789
781
2336
2391
836
859
836
2484
805
805
805
2453
797
4031
836
2531
2539
836
812
766
1461
719
1445
2367
805
812
1625
2438
1555
766
1578
805
1711
836
1602
1523
781
1477
781
1516
3773
797
2406
1648
2508
836
1703
883
2570
820
2445
781
1617
781
781
1570
734
2180
664
656
1969
695
1406
1461
719
2852
711
2094
719
2836
1406
1438
695
703
2766
2773
1359
2680
664
2586
1898
1273
625
633
1914
633
1961
3320
680
688
695
1383
2125
719
758
5227
758
1484
1609
789
797
3133
805
781
2430
773
742
766
1516
766
2250
2164
1570
812
1578
3312
1719
2586
844
852
1672
1797
1766
1789
891
2633
906
891
1734
1656
836
797
805
805
1633
1750
938
906
945
4438
859
859
4305
1773
852
1789
875
844
844
2445
2586
875
1758
1742
3516
1727
3367
1797
875
875
836
789
2281
2453
3414
1664
812
805
3188
1578
805
789
1523
1492
2062
1352
1383
2047
2117
1445
1414
2172
680
672
680
703
1406
680
695
3500
680
695
719
695
2156
3688
1477
742
2148
734
1484
2312
781
1531
750
4438
703
734
750
9109
1625
1539
1492
4469
1594
3898
859
3297
2922
3023
750
805
3320
781
1625
1602
844
1695
1688
859
781
820
3203
773
4641
734
1445
2180
719
719
3688
1492
1492
4406
1445
766
742
789
1602
797
812
805
781
812
1609
844
1680
812
844
812
1625
820
1625
2266
680
648
656
703
1562
4000
766
688
672
4297
617
3102
2586
641
664
1328
2008
703
703
1461
703
2016
1352
1500
1523
742
742
711
734
766
1430
789
2953
1375
672
641
648
1891
609
1812
594
586
1766
586
1180
1219
1203
609
594
1188
594
602
1164
2438
609
1219
1219
617
2430
3711
648
1266
617
4398
3094
633
625
2547
4539
3984
1250
2984
2977
602
2312
2266
547
547
555
2852
1203
1875
648
1297
1289
