617
641
641
641
656
672
648
656
656
641
648
648
664
633
641
641
656
625
641
633
633
633
625
633
609
609
602
609
609
609
617
594
602
609
625
617
617
648
617
641
648
648
633
641
633
633
609
617
609
594
602
602
594
594
594
609
625
656
641
617
617
617
633
625
625
633
633
609
602
617
641
648
656
656
648
641
633
641
617
633
633
633
625
609
617
617
641
617
625
633
633
625
633
656
648
633
648
656
641
633
602
625
625
664
656
648
641
641
633
594
586
594
594
617
656
656
688
680
680
688
680
703
695
703
695
703
703
703
688
695
641
656
648
523
117
594
602
648
680
688
703
703
695
672
633
617
594
602
625
508
117
617
695
711
719
719
680
664
672
680
688
664
641
641
633
664
664
711
711
727
734
703
1453
703
742
734
734
758
750
719
711
672
688
688
695
680
688
688
703
680
688
703
711
695
727
711
719
688
711
711
711
695
680
641
672
672
672
680
703
688
695
695
688
672
680
672
672
633
641
633
641
633
641
648
664
672
641
664
656
672
656
633
609
609
594
609
625
617
641
648
656
633
625
609
594
1156
570
586
648
695
664
672
688
695
1398
703
695
695
688
664
680
695
719
719
719
1352
641
664
664
680
711
727
703
711
727
742
711
703
703
672
672
656
656
1219
469
133
445
133
8
164
438
602
602
617
633
617
562
438
125
570
562
1188
602
562
562
914
16
164
547
539
555
555
547
539
539
555
422
141
594
969
242
164
422
602
586
602
578
586
578
586
609
578
172
406
555
570
242
336
617
609
656
688
656
680
648
633
648
516
156
344
164
156
16
680
547
117
500
148
648
508
117
609
617
625
656
680
648
633
641
633
1203
602
578
586
602
1273
680
734
719
727
734
742
750
750
750
750
750
734
1258
203
398
1758
586
586
617
602
625
625
633
641
625
586
602
578
586
1180
602
602
586
594
609
625
641
664
648
680
688
680
703
1359
664
648
648
625
602
609
609
609
609
617
609
625
633
1867
625
609
1234
602
617
609
617
625
617
1258
617
625
1258
633
641
633
641
641
641
1914
625
625
1250
641
617
641
617
609
609
594
586
586
617
617
641
625
656
641
633
1250
617
617
625
609
641
656
1891
617
609
617
609
625
617
609
625
625
1227
609
641
633
641
656
672
680
648
1219
594
633
625
680
727
711
1500
734
1461
750
719
703
688
680
1320
648
633
656
672
641
1305
656
656
664
648
633
633
1250
625
617
625
625
648
633
641
641
641
1305
641
648
648
656
641
656
648
625
625
625
625
609
609
617
641
625
688
680
672
680
2023
688
1305
672
672
641
633
625
625
609
617
633
625
625
641
648
641
656
641
633
641
641
656
633
641
656
633
641
625
602
625
625
219
430
648
648
641
625
1242
617
625
625
617
1242
617
625
602
609
617
1812
586
586
578
578
594
594
594
602
602
594
594
641
609
617
609
609
594
586
594
594
578
602
594
578
578
586
602
594
594
594
602
602
1789
602
586
1727
578
578
1203
1219
617
633
648
617
633
641
633
625
633
648
1273
648
1305
656
680
1344
1414
1375
695
711
664
672
1367
656
672
672
656
664
1352
656
2023
648
1367
1344
2031
1352
672
672
695
703
1375
695
688
1391
727
703
1516
711
742
750
703
1461
2211
742
1477
758
711
766
750
734
758
781
734
758
1500
758
1555
1547
773
734
797
805
758
773
1555
734
1648
766
2188
2016
656
1359
695
711
672
719
703
703
734
2336
836
805
820
828
820
836
844
852
844
852
852
844
867
867
859
875
852
852
852
836
844
836
836
1648
828
820
812
812
766
1523
812
789
844
812
812
828
828
812
820
820
797
805
805
789
1531
742
727
766
797
758
1594
828
773
781
750
766
1539
1516
742
1453
734
742
711
703
734
734
1375
656
719
711
695
648
1352
695
695
1375
1367
680
664
656
633
1938
672
242
492
750
695
1445
758
711
766
773
758
727
766
734
1422
727
2289
812
789
758
828
836
1531
773
766
750
773
766
711
766
2156
703
1391
695
719
742
727
758
1484
719
742
719
680
703
719
1375
711
688
1320
2016
711
703
1391
1461
695
1477
719
1461
719
672
734
727
719
1430
734
711
742
750
688
711
672
648
2062
773
727
758
766
1508
2289
773
711
789
766
1508
797
734
2297
734
766
766
703
773
781
742
750
797
766
1500
797
742
805
812
711
734
727
750
703
750
1469
727
750
750
711
742
750
750
727
1547
734
766
766
1445
2148
695
2117
734
734
758
1453
1461
1422
734
734
703
719
750
703
703
2844
727
1359
1281
617
625
641
625
656
641
633
656
656
672
688
688
719
703
1422
719
695
742
750
711
758
758
727
1508
727
758
750
1445
734
734
781
742
1500
758
734
766
750
734
758
758
734
812
781
773
1680
789
844
859
812
867
938
867
836
836
789
766
781
781
750
797
781
750
781
766
750
789
781
742
797
781
750
789
797
750
797
789
742
773
766
742
750
766
742
734
781
789
750
742
797
797
758
797
797
773
805
828
766
805
789
766
789
820
773
812
828
781
797
805
750
766
781
773
797
812
766
797
781
742
797
789
750
805
789
742
773
789
742
812
797
742
1609
750
766
812
750
1570
1539
852
1617
844
867
797
836
812
781
812
828
797
789
820
828
758
820
797
750
812
805
766
836
234
1422
789
836
852
789
844
844
1641
859
789
836
812
766
812
883
812
844
906
859
828
867
828
797
844
859
789
852
859
797
828
812
789
812
1594
758
797
766
758
797
781
766
797
805
1586
828
781
812
828
781
820
836
797
805
812
781
1586
758
766
789
1531
805
734
711
711
1508
797
750
789
797
734
766
742
734
797
805
750
789
2312
773
750
734
766
1477
773
789
742
781
797
773
805
797
1570
820
773
1695
805
828
820
758
773
773
742
789
797
734
781
781
758
773
797
758
781
1531
773
797
781
789
820
844
781
828
812
1539
2297
805
766
750
797
758
742
773
781
1570
812
1602
820
1602
859
805
852
875
805
859
883
828
875
898
1688
766
1539
1609
844
789
812
859
797
781
812
805
758
836
867
781
820
836
773
805
836
789
773
820
781
1562
734
734
773
805
773
1648
766
820
805
766
789
820
758
797
805
758
812
812
773
773
797
750
758
781
758
742
773
805
2305
742
773
797
750
789
1570
789
828
820
781
820
836
766
805
812
781
781
828
789
766
789
773
1492
773
1492
766
727
742
758
773
719
766
750
1414
688
656
711
711
750
812
805
766
805
805
758
805
836
781
852
859
820
1672
820
750
805
797
2320
773
2352
758
789
1539
773
805
1578
805
812
758
797
1562
812
828
812
1562
836
766
797
758
734
742
789
773
750
812
820
781
820
828
797
797
844
844
789
2453
1648
2391
2305
836
789
797
828
797
766
797
820
773
789
2328
773
773
742
789
805
781
781
766
727
734
766
734
719
734
1414
1531
758
766
781
750
758
773
758
797
867
1734
836
836
1555
773
742
773
1609
773
812
789
1500
719
664
656
750
797
758
789
781
742
773
773
734
734
734
1398
1383
703
688
672
648
648
656
2062
750
727
1523
758
703
758
734
727
2234
1453
742
2281
719
664
1383
1406
719
734
1469
1445
734
703
688
1438
672
648
711
695
1492
1492
1484
781
1586
844
812
1625
820
1641
812
812
812
1641
828
820
820
812
750
1336
648
656
1461
797
844
1625
844
2461
812
1594
781
2250
1484
773
797
750
805
844
1656
836
797
820
836
781
820
820
766
797
773
2297
766
1562
1508
758
719
2266
742
766
750
727
750
758
1453
766
789
719
1531
766
750
773
773
1539
758
742
2352
1570
2328
773
1508
789
2344
1547
1562
734
1539
1500
781
1578
1664
1625
867
805
836
1664
766
781
758
727
1531
742
773
766
742
773
766
711
742
734
1430
742
727
734
727
719
734
1539
750
1609
1531
820
1570
805
781
750
781
758
711
1531
1594
820
852
1617
820
1562
828
852
797
828
805
742
1516
758
695
672
1336
773
781
758
828
859
1625
1625
742
773
789
750
789
781
758
812
797
1531
2242
766
1562
812
2336
820
828
781
844
844
797
773
1664
781
1656
2344
820
781
789
828
812
1570
836
2312
797
734
781
2312
797
820
1539
1617
758
789
828
1578
773
797
812
750
797
789
773
781
3203
820
758
773
797
1539
1555
789
1516
789
1570
820
812
789
820
836
773
781
797
1516
2352
766
2297
781
781
742
781
805
789
2391
1570
1648
781
1664
797
828
2438
844
1625
828
852
2469
844
797
820
828
766
812
1641
766
758
766
1445
734
1453
1367
664
1422
773
758
719
734
1539
727
742
2219
766
2203
750
1500
789
797
789
1469
758
3023
797
1531
766
1531
781
758
2070
2102
703
672
688
680
1352
2078
1438
688
2164
734
1500
1438
1430
2078
703
1375
688
688
1406
742
758
2188
1383
1398
703
2078
695
695
1375
711
1414
742
758
719
1508
1414
1477
711
1484
1438
734
742
1430
734
1391
703
695
2086
703
672
711
695
680
664
656
633
625
1312
695
703
672
727
4258
727
734
1406
695
688
1312
1297
672
664
648
609
672
656
680
695
688
664
695
2742
1984
1367
4797
773
1516
797
3211
805
1617
2422
3039
3070
781
1516
1461
742
1531
734
773
734
695
703
1320
641
633
633
1914
1281
1344
1352
2766
1398
1375
2125
695
672
2734
680
664
664
672
3273
1336
1414
1375
711
695
680
672
648
1367
703
719
703
1445
750
2242
1461
2195
1367
3320
5641
703
719
719
719
2125
2602
625
633
1938
648
3336
1375
4922
1492
1547
1492
1469
2258
3672
695
719
1430
664
2789
719
703
695
3344
1391
711
1500
6141
1406
672
633
633
1289
648
672
680
648
1258
1266
648
641
648
672
672
1945
1930
1336
641
664
680
695
648
1938
1289
3320
1273
656
664
1289
633
4594
1383
703
1945
1352
688
3320
219
414
195
422
1266
648
633
648
2820
695
711
656
672
1336
695
695
1336
695
1438
1383
695
672
1367
5719
1500
727
695
695
1320
656
633
1242
656
1359
2008
680
656
688
2141
3758
2781
1438
2180
1445
688
648
2062
727
734
734
1961
2883
703
1391
688
2109
1367
672
672
2719
734
2281
1508
727
3523
1273
656
1930
2648
664
727
1430
1406
805
812
805
805
1625
2391
2180
742
1453
3391
750
742
797
2828
719
1367
711
3242
820
828
844
836
1695
844
852
844
1695
844
844
3094
711
2969
2367
828
2336
766
727
727
719
1547
2180
1461
734
2125
734
703
2164
789
789
1516
1344
680
703
711
750
781
758
2922
711
742
750
750
4562
3430
711
1336
3609
727
688
734
1461
2242
719
672
664
1422
1516
703
766
711
234
227
375
1617
797
789
1562
773
758
734
727
2133
2344
773
781
789
1578
781
789
2312
703
1398
680
1367
672
1344
2008
2008
4047
7305
1516
750
773
2336
2914
2117
719
711
1492
2328
3750
750
695
680
688
656
680
2930
750
789
773
773
789
789
1594
1578
773
781
773
773
773
773
1438
672
1438
1547
766
766
773
789
781
781
781
2320
766
2836
2148
2180
1453
727
3773
758
3719
781
781
766
758
766
766
758
766
2984
1477
1961
672
703
734
4977
2766
2188
727
742
3445
656
1352
1336
1250
633
641
641
1242
578
1789
1164
609
594
594
594
1797
586
570
586
1844
594
617
617
2500
1883
1227
602
1211
617
1203
586
2531
2453
1156
2305
1156
1172
578
602
586
594
586
1234
1219
609
602
1195
3000
1781
1188
625
625
648
1289
633
617
617
2977
1180
1172
1734
578
594
625
609
602
1242
1203
602
1250
2539
3227
1383
1328
1297
633
1383
781
4430
727
2078
703
4266
2758
1352
1336
2555
2680
2070
3461
664
1438
3055
805
805
812
820
2500
2438
2469
5867
2531
4211
3984
719
4508
797
781
2258
781
3172
2500
844
844
859
844
852
852
820
828
836
828
1648
836
828
820
828
1641
4578
2484
1656
836
1641
828
1656
820
4109
820
805
820
805
727
773
9023
820
812
1633
812
1633
820
4062
1617
1609
1594
805
797
1602
797
1586
6320
1594
781
781
3172
3133
781
781
781
781
1555
641
625
1945
3633
1336
3523
2789
2352
2227
703
688
695
672
1297
664
664
1273
1234
1820
1242
633
1305
688
1336
664
664
688
695
656
680
1438
1383
4914
2844
2086
1320
1273
633
617
633
688
1312
617
633
633
633
609
617
625
641
3547
672
1430
695
1586
805
711
1555
852
867
875
891
1773
867
805
914
883
1789
2672
867
883
867
789
805
1680
805
852
1688
2547
812
4273
836
891
1719
875
844
1609
2680
875
898
1750
883
3523
891
883
1789
1828
1789
922
898
898
1844
1820
914
3609
2672
859
875
1766
875
891
883
875
883
883
2617
1750
1773
875
891
883
867
3469
844
1695
5836
844
859
844
828
852
852
852
1703
4367
875
1734
875
867
875
867
875
867
3484
867
1711
2570
1719
852
836
844
844
836
844
3336
836
812
820
1594
5062
859
5148
867
1711
1680
859
2562
867
2562
859
852
852
852
1703
852
859
859
836
859
852
1672
3344
844
836
844
4227
859
852
5086
1695
852
859
852
2555
1703
844
852
4227
2492
828
836
820
836
2492
828
2477
828
3297
3328
828
836
1633
820
820
1633
820
805
4922
2453
812
3305
836
5016
4969
828
2469
2461
820
3047
4023
4898
758
1625
3992
2422
1594
1688
836
1656
1641
820
3281
820
820
1656
2484
3305
3297
828
828
2484
820
828
4906
812
812
3250
2453
812
812
812
1641
2453
1633
812
805
1633
1625
1633
812
3844
4773
3156
2461
2453
805
7070
4617
1586
8008
1609
6398
1641
812
5000
844
844
844
4227
844
1664
1656
836
1641
1625
1609
2086
734
7867
3242
1570
812
805
1531
4672
773
766
2742
656
5867
648
3102
7578
6328
1273
1891
617
4336
2570
5898
2672
1383
664
664
711
727
695
680
656
1375
1414
695
695
1414
1391
2969
5852
2125
664
3008
4500
789
1617
2445
2273
2406
1617
836
2500
3273
3195
3211
703
2469
1680
4031
3203
820
3312
2414
836
6672
3430
844
2531
4164
789
836
2414
1719
1703
852
852
2500
828
820
820
820
828
812
836
3312
836
812
828
820
828
2453
1617
1625
1484
758
5922
3258
789
2977
1641
2445
2484
2469
828
828
828
820
812
1633
781
6016
3094
5289
1484
2305
2328
2094
656
680
719
2945
2320
2961
2406
3336
820
836
844
828
1656
4180
828
844
836
1656
1656
836
828
828
1641
820
4070
812
797
6320
3094
766
3211
4797
3062
2281
781
2336
1477
2852
6234
758
2250
4281
2109
1445
734
2133
664
3219
680
1297
703
750
734
4352
1367
3617
758
734
742
1469
2109
648
641
758
789
820
1664
852
2484
5492
2414
1492
1609
734
4117
883
3359
781
1719
1664
875
2617
3648
906
930
4695
5438
2727
867
1852
1766
938
1812
1859
1828
1812
969
2773
1844
914
938
922
1836
938
1859
930
914
914
883
5922
1727
836
1711
867
859
859
406
1281
4148
836
828
1703
1742
2719
906
906
4523
1812
1820
2711
1820
922
898
891
1734
727
3438
859
852
859
3453
875
4398
3531
883
883
875
891
3516
1773
906
1789
898
3531
875
891
883
875
867
4406
898
883
1766
883
891
883
1773
1750
883
5328
891
1781
3562
1773
898
883
898
3562
1750
883
1750
2609
867
1742
883
867
875
883
1766
875
867
875
867
852
1570
781
781
4180
852
1688
4211
836
852
5891
836
852
2547
844
844
3391
1695
2531
1695
852
1703
859
1703
1719
828
852
836
844
836
836
4188
844
844
2539
852
2531
836
844
4188
3344
828
844
6703
781
773
4938
1695
859
3398
852
1680
859
1695
844
852
1688
2523
1680
844
836
844
852
1688
844
1688
852
852
852
2539
852
2523
844
3336
836
836
836
4984
1664
836
836
836
2516
2508
9469
5852
1680
1656
836
820
6641
844
3375
2531
844
2523
1672
1688
1672
828
1664
1680
820
1672
1664
2469
828
1648
1641
1672
820
3328
844
836
1664
2500
836
820
1656
836
820
1656
828
1641
828
820
820
836
828
3156
2352
3250
5719
812
3219
812
812
1633
1633
820
1648
820
820
828
828
4023
805
1602
3234
2453
2422
1625
805
2430
812
2438
805
812
1625
805
2445
2453
1641
828
828
844
5828
828
828
4094
2477
828
1633
828
820
828
1648
828
820
828
828
3258
820
812
1633
3281
820
1641
1648
1633
828
1656
1656
828
8086
2398
828
1641
1641
4102
812
5781
1672
5000
812
828
828
820
828
836
1664
836
828
828
828
820
1648
3281
1625
5703
2445
820
820
4914
3258
805
1641
805
1633
812
1648
820
828
844
4133
844
828
3297
836
820
5445
