422
211
617
625
641
617
641
625
625
641
641
625
633
625
406
203
641
602
617
625
617
648
617
625
641
648
648
648
625
641
633
641
414
219
406
203
430
203
633
414
219
617
625
602
633
617
633
633
625
617
625
414
219
602
609
641
406
219
398
227
391
219
609
617
1016
242
586
625
617
609
609
398
195
406
227
375
211
398
219
578
398
219
375
234
352
8
805
383
812
609
602
633
594
406
195
1227
609
375
211
594
586
602
383
219
594
617
641
617
664
625
453
188
648
680
664
422
883
594
461
227
633
648
1242
406
195
633
586
406
195
414
602
602
820
406
203
641
422
203
438
211
438
867
688
672
711
695
461
219
461
227
680
688
703
445
227
1406
695
484
227
680
664
656
1070
219
656
641
414
211
641
602
648
625
438
219
414
227
648
648
1156
211
477
219
695
1383
703
703
711
688
695
703
695
484
234
672
727
703
695
492
227
453
219
680
664
656
1367
664
734
688
703
672
680
680
672
672
664
656
453
211
469
219
688
469
219
680
484
211
461
211
461
219
453
227
445
234
641
672
672
680
438
883
625
656
633
648
656
641
664
711
695
734
508
219
516
719
219
688
711
453
234
680
648
688
430
656
211
453
211
688
641
695
656
680
719
469
188
47
703
703
719
711
719
695
672
484
211
461
227
445
227
438
219
672
656
680
656
672
461
1633
711
484
219
719
719
430
227
648
1328
625
648
633
422
211
648
398
8
211
414
227
398
219
406
211
422
633
211
625
656
641
641
422
211
656
633
656
758
766
711
680
641
453
227
664
680
656
1328
1930
617
609
406
820
398
875
1117
906
734
680
445
172
55
438
203
453
219
648
656
414
641
867
609
656
633
414
219
422
219
656
672
1375
656
680
648
445
227
664
648
422
234
625
430
656
227
633
438
219
430
219
648
406
859
617
414
219
609
656
633
664
1320
453
227
680
477
219
492
219
680
688
672
414
859
422
633
211
422
859
633
641
641
633
633
641
625
633
1289
648
633
1273
430
219
641
633
656
656
664
664
656
422
227
656
414
203
430
859
398
203
414
8
203
438
203
1305
633
414
852
438
211
438
203
664
641
664
641
438
875
641
648
633
641
1242
648
625
664
391
2828
1359
430
211
445
219
438
648
219
422
180
312
148
828
633
641
602
422
617
617
1445
391
211
398
211
383
219
391
219
375
227
375
203
656
641
680
688
16
453
227
461
219
445
227
453
227
664
656
641
672
422
1469
406
227
617
391
219
609
398
219
602
406
219
609
1227
641
430
203
445
227
656
648
438
227
633
625
648
617
406
211
422
1242
219
406
211
398
820
609
406
219
383
211
391
602
227
383
820
617
406
211
414
219
633
641
445
203
461
211
484
914
461
211
1383
695
688
461
211
1961
656
641
641
625
633
641
430
211
461
227
656
680
461
1602
680
680
477
219
688
719
688
1383
727
703
703
711
727
734
727
1484
727
719
1219
211
727
695
500
227
703
703
500
938
688
500
227
484
930
461
211
484
219
680
477
227
453
219
688
680
672
688
445
211
461
891
453
219
461
906
453
227
664
469
1570
438
203
688
453
227
453
219
648
445
211
2000
445
234
453
219
469
211
680
445
227
8
641
1328
641
664
1344
680
445
211
664
672
688
648
430
227
680
688
742
742
758
547
227
758
711
703
461
219
664
664
664
648
445
227
430
203
453
195
688
1328
680
711
680
484
227
711
711
695
703
484
219
711
688
695
453
906
1781
1570
438
211
469
203
484
203
688
477
227
1148
922
680
477
1609
672
680
672
688
672
672
688
688
711
461
219
695
492
719
930
1383
695
703
680
680
461
1406
219
719
695
727
703
492
219
492
211
734
688
688
453
227
680
695
695
492
219
711
711
695
711
680
688
453
219
461
227
711
1398
727
1422
688
711
711
742
727
742
703
734
695
688
1391
703
703
711
719
500
227
734
742
516
203
758
703
695
477
227
477
938
688
695
703
469
930
719
734
742
539
234
1281
227
516
234
508
234
492
227
508
234
734
500
234
2891
711
1406
703
719
734
719
719
742
1453
500
219
711
492
219
695
477
695
922
477
227
2188
750
773
734
469
930
1328
461
914
438
227
469
227
461
227
453
898
1133
227
1367
469
227
688
711
1391
672
469
219
695
695
1391
1414
703
711
703
695
719
688
703
703
477
922
1148
922
695
688
469
695
953
1422
500
234
484
938
1203
234
711
695
703
695
461
227
1391
1172
922
1375
1438
727
719
711
1164
1594
680
680
703
1922
727
1664
484
227
1375
688
1375
688
695
477
234
695
695
2211
766
758
523
977
1438
1164
703
914
688
672
1406
688
445
211
688
445
672
203
2055
477
211
469
227
445
227
672
1977
414
2805
391
219
633
398
219
398
227
391
1469
625
1266
641
641
430
891
453
227
680
672
438
227
656
1094
234
641
1281
398
219
398
625
227
633
414
867
688
680
703
477
914
648
664
664
648
1055
234
625
656
664
1961
2016
1383
688
1344
422
227
2586
1305
664
648
656
703
438
234
1320
688
1781
211
438
227
641
406
219
414
8
219
414
844
1320
680
656
664
1094
891
1305
430
211
672
1312
656
656
1977
648
422
867
656
625
641
1234
406
852
609
1297
656
1883
414
633
219
625
648
656
453
906
719
703
1375
664
648
633
1664
234
414
227
430
219
1336
3375
438
227
430
680
664
227
680
664
688
664
1352
656
1320
625
633
1281
414
227
1953
469
219
1227
219
1297
234
516
758
227
719
703
688
2039
430
664
219
664
664
422
1492
1875
1234
633
422
211
688
1492
766
586
242
562
195
586
2438
719
703
672
1297
453
219
656
1922
406
852
617
2539
461
219
1375
2180
727
1430
711
695
672
695
664
484
1688
773
750
1492
750
1477
758
742
734
1430
727
711
477
211
2164
734
500
219
1469
711
2125
672
461
219
461
227
461
227
1398
2141
508
227
492
227
719
492
227
711
1406
1406
680
664
1359
656
1391
492
219
508
227
727
1227
234
695
727
1383
2039
695
477
234
1438
758
516
234
1469
1211
2359
484
227
1375
461
234
2055
492
227
500
727
2203
234
492
227
727
2102
453
891
672
1344
461
906
453
1586
469
219
484
227
500
227
727
523
953
500
219
508
234
727
719
1211
953
703
477
219
703
703
695
1883
234
703
1219
734
227
2734
234
477
938
750
633
2477
234
430
664
227
430
242
422
195
1727
234
633
609
406
219
1242
633
633
609
602
992
1188
1172
594
586
594
219
617
641
1297
641
648
1914
656
641
711
648
2008
641
1938
672
1961
664
703
680
695
711
1383
703
664
688
664
641
656
1305
617
1289
625
656
633
1938
641
648
1258
609
633
602
398
219
1883
617
633
633
648
1250
617
602
633
641
688
1469
773
766
781
758
742
695
703
695
672
648
648
1305
1367
656
695
672
648
570
1016
758
758
1461
734
688
664
703
680
672
672
703
695
727
703
719
1414
711
812
539
219
734
711
2047
688
2000
727
719
719
711
711
656
1938
1258
2047
742
719
727
1484
695
695
688
2672
656
422
227
648
648
1289
2008
688
2078
672
641
680
641
664
1922
1914
1297
1320
1328
1305
1281
664
641
672
695
703
711
711
2078
680
672
648
656
648
2602
680
688
680
688
680
672
672
664
656
656
672
641
1914
1289
672
656
648
438
211
672
656
664
656
656
672
680
680
688
1383
1391
688
688
695
1352
680
664
664
648
648
656
1977
656
2031
688
664
672
641
648
648
664
1336
1336
672
664
664
648
1281
633
1289
656
2000
688
695
680
680
688
672
664
1312
1953
2531
625
633
1234
633
625
648
633
688
664
1383
688
2031
1328
688
648
688
672
688
680
1367
664
2594
633
609
609
617
1266
664
672
695
703
773
766
766
742
695
680
672
680
648
641
664
633
633
1273
6453
664
672
641
1312
641
664
625
641
633
625
1320
633
641
1320
672
695
1359
680
1320
641
672
633
594
3797
680
711
742
766
758
695
711
688
1969
3164
656
656
1922
664
648
641
625
1258
633
648
5172
1383
1344
680
672
680
664
656
1953
633
625
617
680
633
656
4664
1305
633
625
1273
656
672
1359
688
727
711
742
719
695
672
2633
2586
664
664
2031
703
2094
1414
1352
1352
1359
1375
1391
680
727
3484
1375
641
2703
656
672
609
1977
2070
711
695
672
1328
633
664
1938
1250
641
648
648
672
711
2789
688
680
656
1312
703
648
1336
656
672
664
688
2430
234
648
688
2000
1922
641
406
844
633
633
625
594
3133
664
695
727
742
711
727
2734
3578
1445
1234
1281
2008
664
695
680
648
2484
602
609
3789
602
625
617
609
664
3289
664
688
641
680
1305
2586
633
664
680
703
703
750
680
750
656
672
625
617
625
1219
617
1258
625
594
625
828
406
867
375
625
625
641
617
672
3688
398
180
438
227
1211
641
2359
367
1125
562
547
1109
555
555
797
312
1688
555
1141
2289
1125
562
3828
1602
1609
3242
2195
2758
547
547
1086
3758
531
531
2750
578
570
2297
562
562
3406
1500
672
672
656
648
445
211
1867
1227
602
1812
594
375
1969
594
406
203
617
602
4328
391
195
594
2445
633
633
1844
625
3086
1219
1227
617
633
641
2531
1219
617
1211
586
1203
1211
609
430
211
664
688
750
1492
695
680
1914
602
1242
367
219
1789
602
617
3828
422
219
617
625
391
195
617
3719
1227
977
219
570
4898
617
1844
633
633
633
633
648
633
1852
609
3023
1758
594
1195
602
1273
617
4234
617
609
602
633
641
1305
633
625
625
2523
617
4867
2398
2125
2281
562
562
1109
1672
2445
1523
781
609
1258
633
1242
5539
547
1094
4727
2445
3070
2031
641
617
609
617
4289
1930
641
648
625
617
617
1820
375
805
594
617
1211
633
1258
617
633
641
625
1258
633
602
609
3109
1273
641
594
2547
609
1195
617
1859
680
664
711
695
727
734
750
750
695
719
1312
641
633
625
625
5719
4234
1203
1805
648
625
1945
664
656
3242
625
1234
7859
617
594
6438
688
664
2656
633
641
1234
664
594
633
1297
648
1273
625
617
1266
625
4453
641
3141
586
1797
3094
656
1977
656
1312
1906
1867
602
602
1773
3117
2750
625
656
1258
625
625
625
3039
617
1906
4945
1156
375
2531
1781
633
1281
648
664
1273
633
633
1867
2773
1383
625
609
3273
1953
625
648
633
625
1805
2992
594
617
1203
1844
617
641
1258
641
625
625
609
1617
219
633
1266
641
1359
664
648
633
625
1250
602
594
3727
641
422
211
3133
625
602
391
211
2375
602
609
5477
594
602
1180
6188
586
609
625
4078
1320
641
633
1227
617
4891
1250
1867
641
633
617
1820
602
625
586
1211
578
586
1766
2484
4359
602
2391
594
1859
633
2508
3633
633
2438
2469
617
664
664
3781
1188
3102
672
2148
703
5930
664
641
3211
1250
625
2531
1328
461
219
703
2688
648
1234
1797
1203
1250
1328
695
680
688
680
664
2531
1836
398
211
609
961
602
1445
1297
664
664
1273
617
617
1023
211
633
1250
609
1281
633
1914
625
609
1844
383
219
3727
633
2547
625
617
1266
625
1266
602
1242
609
609
617
1914
656
672
1266
609
398
211
602
938
3133
1781
602
1258
641
656
664
1312
656
648
641
4617
422
203
625
375
234
586
609
7742
227
609
2539
664
688
1328
1266
633
617
609
1875
648
680
2977
734
711
688
688
672
641
672
633
2516
3977
695
1359
664
1312
1328
1305
648
641
641
656
1320
1375
703
695
1328
641
648
617
641
3719
1219
5086
664
648
656
1891
617
3766
3297
1992
656
5508
617
1305
1344
4008
625
617
2367
602
578
1766
625
1219
1227
617
1211
586
641
633
609
633
3023
594
1188
609
609
359
1398
383
219
586
2977
1242
617
641
664
648
664
1883
602
617
2977
1758
609
367
219
594
594
2461
609
633
656
617
1828
594
367
2305
219
2664
2812
758
3891
328
547
1648
539
2953
4961
625
625
625
4281
1859
633
1266
648
664
1969
641
2516
609
1883
641
4562
633
625
1250
617
609
5562
602
594
1180
2977
633
375
219
2109
2266
1711
2031
2555
633
633
609
3539
3047
695
672
664
648
656
7641
1578
2594
4227
1867
664
1453
1461
703
680
4508
625
2508
1219
1211
1234
609
633
1312
680
664
633
641
6680
1281
1344
688
3250
609
2445
594
1898
695
734
758
742
734
1391
680
2547
609
1828
1219
625
1930
648
648
1305
1281
625
1875
609
609
1867
2484
617
1219
625
3008
594
617
625
656
648
672
688
1992
1930
1906
609
2406
1859
2609
664
2008
2031
664
1281
1250
1570
1383
4023
742
7188
602
5828
625
633
664
711
727
742
742
727
5117
609
4984
211
3406
1539
734
711
2688
3273
5117
617
1242
2414
1250
641
648
3328
1961
648
1938
1969
664
2008
664
664
648
633
641
4297
602
602
594
4898
656
641
3086
1203
1164
617
594
602
4008
688
711
680
664
5492
1531
203
375
2594
2594
3875
633
609
609
586
6562
602
617
2562
1336
1297
1289
633
625
3109
617
602
625
609
3891
672
3164
1820
586
5383
3500
391
820
1797
594
617
1281
672
3977
617
1219
602
4258
2734
711
680
8984
1523
789
734
1383
672
3852
609
586
3594
1906
641
4281
391
211
391
195
3305
672
680
664
656
648
656
648
1273
633
633
1305
1250
617
1258
2477
617
609
4305
594
1812
602
609
3461
1508
1414
695
688
703
688
1320
7812
1391
1320
5188
4648
633
5719
648
672
695
703
3930
3852
617
398
203
2500
1977
680
1305
633
633
3781
1234
1203
633
3062
633
1297
672
672
648
641
633
625
594
602
5031
1141
195
375
570
570
2805
555
3875
562
211
586
391
2656
4969
609
586
586
1539
1156
211
586
3242
3438
2539
383
219
1797
1203
398
211
602
594
609
4109
1805
578
594
609
586
594
1164
2336
1203
617
602
625
617
625
617
625
609
625
594
609
1188
594
1188
586
586
609
1234
1289
648
641
633
648
617
625
617
2438
1188
375
4492
664
672
688
1336
1906
2453
375
805
3602
3219
609
7664
602
648
664
2031
648
641
617
1836
1805
984
1148
578
3781
1266
672
680
680
672
664
2000
648
633
633
625
617
617
625
1883
625
617
609
4461
578
805
586
1820
609
609
594
9336
562
1961
5062
6555
8492
1711
6805
4406
203
570
570
1211
633
633
680
672
1352
1305
609
602
594
1172
1727
594
1172
1156
1188
7102
672
688
711
703
641
672
672
648
3078
2094
3344
203
570
633
1305
1391
672
625
6758
1109
5047
570
2508
344
7086
3203
1211
406
195
2711
18141
1078
2992
609
664
1594
820
758
727
656
656
609
1750
945
4492
531
1812
570
2336
586
391
10641
555
211
2055
3758
672
672
656
10594
10234
1133
2531
2719
789
1523
2281
555
555
195
578
3781
1281
625
3008
922
1328
617
1188
1203
1859
617
1250
1906
3148
617
1867
1234
15516
625
633
617
3727
3023
1891
719
1266
625
1875
5039
2578
625
633
648
1859
5422
3398
4477
609
13172
5008
625
641
3039
586
375
578
13469
1422
711
703
7391
3492
1727
656
664
1273
641
1320
664
3859
602
4289
1281
648
1906
10258
625
12273
977
219
13312
1094
656
648
3664
578
2359
945
8
203
375
578
4695
9266
562
2086
789
2414
1414
1953
1227
2422
2156
9375
1906
641
9852
1312
1297
625
4320
617
609
2984
19266
625
5922
2977
10719
4664
5719
562
570
1703
1953
2305
5117
1484
766
1453
2062
1953
648
2500
617
4344
1273
1898
625
3102
6016
4938
648
5039
5969
1836
14219
1242
4305
1180
586
586
1180
4352
625
617
625
617
609
3617
2453
617
625
5500
586
1781
602
633
617
609
3734
4812
3031
2438
2453
617
12492
602
625
6383
609
6250
1305
1289
625
641
3500
844
5680
1203
1227
1914
664
3984
1273
3734
1234
602
1953
656
641
633
2445
602
625
7000
1820
602
602
8445
4906
3109
641
641
641
664
4359
617
617
617
609
6328
688
3273
1227
617
5867
1523
1969
656
602
4211
617
609
594
1219
602
1883
633
3102
617
602
609
594
1211
5945
1781
1797
3055
1266
3898
648
594
625
5336
4711
18336
6484
1539
8
2555
7594
617
9891
4172
8445
2922
602
15195
5000
1844
1250
5914
3195
656
1273
3141
602
609
617
9398
1836
1805
17805
672
41156
3023
648
672
10070
3031
1883
633
10461
594
4227
4289
11273
1312
4422
617
12508
4914
1227
648
648
10055
617
6398
625
10992
703
680
18008
1867
10641
1211
1289
648
1359
1336
656
2508
7023
1859
664
5844
10328
