703
695
734
852
938
812
734
719
727
766
828
859
852
266
508
766
789
836
281
531
781
711
711
719
727
734
703
266
461
805
844
781
742
781
789
812
742
727
758
805
859
750
758
773
781
719
734
281
469
750
695
695
719
711
703
711
742
734
766
797
844
805
750
766
734
711
688
664
672
648
656
680
688
719
805
773
742
789
820
758
719
711
680
695
719
688
727
750
789
273
469
789
812
734
766
734
703
688
672
656
664
672
719
711
750
773
742
758
742
711
711
695
273
398
656
664
695
273
500
773
266
484
273
469
695
1336
641
617
617
617
617
594
609
609
625
680
664
695
766
867
758
258
539
852
766
742
703
664
656
656
664
703
680
711
750
281
422
734
734
742
711
758
766
1562
828
742
1469
719
727
727
727
273
453
719
719
742
742
742
719
711
719
695
734
258
461
703
734
742
734
703
688
688
680
688
719
711
711
742
742
703
695
680
656
656
656
656
672
719
766
734
742
797
797
781
766
719
758
750
766
711
734
781
844
758
797
844
906
781
773
797
781
805
750
781
820
805
789
789
273
523
734
273
484
742
789
742
773
281
477
758
719
750
273
547
797
273
500
781
781
750
734
789
797
742
797
883
859
797
805
781
734
727
734
742
742
281
406
711
742
789
758
1555
758
773
727
688
680
656
266
406
656
664
664
688
695
766
711
742
773
734
758
1453
695
688
656
672
672
680
703
289
414
688
672
664
266
398
633
1289
648
633
633
609
609
617
625
1242
648
938
367
656
664
664
688
688
266
414
688
688
695
664
672
680
680
656
648
641
648
617
633
617
609
609
609
602
594
602
586
602
602
609
625
625
617
641
625
633
625
609
609
609
586
8
594
1195
570
586
586
586
586
578
586
578
1172
586
578
1180
578
586
578
586
586
586
586
586
578
578
578
578
570
578
570
570
570
562
570
562
562
562
562
555
562
562
539
555
555
570
547
562
562
570
570
578
578
578
578
1164
586
586
562
578
562
562
570
578
594
602
609
617
664
641
641
1336
664
648
664
672
641
1328
1344
648
672
703
766
695
727
758
734
1445
758
766
695
703
719
688
1406
773
703
688
711
758
953
250
633
812
742
773
828
891
906
867
773
250
523
828
1078
820
781
820
781
734
766
930
805
258
477
773
750
789
852
781
750
781
867
875
758
805
930
875
273
484
766
773
719
742
781
844
812
773
719
727
750
1430
711
711
727
781
797
773
758
820
844
758
273
1211
734
742
266
477
734
1391
664
680
680
680
266
398
664
688
727
688
711
727
289
508
766
711
719
750
750
719
703
1383
727
719
703
727
750
328
453
727
719
703
719
703
688
688
1445
742
266
469
766
836
812
734
766
758
727
711
1445
711
680
695
703
719
703
711
719
758
742
703
695
688
1297
633
641
641
656
1328
672
1398
688
258
430
703
2016
641
1352
680
695
1898
281
531
766
789
750
703
688
695
1414
1469
797
719
703
703
797
891
906
281
562
2211
695
680
727
805
789
961
1000
266
1422
727
703
711
273
445
1984
625
617
602
609
609
617
625
633
609
648
664
664
672
672
680
2016
680
1945
1266
617
609
617
594
602
602
586
1172
586
594
578
1766
594
617
633
648
625
648
656
648
641
641
648
633
641
633
617
617
609
594
609
609
617
633
617
1289
641
641
656
648
641
664
656
664
648
648
641
625
609
609
602
1180
594
586
1195
617
1234
1258
641
633
1242
609
594
594
594
594
586
594
602
586
1773
602
609
625
633
633
609
617
625
625
617
625
1234
1211
617
609
617
617
641
617
641
656
672
734
727
672
680
1391
672
656
656
1367
656
672
711
727
695
688
703
695
688
664
672
680
672
648
664
664
648
1242
617
1242
648
641
625
273
359
617
609
625
609
617
602
617
617
617
617
8
609
617
633
617
617
625
609
1320
719
688
703
742
727
711
773
758
719
1609
758
781
820
797
727
734
758
734
742
797
758
758
797
766
742
789
797
742
750
820
266
703
758
719
750
766
250
562
789
781
836
867
773
805
773
789
266
562
836
758
789
805
789
820
820
828
266
734
836
805
836
797
805
898
859
836
875
1586
273
539
930
1578
789
1602
766
828
1219
289
516
758
1578
820
844
1297
289
688
250
531
789
820
797
773
820
867
789
1727
1047
883
281
586
891
805
797
289
562
906
781
797
883
906
805
812
1258
289
758
812
719
711
695
1562
672
844
836
953
1211
938
812
805
891
836
852
1008
266
680
828
820
266
578
766
797
1547
789
758
750
1477
1789
492
883
805
797
273
539
789
773
766
1594
758
773
789
758
742
750
828
750
1547
773
281
461
766
812
766
1578
859
805
812
1766
805
805
820
820
1594
891
852
1547
773
2398
1250
297
602
789
828
789
781
844
1000
289
523
758
758
2336
805
891
1656
797
766
1516
734
1547
289
1203
750
758
289
453
719
727
742
1016
438
734
758
781
266
1219
727
742
750
711
719
711
719
273
422
711
703
758
766
734
273
477
766
734
734
273
492
758
734
750
750
2211
742
1516
773
742
750
766
266
508
820
859
781
766
742
781
1469
281
453
758
766
727
742
742
773
797
742
742
750
789
281
484
1516
3086
844
758
766
789
781
2242
805
773
758
781
828
773
766
773
766
273
453
734
1438
695
664
2258
289
539
781
750
766
719
2195
719
711
711
711
711
695
703
703
703
703
703
672
688
1391
758
758
727
727
711
266
453
711
1016
438
727
1398
1352
648
1859
8
594
609
2281
570
562
1109
1102
1078
539
539
539
547
570
602
625
1312
1438
711
742
711
688
719
1438
1367
672
1328
641
641
1266
617
1242
711
711
734
875
836
844
781
742
1469
672
1328
664
648
648
672
703
688
1492
727
2461
773
781
711
711
711
680
688
281
398
680
633
633
625
1203
609
617
617
625
633
656
672
1312
1281
641
625
617
609
602
594
594
594
594
602
594
609
609
1234
250
383
633
633
625
617
1242
594
1711
562
1117
1109
1133
1133
1172
609
625
3023
586
1727
1133
555
555
1117
1109
1109
562
602
578
562
562
1164
586
578
578
570
578
570
578
594
602
625
1289
2586
648
664
680
695
672
695
727
727
695
711
711
758
695
1367
664
1297
656
648
641
1312
672
2789
2102
688
680
719
883
828
742
766
1422
695
719
773
734
734
727
703
664
1562
422
1383
695
695
703
680
672
672
1320
672
688
1312
641
641
1906
594
1164
570
586
578
2414
656
258
391
1977
664
633
3297
680
648
680
234
500
781
766
742
727
2133
242
398
2602
664
688
734
1477
1469
773
773
711
1461
727
711
742
1484
703
1359
664
695
727
1570
1492
727
711
680
680
2227
789
766
766
766
773
266
477
750
1406
664
656
2039
711
695
695
1375
703
953
438
711
688
2070
680
688
703
1508
2445
273
531
805
852
820
266
469
727
758
750
773
711
719
727
719
688
711
703
1367
680
695
1461
1461
711
711
2078
656
2047
727
703
734
805
1117
484
758
781
719
1461
719
258
422
2758
1375
695
250
1164
695
2109
1336
1984
688
695
688
672
672
1320
1320
641
1344
656
672
4102
680
273
391
2000
2055
750
766
2969
734
742
2156
2109
672
1977
1297
1289
656
656
1289
641
641
648
641
1344
664
664
2688
648
641
641
1898
617
617
1211
609
609
602
1906
664
664
1406
742
727
695
672
664
672
641
648
641
625
641
641
664
656
672
2023
664
680
680
641
633
641
617
609
617
625
633
1250
617
1844
617
617
1227
625
1961
1297
641
633
625
617
602
609
1820
609
633
1289
641
656
648
1906
1859
1227
1242
617
617
617
617
602
602
602
1242
609
2469
602
602
586
1180
594
578
594
594
1820
617
1852
617
1227
609
578
594
594
609
1297
1625
766
742
750
2156
2047
266
1047
664
648
664
1391
773
1508
2203
1430
766
2844
1469
719
680
680
672
672
664
1305
1352
664
1367
688
672
680
2023
703
672
680
2609
664
672
672
1391
2742
664
656
641
641
641
641
1938
688
1375
1344
2102
1359
656
1312
648
664
1297
656
656
1344
695
680
664
672
1359
719
773
773
734
1375
688
688
688
695
680
672
656
641
617
617
594
1781
1227
773
703
1430
820
234
539
3438
273
359
648
617
617
633
648
664
2023
680
680
695
695
703
734
250
1156
1359
2648
664
641
1266
641
656
664
1320
680
656
258
398
656
1312
1945
2555
1266
641
633
656
648
656
656
664
1953
656
648
648
656
672
664
664
656
1320
2570
617
602
617
594
586
594
586
2312
562
555
562
547
1086
1086
1094
562
555
562
570
570
562
1703
570
570
562
1117
1102
1094
555
570
570
578
578
586
1789
602
602
578
578
3328
539
539
539
539
1062
539
3383
633
633
602
602
1180
570
586
1711
1141
578
570
570
570
2305
562
578
1734
570
562
578
578
1148
586
594
609
609
609
625
602
609
617
594
602
602
602
1188
1203
594
1188
594
594
8
1828
617
234
391
602
625
625
625
617
625
617
625
617
617
625
617
656
672
688
250
414
648
641
1258
617
625
1297
641
664
664
656
242
430
3305
656
1312
648
1273
1242
1203
594
586
1695
570
578
594
594
594
609
641
1250
664
641
1258
625
602
1211
1969
664
664
2633
1273
1242
617
1227
617
1836
609
2469
1844
602
1297
664
648
703
2102
688
1383
1312
250
641
406
1289
1289
703
1484
727
727
1375
250
398
1844
1195
672
617
617
633
664
695
680
664
695
750
711
719
734
719
1445
703
656
1328
641
609
609
1797
586
2961
609
1883
688
711
1391
703
672
1906
633
633
1281
656
664
648
648
664
688
664
656
656
648
2555
688
1312
656
656
648
1250
1227
609
1219
1258
1977
4188
672
1336
664
664
664
656
1961
625
1250
609
617
609
1234
602
609
633
4062
1320
641
1227
609
633
1250
625
648
1930
656
1992
656
633
641
1250
1250
2633
1359
672
680
2695
641
1898
633
641
664
1328
727
2805
680
1984
633
617
617
1234
1258
641
1281
1289
3336
656
1289
625
625
625
1250
633
648
1273
656
1312
672
695
695
1336
664
1930
633
617
625
1844
664
3391
1328
2562
602
1188
594
609
3414
781
2109
688
711
266
1828
680
656
656
1266
625
633
258
1023
1266
641
2617
1945
656
641
8
250
406
1961
1328
1359
1367
680
1430
2125
727
3648
1469
812
812
820
727
734
766
1555
734
758
1539
727
742
766
2812
719
680
2000
258
406
258
391
1930
625
609
3469
1711
570
586
1852
695
1445
719
703
234
500
680
688
672
672
656
672
1289
641
633
1258
633
625
656
641
648
625
656
641
641
1273
633
641
625
609
633
625
1883
641
609
609
609
609
2383
578
1148
570
2336
594
594
1836
1867
1297
1961
656
625
1242
633
1914
664
648
2594
2711
766
3016
2078
2000
641
656
1352
1359
1398
1344
672
1961
656
2758
2711
664
3250
672
1977
680
2805
3453
1359
3547
1391
2727
672
672
2016
1375
703
2078
680
1305
633
250
391
1883
641
664
2023
742
3469
688
711
1352
1359
1352
664
695
875
250
3570
2055
1328
641
2438
1141
1133
562
1141
602
1953
680
727
1406
711
2008
1867
586
586
1141
570
602
617
1859
609
1859
633
1305
656
688
1969
641
1859
633
2547
1992
680
695
688
656
1297
656
1266
641
656
648
1320
664
680
656
1938
648
1367
688
680
641
617
609
1180
1172
1969
695
766
797
1484
828
773
711
1438
2000
656
1312
656
648
656
2047
688
3406
672
641
625
648
664
1328
672
680
664
633
641
641
625
617
641
1242
641
609
625
1281
656
703
789
773
719
703
719
711
742
812
844
852
867
2172
2148
1633
2328
1461
719
742
1438
734
773
766
773
820
1633
734
742
1000
445
781
1008
961
836
1500
719
734
1586
750
1547
758
1438
703
711
680
688
688
688
1359
703
1562
758
1562
2234
1453
2398
1664
1523
719
758
1609
797
1211
1109
844
3406
2586
1711
758
789
875
844
758
859
883
2398
781
836
797
750
3258
750
2336
781
742
1586
805
781
2367
750
273
469
766
1586
781
1875
797
781
766
1500
273
484
2016
1070
289
562
281
508
2031
281
656
820
2359
891
906
867
922
1023
289
609
883
2414
992
1703
789
2109
1180
305
586
812
3141
570
3539
836
812
1242
1281
508
2500
914
289
547
812
1672
1320
1477
1664
844
281
508
805
2125
305
578
3805
953
281
961
2039
297
562
2586
289
539
1297
289
1180
594
3703
289
500
844
289
1766
297
609
820
281
2562
961
273
617
1023
297
906
297
648
2500
844
305
2867
289
586
297
555
883
953
289
1070
617
2711
305
461
758
3492
1586
1703
1195
1047
3172
1195
1008
305
1359
922
1109
977
297
594
2070
1445
602
289
3398
297
617
1195
680
289
641
305
547
812
289
3578
3258
836
297
477
1531
805
297
570
1625
2227
633
289
539
812
289
523
852
289
2375
1086
883
1641
828
828
781
1656
844
805
766
1672
891
1695
3922
1516
1570
750
2375
781
3219
781
766
2398
758
781
797
758
1578
2461
766
2453
812
766
3078
742
828
1820
836
977
836
781
3469
2656
1086
297
1375
2586
820
1047
1148
297
852
297
586
805
3055
305
625
289
539
891
1078
953
281
883
586
2672
281
461
758
1547
750
727
289
445
2055
648
641
633
641
1273
633
633
1930
648
2703
1414
727
2320
758
734
773
742
750
742
750
750
734
727
758
773
812
805
1500
719
1453
711
711
734
1469
734
758
727
758
1531
719
703
719
703
1422
1383
2242
1453
1398
664
664
656
664
1297
641
648
2438
594
594
586
1891
656
672
2070
781
758
734
1492
2188
1414
1406
688
1383
2781
688
680
1375
2078
1406
680
3469
3477
828
805
3508
2547
844
3633
4805
3711
273
602
789
844
1984
930
820
1695
1555
602
820
1766
805
3516
281
555
789
1578
4047
281
2570
2625
2672
820
844
1297
1039
1672
789
750
1852
1094
914
945
3039
2828
852
898
1266
992
289
609
945
1031
1133
922
3445
578
992
1258
1023
281
2250
1938
836
852
2086
836
3453
828
3375
805
3164
297
562
2578
898
2641
1828
805
2602
1742
820
1781
820
3234
3266
789
789
1539
3953
1602
789
1984
1766
2594
3148
1609
820
812
3773
2695
289
2484
1750
1234
1008
859
1695
898
898
4016
922
1766
852
1680
789
922
273
1273
703
828
789
789
1633
805
953
969
828
938
1969
812
1609
2289
4195
898
2008
992
867
1766
1789
2797
1281
1328
2516
812
883
1234
1016
898
1867
297
578
883
953
953
297
672
3469
3617
4680
844
289
1383
906
1164
1781
2219
2203
297
2281
852
2156
305
805
4328
3172
3445
3430
898
3805
1055
1711
1852
867
2922
305
797
883
1711
1352
742
289
578
2969
305
570
883
961
1008
875
836
852
3344
6875
797
3430
3273
2422
938
305
4422
2602
3492
2891
1320
820
1680
2547
5875
2602
867
805
859
906
3352
2734
781
1477
2672
3547
828
2648
2578
4133
1656
3688
1102
875
852
4109
1977
961
1203
3797
1898
4234
2766
1875
1203
1242
914
1695
1242
305
797
891
3961
1922
1016
2977
1109
914
3609
3031
1984
1695
1203
1062
938
2898
1789
1234
977
2531
930
938
297
2695
5367
852
1227
297
4492
1219
562
7914
906
3484
2109
1172
938
1688
5125
4703
3414
781
797
2523
4164
781
750
750
2328
3727
4000
1602
2523
766
734
711
5922
6398
797
8508
891
1203
305
1688
2602
930
1672
852
2727
1750
2609
789
1641
2547
820
4258
4438
297
3383
2578
891
1750
820
938
3820
1688
977
992
867
945
2094
3484
1719
2062
2789
8617
1727
8773
766
1547
13492
1672
1648
1641
898
3492
1008
1758
2617
2055
6531
984
3695
3727
1234
594
3656
1805
8094
984
1938
4734
1898
1820
5594
3766
2867
969
914
3586
3977
1391
2758
2930
305
781
6695
906
1039
883
3477
2930
305
6430
1570
1531
766
797
4492
2148
688
4625
3281
719
742
4586
1578
1617
2344
773
2969
7672
1578
844
1789
1578
2680
922
2523
2539
2586
5617
2500
1797
2789
1047
875
2570
938
1719
1016
2219
984
1016
1133
906
3047
922
906
7352
9789
867
2016
1742
1930
977
4969
812
3047
312
539
2703
4148
1141
922
852
1844
1055
2641
1008
984
1812
1156
992
2461
1281
1125
1758
3680
1766
1234
1039
2703
1070
2609
1250
2047
836
891
898
969
3008
1219
1875
906
1023
3852
5727
1766
7453
773
914
2188
2141
844
1781
820
4125
828
2688
977
1633
805
3367
766
4352
2203
938
1711
1133
2250
4852
2102
2977
1172
883
4891
1758
2180
2555
1250
2578
2016
2797
1203
1766
1648
1906
2633
1102
2078
5062
828
4336
5031
2984
5094
1883
1656
1305
1188
1750
969
2375
891
836
922
1289
2922
3094
5891
1219
1750
1836
1336
1078
883
891
2461
1734
5102
3133
2656
898
844
2977
4930
1750
2375
945
1836
1109
1180
906
836
3289
3758
1250
1133
1766
7367
1023
1938
1133
2000
4242
984
2727
1250
1781
2227
1008
3883
1875
4930
914
984
883
844
2172
1023
852
1609
1312
2125
4734
1938
1719
3766
883
2242
3477
1008
891
1227
3289
2852
891
1922
5070
7070
8711
2844
1930
898
2914
938
3695
1977
898
1742
2727
3367
1141
3609
2266
2172
1211
977
3078
4750
828
812
2117
3117
1234
1117
883
844
2453
2875
1211
2156
2992
914
1969
1273
1141
3969
3078
2938
2266
1336
1086
1953
1203
4195
2180
828
852
6555
1250
1039
1125
2438
914
5922
1023
2164
859
875
2320
930
2203
3039
1812
1242
2836
969
1266
5672
2133
3141
1789
3789
2141
1773
2500
8898
