805
820
820
836
789
781
805
828
836
859
906
914
852
820
797
766
227
508
219
461
703
711
781
844
898
844
844
844
852
859
797
797
805
852
906
922
727
141
875
875
867
867
820
789
789
766
727
727
750
797
820
805
828
828
812
805
227
562
727
211
516
750
766
750
742
758
805
836
812
781
219
500
711
688
719
727
750
781
797
758
742
727
711
680
672
672
688
734
727
742
750
781
797
758
742
734
680
664
648
648
211
422
1320
695
703
695
711
711
703
703
680
703
719
789
859
891
836
820
844
828
805
766
727
742
781
812
227
586
836
867
844
828
828
703
141
820
781
805
789
805
227
539
820
867
898
883
906
898
242
617
875
875
859
828
844
875
852
844
844
812
844
844
859
836
234
547
797
781
758
805
820
812
797
797
773
773
758
750
742
688
703
703
766
797
797
789
734
664
664
648
664
656
641
664
672
688
672
672
664
664
656
633
617
609
633
617
617
617
617
617
617
609
602
617
609
602
609
609
617
641
633
648
641
641
641
625
617
602
602
602
586
594
586
586
570
578
586
602
219
398
617
656
688
680
664
680
680
648
672
656
641
633
625
625
617
625
633
633
664
625
633
664
703
680
703
727
781
742
1477
758
727
766
852
867
852
844
867
828
805
844
875
836
852
852
852
781
219
570
797
867
859
875
930
945
883
852
836
789
766
812
828
828
820
836
859
875
820
781
750
1422
812
883
898
977
992
852
773
719
703
672
703
781
859
898
852
875
922
242
641
867
906
844
789
766
797
867
828
914
977
1039
945
891
883
867
781
750
719
711
766
703
750
781
820
852
812
852
875
898
898
828
797
789
750
742
758
836
820
1703
844
805
836
828
805
750
758
766
711
719
719
727
727
680
695
906
453
664
672
672
680
664
664
1328
641
648
656
625
641
633
648
641
633
641
633
633
617
633
617
641
633
648
656
633
625
641
641
633
625
625
617
625
609
602
617
602
602
602
609
609
609
625
617
602
617
602
609
586
594
586
578
570
578
578
562
547
570
555
570
578
578
586
586
609
602
1188
1211
594
195
391
594
594
586
578
578
586
578
578
578
586
586
578
594
602
602
586
594
1195
594
594
594
617
609
602
609
594
617
602
609
609
609
594
609
617
602
602
602
594
586
586
570
227
336
570
570
586
594
594
594
594
586
570
578
570
555
547
562
555
570
570
586
641
672
625
633
656
672
656
680
688
703
688
703
680
656
664
648
656
672
688
672
680
688
680
664
664
656
656
680
703
680
711
750
758
742
781
789
781
773
773
750
758
766
1539
766
781
1641
797
1617
1570
781
812
883
875
875
898
820
805
812
1609
812
812
805
812
758
703
680
695
680
734
883
1016
953
914
930
867
805
828
852
914
859
844
891
969
1000
883
867
914
922
891
945
1023
938
898
859
852
875
781
844
867
797
812
797
828
859
820
227
586
789
797
727
742
742
797
828
844
828
820
836
820
773
789
758
773
742
766
2453
844
852
852
805
742
742
758
805
805
852
828
797
914
930
891
898
922
859
812
1602
789
852
930
1016
914
883
891
1688
1609
805
836
828
828
766
742
766
820
828
797
727
1375
688
703
227
523
734
781
844
906
922
1711
867
828
852
898
906
836
828
820
836
797
820
844
906
883
844
867
930
875
844
883
953
992
906
883
922
922
875
891
906
922
883
883
875
820
797
828
836
820
812
789
734
719
695
1367
695
773
961
1016
914
867
828
758
773
812
883
922
906
938
961
930
914
945
953
906
922
977
914
930
969
961
914
891
883
836
852
914
992
961
1898
945
875
875
1742
922
906
1656
820
898
891
1008
1148
1906
914
938
930
914
914
891
914
1844
844
797
773
914
1906
844
812
781
1438
727
805
891
859
891
906
922
906
1648
820
836
867
836
828
836
938
1953
961
1016
1992
930
938
977
977
906
938
984
1039
1023
953
938
977
961
1844
1000
945
891
883
961
961
1000
1109
953
930
930
1750
891
859
1750
758
141
867
891
906
930
938
891
1797
922
875
875
906
961
906
922
969
1891
906
938
945
875
883
945
969
891
836
812
945
938
945
953
961
867
883
969
969
883
883
867
828
891
953
969
945
977
992
922
922
1805
875
906
953
914
1883
977
898
883
930
992
945
938
961
992
930
914
898
883
836
875
945
1008
914
906
859
797
820
812
867
969
1016
930
922
898
836
836
836
891
867
922
938
953
938
945
961
906
891
898
844
891
953
1000
977
1844
1688
789
1430
758
2125
984
1000
1023
1000
945
938
906
844
836
828
844
844
898
977
1086
1039
945
891
883
898
844
867
898
961
930
922
953
984
953
914
930
945
945
883
906
953
977
883
859
805
797
977
945
938
969
953
883
898
898
852
859
906
1984
938
930
922
242
633
906
977
977
891
891
1852
906
922
953
961
883
914
906
906
875
898
922
961
961
953
898
922
1969
992
906
867
820
1781
891
922
1117
1234
1094
1000
922
891
859
883
859
930
977
234
766
945
1000
1016
945
906
914
1859
844
859
875
930
953
938
930
953
922
914
2797
1898
1008
914
906
1938
914
930
977
992
898
891
914
945
891
1805
969
914
914
969
1805
2492
789
805
844
977
945
914
1852
859
852
875
938
859
805
766
773
852
1656
906
930
867
1734
898
875
898
938
992
1016
906
914
953
969
930
906
922
969
1008
945
945
1000
977
914
938
969
930
883
883
930
992
945
938
969
1016
1023
906
898
922
898
836
844
867
945
906
922
938
3594
906
922
867
891
898
930
914
1789
1000
1078
1906
969
961
906
891
906
984
1016
938
945
984
992
969
961
992
242
750
1938
977
992
1008
922
898
938
945
906
852
859
938
984
945
938
930
945
867
867
867
1836
891
867
1719
914
867
867
875
945
969
867
820
812
1859
977
938
2031
938
891
898
914
859
828
828
852
891
828
820
797
758
1516
773
773
812
1750
1711
836
852
883
875
844
883
930
1000
945
883
875
891
906
844
867
906
930
953
906
836
1727
875
828
2664
922
836
836
828
875
922
977
1008
1062
1031
922
906
914
938
1773
898
961
992
930
891
836
2570
906
2570
2617
844
883
984
1914
953
992
1898
844
836
852
914
945
898
1828
938
1812
883
906
930
930
859
1797
945
906
852
859
875
930
945
898
922
961
1000
922
922
1922
1789
852
891
953
977
906
891
1938
1023
1883
977
977
883
914
1953
969
914
914
945
906
844
867
914
984
984
938
938
2789
852
867
945
1820
852
867
961
922
242
680
922
953
1758
1820
961
922
1766
930
2664
2500
1508
1633
969
891
914
930
875
1500
734
773
875
969
1016
992
984
961
906
875
844
812
1625
2555
844
852
883
1797
875
875
922
961
898
898
875
891
883
875
867
969
1000
922
945
969
2695
1797
1773
891
938
969
906
867
867
906
938
1727
891
2867
938
969
977
922
922
930
953
945
875
883
914
969
1867
891
820
828
953
969
922
953
984
1938
883
867
891
922
930
906
852
1641
828
906
883
898
914
914
922
1727
867
914
1812
906
1898
922
914
914
992
977
922
945
984
1961
234
617
844
867
922
922
867
883
820
836
914
1820
781
719
695
688
695
1367
656
664
664
688
742
773
734
805
758
789
812
844
859
859
836
1727
930
945
969
1883
930
969
953
992
1031
984
3812
938
945
945
953
938
914
914
2812
953
1000
1016
1031
938
953
977
992
953
891
898
961
977
891
859
891
906
898
1719
1625
836
1836
844
852
898
2031
961
953
1938
875
875
906
977
977
891
1805
945
883
891
898
938
883
914
914
930
883
906
930
953
883
914
906
852
883
914
938
930
914
867
828
812
781
812
820
820
852
1914
984
898
898
1859
961
1828
1008
1070
984
938
961
961
969
1812
867
922
1000
1070
938
242
688
969
1000
977
898
914
906
914
914
1094
617
922
2062
961
938
945
953
930
1797
922
938
891
2867
945
922
891
828
742
703
1406
1477
1414
695
688
664
1320
664
695
742
750
773
2266
797
797
812
828
820
812
797
781
2500
891
891
922
938
1758
852
852
828
820
2406
812
852
836
1555
734
711
750
781
1492
719
688
672
664
656
1438
742
836
875
867
836
1562
750
1445
1445
789
844
1836
2602
836
1625
805
820
836
1766
859
875
906
891
867
2570
2609
883
898
938
891
891
883
1773
852
867
898
922
875
898
906
914
2672
859
867
859
836
836
1727
906
1703
1625
2312
2555
945
867
1766
891
1727
844
852
883
836
867
875
922
859
1789
1797
867
891
898
844
875
898
883
859
859
812
828
820
852
2594
953
922
922
1852
883
859
1734
1820
1781
922
961
977
938
930
922
906
836
836
859
938
1008
2023
1969
898
906
875
875
859
914
891
922
938
953
922
836
844
836
1727
2602
906
1695
828
812
1727
859
898
1875
906
875
1750
1719
883
859
1695
914
1781
875
914
1891
1742
1766
922
1789
945
1000
992
922
1852
984
938
914
938
242
750
977
930
1891
1914
898
922
945
961
945
930
1875
953
875
883
898
961
953
891
2781
906
852
836
852
1750
891
898
953
914
867
2547
805
1617
1656
805
828
867
1781
891
1867
922
906
883
852
797
773
1703
938
883
898
922
1844
914
914
930
867
875
883
1781
852
805
781
805
2594
867
883
844
852
867
1711
1648
852
3453
1695
820
859
891
1750
914
1875
844
844
2422
734
727
1477
773
1578
750
711
695
703
719
758
805
820
828
844
891
2508
789
805
1617
797
797
805
1695
789
797
820
883
906
1688
789
719
1414
859
812
734
1375
703
750
742
742
766
805
1562
1391
1383
2516
953
945
969
1859
930
938
867
867
844
812
758
1555
844
914
2602
875
852
781
1562
1820
938
945
945
945
891
828
773
758
1523
773
805
922
1969
1828
2617
836
883
875
812
828
820
875
953
883
891
1891
938
906
922
1828
867
844
875
906
859
906
961
1047
961
969
953
945
883
883
1789
938
883
1820
1000
922
906
914
922
922
1703
1750
1727
1789
1727
844
875
1750
867
1773
1766
891
938
945
883
883
883
945
922
1688
836
2562
852
922
922
859
867
883
1680
797
2398
781
4039
1641
1625
812
844
1617
797
1633
836
2414
2359
1547
1602
805
812
812
1586
1555
781
789
812
1820
891
2688
906
820
1594
1781
2023
1016
1008
977
945
953
1844
219
500
1039
898
922
891
1633
758
766
773
820
859
891
2547
773
1570
797
1477
1445
2180
1375
672
1305
625
1289
703
1398
719
758
812
820
750
742
758
1523
711
711
727
1477
734
711
719
680
680
664
1297
641
1875
594
594
586
578
594
570
562
562
1102
1062
523
2531
531
594
625
633
695
188
70
453
203
516
703
234
445
1961
594
16
227
352
1172
578
1141
555
578
570
1164
586
1750
586
203
398
594
570
625
586
594
1734
1141
1703
570
555
570
562
570
555
562
1688
562
555
547
203
320
23
539
3320
1172
570
586
594
1141
617
727
688
1266
602
570
555
1086
1070
1109
578
594
1766
1789
2391
625
664
664
812
1734
1438
711
1383
703
2016
2555
2602
656
680
672
2711
2617
1289
680
711
1367
1352
2562
719
2352
695
672
625
633
617
1203
1203
625
664
1352
672
2711
1266
625
625
602
594
602
1359
1656
836
789
750
672
1273
2016
789
797
1555
1359
1836
602
1172
586
602
1406
2320
742
1320
2320
2484
695
1305
680
1523
836
1688
1656
750
688
3250
828
836
773
773
820
820
852
789
758
703
3219
594
1719
1930
1508
805
781
2195
1562
742
734
734
680
719
719
1422
758
1422
727
727
1461
688
656
664
1312
656
641
641
633
625
609
617
609
633
672
711
688
688
719
719
1398
1562
883
859
844
1602
742
758
1547
820
773
812
844
875
1641
844
1812
875
1602
836
867
3336
797
805
805
1578
2195
3383
1648
852
820
1539
1633
3070
2414
820
820
1656
1562
2602
1750
1758
844
852
891
1008
1914
820
820
859
930
1883
1672
1766
2648
891
1781
828
852
1812
883
1688
836
2422
750
1500
1633
891
953
1023
930
859
2562
805
1820
1039
953
1977
1852
859
867
1789
906
914
938
898
1734
805
750
750
2250
828
820
1625
844
852
2688
1062
1008
875
859
1820
938
3047
1883
953
969
914
2570
1742
883
812
797
820
3516
2891
1898
1883
938
828
812
1805
1812
906
953
906
906
922
930
852
1672
1555
2266
2750
2695
1672
1672
797
836
883
938
883
883
2648
2594
836
812
836
1820
1820
898
1781
1586
2898
773
789
852
3461
812
820
3352
875
945
906
906
922
930
1750
906
922
867
1773
945
2859
914
859
1742
1711
852
883
945
922
1727
883
875
1617
812
812
781
1656
1805
844
852
1695
789
797
820
852
867
867
1812
930
2711
938
852
2594
1680
852
2797
1758
898
898
859
2555
1672
1922
914
1906
820
789
742
1555
852
2742
820
750
2109
1594
969
1875
898
906
1688
836
867
3477
906
828
836
844
891
867
906
938
977
906
820
781
758
773
836
859
2992
938
898
2422
2234
680
1312
688
703
820
1836
1852
852
820
1641
844
1570
1672
1734
836
836
789
797
789
750
1430
3461
914
867
844
2219
672
688
1484
781
742
1477
766
797
805
789
1633
867
898
891
898
1852
883
1688
3594
898
2625
805
422
1016
797
758
2867
1062
1125
1117
2047
875
1578
789
1711
859
1703
906
891
922
945
977
1797
789
836
1898
992
875
883
969
1039
961
1852
953
4172
1773
898
1789
3633
797
797
797
2727
984
1906
1719
805
1562
3961
734
1539
773
734
758
789
820
1641
2328
766
2438
828
828
1555
1594
2156
1344
1547
1055
984
961
1781
1648
3766
711
711
1430
1422
3656
1625
852
898
922
6484
1828
2031
891
906
891
852
3062
727
766
836
1805
797
1609
1023
930
859
2430
734
758
1750
922
1734
852
1578
1672
883
922
2828
805
3352
875
820
1633
781
1672
844
1656
773
4562
828
883
953
1961
922
820
797
781
3648
906
922
969
992
2602
3445
922
1820
836
1625
797
2352
836
805
812
4125
1609
1445
719
766
844
898
1711
875
1750
1648
742
2055
1016
1930
1789
906
1758
922
3859
859
820
1750
906
1812
898
898
930
1898
1680
852
945
2086
969
1672
781
875
1023
1008
977
969
984
938
906
875
2312
734
2109
711
711
711
664
5625
1117
2836
578
2383
3562
586
578
586
594
617
2070
1570
1664
789
3711
3047
859
1688
812
805
789
2844
1469
914
1016
984
1008
1016
1773
1477
672
1438
1648
992
3016
2609
1727
2578
805
797
2641
984
898
812
797
781
727
1469
2102
1578
805
828
1578
2789
734
1586
2938
711
727
2203
688
727
766
3016
688
1336
1344
2109
1547
742
2102
664
695
727
789
750
2227
703
633
648
625
617
2969
1633
4141
1273
1477
2453
781
1570
742
4430
1227
2000
852
867
1664
781
781
1523
727
3938
719
703
641
2742
781
719
672
1266
602
2391
656
664
672
727
805
2445
3336
672
680
727
3773
3000
1484
1688
836
2453
734
1445
4648
805
1656
1570
742
5195
703
2625
1023
1906
914
1625
734
1391
758
844
781
711
2180
836
797
719
664
3367
680
664
625
625
617
1758
594
648
1555
883
898
867
883
930
1766
2938
2219
758
1648
2352
1523
750
758
750
2469
1648
773
742
1438
1414
695
719
758
867
1742
1688
3195
1469
3984
758
734
703
742
797
789
3094
758
734
758
750
1625
1742
812
2688
898
2453
1477
1578
1570
1391
1344
656
656
648
641
672
766
2008
969
2750
891
898
859
844
1727
2586
859
3375
805
2312
2305
922
1852
1664
773
2164
3805
5492
2484
789
2266
1594
969
3047
945
1734
1656
2383
3203
789
844
836
828
1555
2836
1414
3297
891
875
836
836
1656
828
883
906
891
1492
711
2922
836
828
820
2539
805
1602
1609
1586
742
680
664
633
609
4578
836
859
844
820
812
797
719
711
711
1430
711
680
664
648
4883
742
1445
1398
5586
711
711
5734
711
3320
625
1969
1539
820
797
2219
641
1258
1180
594
586
609
3305
828
2234
758
2992
734
742
2805
2281
3000
664
1961
5484
711
3352
680
2969
4133
1461
695
2031
672
3812
789
750
2000
1258
625
609
617
1266
1969
680
711
711
703
703
1984
633
633
1422
1602
1609
2227
1305
1312
1469
836
867
867
820
1586
1453
1406
680
656
648
648
688
719
2383
2422
672
695
703
734
766
1578
727
2070
2047
2211
750
3438
633
2539
3688
812
805
2273
1992
648
641
1500
1672
1609
3906
8125
789
2414
867
914
4180
6156
727
695
1531
2703
844
1523
2172
758
2406
1688
844
828
6148
883
1859
898
820
3102
719
2359
2547
2305
2188
758
766
742
1594
781
805
828
1719
1656
2289
5453
742
703
2242
3539
641
2250
1938
898
883
4195
758
1594
1859
1797
906
891
875
1609
820
1602
1492
680
648
625
1289
734
797
812
867
875
1844
1719
10414
2109
2836
1438
1992
2008
1312
3250
2961
6641
2539
906
891
2656
4562
695
742
1016
4711
1555
1383
3414
1141
1102
1117
5102
867
852
2422
4969
2812
4352
812
1602
1461
711
1422
742
2227
781
4008
2195
1375
1336
1406
773
812
3305
3125
1344
656
1359
3234
3359
3750
664
1961
1406
1742
859
1633
773
7070
3406
1773
1727
805
1609
852
2695
4703
1695
1797
1680
3977
781
766
1633
867
836
2461
1500
766
1562
1656
812
789
3203
1609
1578
750
1469
750
1477
750
1586
10969
1586
3156
797
3086
773
781
