859
805
844
867
836
805
836
844
789
820
844
820
805
852
891
836
836
859
812
773
820
852
812
812
859
852
820
836
883
859
820
852
883
852
812
852
852
812
852
906
875
844
891
891
844
852
883
859
820
828
906
1711
859
898
852
883
922
875
836
891
875
836
867
844
797
828
852
859
820
836
836
820
781
750
781
781
727
695
719
773
828
766
766
820
836
820
820
859
867
828
844
852
852
812
844
875
844
828
867
852
797
805
867
906
852
836
859
883
852
844
875
898
859
844
859
867
836
836
867
875
852
867
883
852
836
852
867
828
844
859
844
820
852
852
805
820
820
812
789
828
883
883
828
789
750
773
836
844
859
875
859
805
820
844
844
820
266
586
867
898
844
805
805
820
859
914
875
852
875
883
859
820
844
867
867
867
859
828
781
797
852
859
805
828
844
805
758
773
805
836
820
781
789
797
820
789
742
766
812
812
797
820
797
820
812
1500
695
688
680
688
695
719
711
688
695
703
711
672
664
680
688
703
719
766
773
781
750
742
734
766
805
812
766
711
688
680
656
688
750
773
719
703
719
781
805
766
742
758
1680
789
828
852
812
773
766
781
750
820
898
883
820
812
805
773
727
758
812
766
820
836
797
781
805
781
750
727
695
672
672
672
656
719
727
766
820
828
805
859
820
812
812
797
805
812
781
773
820
812
820
828
805
805
797
781
719
734
727
727
766
805
805
758
758
812
812
773
773
1516
727
789
750
773
820
820
828
789
773
711
695
688
672
680
688
742
773
812
812
812
789
805
820
805
789
727
727
727
758
719
734
773
797
719
695
711
758
844
852
875
844
820
805
805
852
789
781
797
836
867
859
875
1719
812
805
820
859
898
812
797
805
836
867
883
883
875
875
844
812
805
820
789
2492
797
781
781
820
836
805
836
805
828
867
875
820
820
789
805
812
820
828
812
781
734
758
844
875
898
875
852
812
781
750
789
773
836
852
852
812
828
812
773
742
734
711
711
703
766
906
883
828
836
805
781
742
734
727
797
844
914
953
953
906
891
812
805
781
734
750
766
867
867
898
906
883
852
1734
859
859
859
891
875
898
914
930
914
883
836
812
781
820
867
820
867
1703
844
852
852
844
805
734
703
680
711
828
820
867
891
898
867
828
758
766
828
867
906
828
828
844
859
852
789
758
812
820
828
836
812
1484
711
703
711
688
727
820
844
883
922
930
906
1750
875
875
812
812
844
836
828
805
828
844
875
891
898
852
1727
812
820
852
836
1664
852
805
820
836
875
914
914
1680
820
836
828
859
891
883
906
2562
781
859
836
797
797
828
852
867
836
852
859
844
859
883
859
820
828
852
867
805
828
852
797
820
789
781
781
789
773
773
820
812
758
727
711
727
750
805
805
789
797
781
734
719
695
703
734
789
781
781
797
781
781
711
734
742
805
812
812
2281
789
812
797
805
758
750
766
828
828
844
1633
797
742
719
727
773
812
805
742
727
734
781
836
1578
797
812
828
766
789
828
859
883
883
891
852
836
797
797
797
820
844
891
906
891
883
844
773
742
734
844
859
891
906
891
812
1609
781
852
930
945
930
906
883
797
766
789
836
828
820
773
789
828
898
867
859
930
930
953
898
898
875
820
859
898
898
891
891
859
844
844
844
836
797
719
727
805
820
820
828
844
820
1648
844
859
867
852
1633
789
773
773
1711
883
867
805
805
805
820
828
836
828
812
797
820
820
828
820
789
766
766
805
805
820
828
828
828
812
781
766
719
703
734
820
781
797
820
828
812
1555
688
1383
719
2422
1625
789
1602
797
805
1641
828
844
1625
1641
1641
1664
773
750
703
695
758
844
836
859
859
789
781
789
797
805
1531
766
805
1562
789
812
828
789
812
828
828
820
828
859
859
859
844
789
789
812
1672
844
820
844
859
883
883
883
828
844
859
883
1719
836
836
820
828
1602
758
852
891
875
883
852
844
758
742
773
1641
844
867
898
883
867
836
820
789
734
680
695
695
789
797
781
766
781
805
844
836
844
828
805
766
695
695
695
680
680
680
742
828
828
797
820
812
812
789
727
1484
891
906
914
859
1711
797
812
852
891
914
906
883
875
852
789
789
812
844
875
1711
797
797
1633
820
789
1641
859
898
898
867
844
852
1750
891
883
859
1586
836
859
820
852
883
1758
875
859
859
828
836
852
875
1789
867
812
828
859
922
969
969
922
906
891
891
867
914
930
914
3539
797
820
836
914
922
1703
844
867
852
828
797
828
836
852
844
2359
711
758
1609
859
891
883
1562
734
742
711
1438
719
781
2391
758
836
781
828
852
883
898
867
867
852
859
852
867
1742
844
805
797
820
805
750
766
766
789
781
781
789
820
844
875
898
898
898
883
844
828
836
852
883
1781
1766
852
852
852
883
1688
1523
805
859
867
891
875
820
797
805
852
852
844
883
906
898
914
906
906
836
805
836
1758
906
1836
836
781
852
852
1617
789
773
711
719
727
805
820
812
789
734
3469
750
1617
867
891
906
898
867
844
820
820
812
1539
1398
750
945
969
977
906
1609
852
875
891
906
922
938
938
930
914
906
820
820
844
859
1797
867
867
1664
844
891
938
922
906
859
805
758
1562
797
758
773
836
789
1648
844
836
797
766
727
1453
805
836
828
797
805
750
797
828
844
1766
898
906
906
906
883
859
1719
828
828
875
891
891
844
852
859
1664
805
859
859
789
758
727
742
773
852
867
875
820
844
883
883
859
906
891
844
859
828
891
914
930
930
891
891
906
883
859
875
922
1797
875
898
891
1766
914
844
875
836
805
828
867
883
859
891
930
914
828
781
766
2375
859
805
867
1789
883
828
812
820
859
852
844
1781
828
820
1695
891
883
2430
852
844
1648
797
844
875
898
898
812
797
812
852
875
914
922
914
883
1656
789
789
852
867
867
859
2289
711
820
859
859
859
875
867
820
1492
805
891
914
945
930
898
859
812
797
844
883
914
875
883
914
844
859
867
883
836
859
891
930
930
930
891
898
883
836
875
906
891
930
1812
1805
1773
922
891
1703
852
828
1727
883
812
859
859
805
836
1734
883
852
828
812
742
758
789
859
883
898
914
906
891
859
1617
797
1648
836
1695
867
1688
805
734
711
2211
883
844
922
1844
930
898
1781
875
1781
852
844
898
1703
797
805
805
812
797
727
1453
750
797
797
781
727
734
742
797
828
836
1594
766
734
703
742
867
2570
828
828
1633
820
2719
1836
820
750
703
719
758
906
922
992
1016
1000
992
930
2438
812
828
836
875
898
844
820
797
797
766
773
789
742
750
1531
789
812
773
1562
1555
766
758
711
711
1383
2320
859
883
1773
844
781
773
781
828
867
883
2578
859
914
953
1867
898
2578
875
859
875
1828
836
1695
844
852
1727
1641
805
812
1594
766
812
859
906
906
852
820
828
836
1688
859
867
867
844
859
1672
852
852
2391
719
766
867
844
820
836
859
844
2453
875
914
906
898
875
852
828
789
789
844
875
906
898
891
805
805
1672
875
883
883
852
1578
805
1680
867
4898
875
859
1664
875
2625
836
828
836
875
875
844
859
883
852
844
844
844
875
898
852
836
852
875
1742
805
1602
844
828
828
1617
742
727
805
867
1727
867
1703
852
914
914
898
2414
773
805
805
875
891
867
820
828
828
812
828
852
836
867
852
844
844
820
742
742
883
844
1555
797
859
844
844
867
820
859
867
828
867
883
844
867
844
3547
844
1727
828
859
898
3422
852
898
1781
875
852
3227
1664
758
719
734
789
852
859
875
844
2297
1609
898
836
836
2523
1633
734
703
719
812
844
883
930
945
953
930
1711
812
852
898
938
1789
844
820
891
961
945
945
914
2602
859
1688
820
812
852
867
836
844
859
852
875
875
875
859
789
1539
852
867
875
867
1625
2141
859
852
891
875
1672
805
805
836
1523
797
867
1742
844
1703
1836
914
906
828
812
789
820
836
805
781
867
828
891
1852
906
883
852
844
2477
742
1500
781
1695
1805
922
859
820
1633
844
875
836
1734
844
875
883
867
812
1492
766
789
1609
883
922
930
1789
867
844
820
773
1641
867
875
883
836
1664
844
867
852
2398
867
852
852
1664
805
812
1641
812
1617
844
828
773
750
727
1594
898
914
2586
836
875
883
883
844
836
836
883
875
914
1859
914
891
844
805
797
812
1695
859
1625
867
883
883
836
1719
875
898
906
891
898
906
1812
867
828
1641
766
789
836
875
844
812
797
836
1672
797
820
1656
836
828
1664
867
1727
1758
898
1758
828
812
797
3297
867
867
828
1617
1656
844
844
789
797
836
1688
859
773
1523
797
1648
820
852
820
742
742
758
797
1750
898
898
914
914
914
898
828
1633
812
1719
906
1828
906
898
1781
1711
852
852
1688
812
812
773
1477
766
758
805
836
781
797
1688
852
836
1609
734
727
1523
742
750
1695
898
922
1820
883
852
859
852
812
836
820
836
1633
867
891
1711
891
883
1664
758
742
805
844
1766
961
953
875
2586
883
2508
812
1789
1820
1609
781
781
828
875
2695
828
844
844
875
883
1781
852
1641
812
859
906
906
875
859
836
1609
2500
1727
883
867
3180
781
734
781
828
891
898
867
2695
875
852
867
914
867
898
1773
867
844
875
1602
789
867
789
773
812
828
844
1711
836
1586
836
1727
1680
836
1664
812
1680
891
891
922
914
883
820
828
914
938
1789
1711
828
867
875
930
938
1766
867
852
820
1641
836
906
891
875
898
914
844
859
875
922
930
922
891
1680
797
1703
898
1797
891
1812
891
2539
820
875
1711
797
1484
773
836
898
914
1742
836
836
1664
812
1500
2234
750
2273
836
891
914
930
891
867
867
891
891
914
945
938
906
1617
2641
1844
914
3422
875
1688
844
875
875
1828
898
2484
1523
828
2977
1461
1469
719
703
1938
641
664
703
703
672
1305
672
1383
1336
648
664
1289
609
1234
617
625
641
1922
648
1898
1219
625
1883
641
1312
1969
633
625
1273
648
1266
625
1266
1289
641
641
641
625
1320
672
1984
648
625
1250
672
688
1977
672
1406
734
1438
1367
680
695
734
734
1422
734
2164
734
734
719
680
1352
1445
773
1430
727
758
734
3016
727
742
781
1523
781
1477
719
750
758
2188
1500
2258
719
664
680
703
758
1547
1594
1422
1359
633
625
617
1227
625
633
2039
2367
1570
781
805
844
3969
805
2430
758
703
2188
781
1602
797
773
2086
766
820
797
734
688
680
1359
727
766
2289
672
664
1367
758
812
812
836
2453
789
766
789
805
797
797
1602
734
1445
1469
836
828
1422
711
750
812
820
1555
1578
1570
727
750
836
875
812
773
727
1438
2156
695
680
695
719
1367
719
773
820
766
719
1422
742
2352
820
1555
742
758
820
758
1531
805
891
883
1719
805
750
1438
1562
820
844
828
2336
695
719
2289
781
875
812
1617
766
1578
859
820
828
852
820
2359
773
1664
906
852
852
867
836
1703
883
852
859
1703
1727
2641
898
844
875
898
859
844
875
867
1672
891
1680
852
859
836
875
2602
1719
859
883
859
812
812
1438
688
711
805
797
773
1531
1438
727
773
1672
773
1492
766
1555
1516
1562
1531
2156
1609
758
742
758
828
766
711
1477
766
766
719
703
672
664
1289
641
633
1297
1320
672
656
648
641
648
711
703
656
648
648
1352
664
641
633
625
1977
703
2062
688
1977
1922
648
2805
711
703
727
758
750
1461
789
3227
750
820
1742
859
883
3305
2227
812
1602
797
812
797
750
734
1477
727
1453
758
758
750
2312
3727
758
805
828
812
1609
812
742
703
664
648
641
656
1328
641
641
656
711
758
789
773
1453
1516
773
727
1445
797
781
1523
750
2227
1383
852
4031
1477
719
750
1586
2836
742
1492
836
2391
750
1562
844
1672
805
2445
820
836
2406
828
812
773
1586
844
1648
836
789
789
797
1547
1617
1531
2328
773
742
734
773
750
727
781
2391
750
703
1414
742
2062
2086
664
2664
688
719
2164
1508
750
3023
4531
1484
1438
758
1523
727
1492
734
1523
781
1562
2266
3039
1602
758
766
742
2172
3023
1562
1492
758
805
1633
2375
773
727
727
1492
773
2945
680
1328
1273
1938
641
656
656
680
695
2648
1312
2070
695
2773
672
1383
3688
2211
688
695
1375
1398
1328
1375
1461
2219
773
758
2289
1578
789
805
758
773
1680
812
820
1602
773
2219
789
844
789
805
672
914
742
742
742
742
789
781
758
797
828
828
844
852
852
828
1617
828
844
750
1445
781
891
906
914
891
867
852
1734
914
922
875
1758
875
1695
1680
2641
812
844
906
844
812
836
1672
812
805
734
727
3469
852
1633
1555
930
977
2703
914
844
883
4000
805
3375
859
836
1633
852
867
883
1766
852
828
805
734
1461
828
781
1664
867
1719
2312
3367
859
805
1570
711
719
812
1617
781
1492
1391
695
1391
711
3219
1539
1633
836
836
1570
1469
1719
1773
883
3172
750
797
844
867
1648
812
836
805
781
797
812
852
883
852
867
867
4812
2797
789
836
836
891
906
1797
1688
797
805
828
828
781
766
766
1539
1750
875
844
844
2500
820
844
3336
820
1609
1641
852
820
1727
2469
1609
797
773
812
844
1695
1656
766
734
750
805
852
820
1531
1602
1445
711
1555
789
820
1625
844
820
797
1578
789
789
781
797
1656
1672
3266
797
2469
812
828
820
797
1617
867
1727
852
1609
758
789
781
773
781
906
891
836
1688
1648
797
2508
789
789
812
844
852
3117
773
2594
898
883
1680
1539
734
742
1703
1727
844
844
4094
1641
3406
859
828
797
1531
1570
828
812
750
789
1711
898
3289
3211
852
1703
859
875
2555
852
844
820
844
820
781
3320
906
1781
805
3102
844
859
852
875
1695
3461
867
852
1781
1742
8500
836
828
828
836
898
2641
859
875
852
1773
3383
2562
1688
2492
820
3359
844
2602
4016
1750
828
797
1531
2633
2664
828
2539
906
930
938
867
859
1586
1766
969
5180
938
953
961
922
2633
922
906
883
875
844
1742
891
2719
867
3492
906
2672
2508
3453
859
1680
852
812
812
836
1711
2625
3328
1656
859
891
898
1648
758
812
1695
844
2633
828
2383
844
812
1680
3484
844
844
852
820
812
6680
883
828
844
852
867
3219
1695
2445
6719
1773
3508
852
859
5039
922
4242
1602
883
898
883
3320
5273
797
805
1633
2320
1781
1812
1711
836
820
820
867
2719
1805
883
875
867
891
1773
2461
828
3328
836
2750
1742
1750
891
852
1742
1859
930
922
2516
1781
898
836
1625
2703
836
828
3477
4875
1602
867
883
4367
1555
1688
1781
1742
1656
797
1578
906
883
828
828
875
906
953
945
891
1570
781
5180
2852
938
2727
844
867
906
1758
828
797
3297
1750
1617
3078
805
836
2469
2383
758
1602
2438
1531
1484
3273
1570
773
766
1758
891
867
3273
852
875
2609
805
781
3430
1602
805
867
922
938
914
4188
852
2594
898
3141
766
836
2586
1742
3453
812
1570
852
3578
820
1688
2703
836
3297
812
1766
1867
922
883
812
797
3352
1797
1742
1578
828
906
945
1812
820
820
867
914
1922
1781
883
1672
1789
2586
1672
836
2617
3648
5094
844
2555
4180
1758
1672
852
875
898
1734
859
852
797
2430
836
820
2430
1555
805
3383
3883
781
1617
820
1602
2242
1492
727
695
1570
883
867
844
3242
781
4445
789
5570
773
4094
883
4148
820
3453
2484
1547
1484
797
844
820
789
781
781
734
719
750
4242
859
852
3016
750
1617
789
859
2648
2547
836
875
859
1695
844
836
1602
820
4133
8836
844
773
5781
836
789
1461
750
844
3586
3172
1852
1797
1609
5234
2633
2562
930
1766
812
1609
6055
3109
1734
844
1703
859
836
1648
836
1680
1727
836
812
2461
805
1617
773
797
859
859
2445
1680
797
758
734
820
1797
1883
2602
836
875
914
922
1789
938
4305
2750
1805
1805
875
1648
3422
828
2586
867
4258
883
867
805
3086
2281
898
1703
836
844
859
1602
883
1805
3383
1578
2508
906
867
3438
820
805
812
6352
2312
750
758
812
844
805
844
859
852
836
789
2414
5164
836
1555
1477
1695
2828
2523
844
859
852
5055
1664
3375
1586
852
797
1547
875
3461
3977
953
5188
3562
883
875
844
7250
820
875
1688
4641
805
3445
750
734
1695
945
898
1719
2383
828
2555
1758
2414
773
812
812
805
3836
1836
3453
2445
805
4055
2523
836
2930
750
727
758
867
1789
859
1680
836
805
1641
2758
1625
2508
2570
2672
1766
4398
2352
797
867
3586
1617
758
4047
5188
773
758
1734
4156
4734
1625
1680
2570
3961
1594
2273
812
3547
875
2352
797
1727
1734
1789
844
812
1664
852
2578
2453
828
852
3562
2578
852
1664
9984
1570
3164
875
1648
6812
6938
789
2289
805
2719
2711
1727
2320
750
797
3297
6633
