906
945
953
906
992
719
258
672
250
719
266
703
266
867
906
961
953
945
672
266
922
938
820
508
250
766
547
234
1164
1055
1031
39
375
391
266
1008
16
8
883
891
844
852
586
266
945
1023
477
281
273
16
234
266
125
258
938
984
961
930
922
977
703
266
992
1008
305
242
8
23
102
8
8
258
625
258
898
680
273
844
820
938
969
969
977
969
898
844
898
922
961
930
859
867
922
914
562
258
625
266
922
758
266
867
891
922
562
250
922
961
875
914
914
852
875
945
664
273
656
266
570
1086
820
633
273
617
273
47
375
125
273
8
484
273
1508
766
820
789
766
758
727
742
469
258
469
250
727
758
492
258
781
805
875
766
820
633
258
867
922
602
266
922
1039
1031
977
922
867
531
266
805
602
266
984
648
266
938
1023
992
945
609
250
445
125
258
547
266
703
273
625
266
930
906
844
852
812
773
477
266
477
250
727
805
797
570
266
852
570
258
578
250
859
828
773
547
281
789
844
805
852
859
828
852
867
828
922
992
648
258
898
625
258
891
906
625
266
625
258
969
961
914
1062
1133
16
766
258
1055
797
250
1086
1055
1047
1062
1062
1125
1125
828
273
781
266
1078
1047
797
258
1000
969
977
883
625
273
820
586
922
250
695
266
734
273
1133
844
258
1977
617
1078
805
852
906
953
992
992
781
266
1031
781
266
1031
1047
742
258
1039
781
266
820
258
1078
8
1047
1031
1008
875
914
867
984
734
266
1016
1039
1023
984
883
883
883
930
906
852
586
266
945
695
250
1016
984
891
906
898
836
852
906
555
266
867
570
258
1742
500
273
1477
789
484
273
523
258
812
773
789
758
742
797
766
789
773
797
484
1031
758
516
273
750
766
531
258
797
758
750
734
430
258
688
719
508
258
16
758
1602
773
758
750
727
766
750
727
758
750
766
812
844
938
984
1008
938
867
930
602
266
836
711
266
1039
945
852
852
547
266
828
852
891
969
898
914
883
867
922
875
852
625
258
953
1000
719
266
961
8
1836
852
930
938
969
984
1000
977
1828
938
750
266
805
273
1039
969
961
906
875
992
8
914
711
266
953
734
234
1055
906
758
273
695
266
680
281
977
953
1805
852
570
266
805
570
266
836
844
953
1016
1062
1078
1031
656
266
922
906
23
922
758
266
750
273
953
961
984
625
266
953
805
281
633
273
953
953
859
898
953
1000
914
977
1047
1039
1016
938
1023
1898
758
266
703
258
820
742
578
258
852
273
1062
156
750
906
70
891
852
844
859
39
906
883
8
8
8
812
852
883
852
922
914
1047
836
266
766
258
1102
1094
1070
1039
1055
1086
1055
1867
922
984
984
617
281
945
953
961
648
266
984
1016
1016
1047
1016
992
992
914
594
266
867
789
1445
266
820
891
898
922
953
1023
898
680
273
703
266
992
805
273
820
961
266
688
250
781
266
945
219
719
672
273
578
258
828
547
781
273
789
570
250
852
852
539
250
797
727
734
1477
758
477
1000
8
742
1453
773
766
758
828
516
273
773
16
180
359
258
812
812
789
758
750
750
781
789
805
789
570
242
836
875
891
617
258
1688
828
539
234
23
789
773
523
250
727
758
742
703
789
789
31
1273
250
773
781
539
258
797
39
727
508
242
734
742
500
789
250
16
805
539
250
539
266
766
523
250
781
797
781
531
266
805
531
242
797
789
508
258
758
469
992
703
477
234
727
750
727
797
16
797
586
250
797
1578
1555
781
750
477
977
688
500
242
727
695
734
719
477
234
758
742
766
781
516
984
711
664
703
703
695
672
664
648
16
664
1312
1320
664
688
688
438
227
711
672
688
1438
742
445
953
23
727
719
719
727
477
234
703
8
1172
250
2141
703
469
969
1148
242
695
703
445
250
703
672
719
469
234
719
680
1406
688
727
727
1117
148
242
492
227
766
672
695
398
242
664
633
609
961
227
383
250
945
594
242
344
1148
2789
1109
1102
547
531
562
562
1125
1672
1109
1094
1672
750
359
1656
3852
1086
547
180
352
969
109
547
539
3500
352
1133
1719
8
195
977
195
398
492
125
1219
2062
617
1883
602
602
1219
1258
656
617
641
641
16
648
8
641
703
664
641
656
1305
664
664
445
211
664
1312
625
656
1320
438
227
1312
695
648
688
688
703
1125
234
680
664
680
664
1328
1453
688
719
750
703
711
766
2234
734
734
758
758
766
758
711
461
227
695
695
461
234
461
1734
766
1570
547
219
1438
734
727
711
742
1477
742
2242
766
781
773
789
766
562
242
758
766
750
1523
766
805
1539
531
219
773
773
789
773
719
1453
734
703
16
727
695
719
805
742
23
711
867
828
820
1492
727
719
695
711
719
727
688
734
734
750
781
1578
789
898
891
836
898
875
766
875
1742
914
844
828
797
773
758
1516
758
891
891
773
734
742
758
2477
1672
1016
562
844
859
2445
39
836
891
750
938
961
1023
1117
1148
1062
1039
2125
1070
1055
844
266
1000
1062
828
250
1086
2133
1055
1008
1078
1102
1016
1047
1047
859
266
1016
1062
1047
1078
1047
1055
2023
1062
2039
1109
1039
961
984
1078
1000
1078
1070
1062
2133
2070
2133
1117
1164
1125
828
258
1125
1125
1086
1086
1023
1070
1141
1031
1070
844
273
1188
2250
875
273
1078
1109
1180
1922
273
2289
781
281
1109
1852
273
1078
1086
1102
1141
1086
852
281
727
2500
1141
1023
2172
2242
1109
2273
1125
812
266
1109
1102
1180
1133
1125
1062
891
1023
1062
1000
1008
1070
789
273
727
266
1141
4109
281
1094
1031
1047
1062
1000
742
1969
273
1117
1188
773
289
1086
695
1133
938
875
1008
1078
3438
820
266
1039
1148
3109
266
2273
2328
1109
1180
883
281
1070
1125
1133
2180
1695
1469
922
273
1117
2312
1102
2188
1023
2148
2680
2297
664
273
648
273
1055
1148
1000
805
1320
2102
1172
805
1461
1102
859
273
1094
1117
1125
883
273
1977
2125
2109
1336
2984
1102
656
281
758
281
2227
758
266
1148
3438
836
281
3398
1094
1094
766
281
1086
1062
1016
984
2203
1148
1148
1141
1188
1172
1742
273
1016
617
266
1086
914
289
859
1398
750
289
1016
1102
1008
953
812
273
1188
719
273
1969
828
2227
4555
1203
289
1141
984
1922
281
1172
1141
836
3938
1234
844
273
1211
867
273
1133
742
289
1133
820
2109
1742
1422
750
281
727
273
1250
2477
914
281
883
281
1141
1148
1125
859
281
844
2258
273
781
281
789
281
1852
1375
1062
2023
273
1102
1203
875
1141
2258
273
875
281
1773
1336
883
1055
648
969
281
688
273
602
273
8
2594
883
992
1055
2023
805
594
266
883
875
742
2000
266
2055
1078
633
2273
1016
711
2164
578
273
8
828
500
273
867
945
836
930
1031
2734
570
266
578
266
875
938
1016
688
938
2102
2656
625
266
562
273
875
2828
719
2414
1078
898
2867
273
1039
984
3297
1078
984
1977
1016
812
273
1961
266
2203
1164
2016
1016
1117
281
844
1344
1875
1945
266
1055
844
2531
875
273
867
281
4438
281
1172
1211
2516
2133
273
1141
2000
1203
3203
281
1172
1133
1109
2289
2000
1172
3172
289
1141
1133
1117
891
3422
734
281
2297
703
281
1781
1320
1055
844
281
898
1398
3016
2750
719
289
914
1055
859
273
1188
812
289
758
289
555
281
4164
2430
2297
2977
1211
2336
1023
2250
1844
977
5320
2188
281
1883
938
1438
281
1414
1453
1180
883
1500
1211
1148
758
281
781
1391
781
7516
4477
1414
1195
688
4312
2344
945
1000
2117
828
1734
2852
922
1695
1656
281
1094
2164
1039
1711
984
289
969
1781
2812
266
1180
789
1406
828
273
1047
1711
1961
781
273
2250
1000
1086
961
1078
2336
2188
2188
2164
1086
1102
2961
2438
3633
1805
1125
977
1039
1000
969
820
570
266
922
3344
914
1820
1125
2086
2961
1258
1008
2039
1930
281
844
1305
3320
1078
2062
1016
945
953
4867
281
3789
859
594
281
641
273
1016
1070
1117
1023
2141
1031
789
281
2086
836
273
797
1203
992
1086
1062
1094
688
1227
2750
1891
281
852
1344
1805
1672
273
641
281
1109
859
281
1086
852
273
1125
2375
4312
1023
1930
2320
891
289
4469
2320
3289
2094
977
1875
2227
1039
3820
289
1125
805
289
4219
2023
680
273
1008
1914
289
3117
2492
1078
1086
6266
3969
281
4047
6219
10289
1266
1016
1078
1680
2367
1133
2836
891
992
750
4414
969
6266
2102
5961
1609
4258
3531
805
1250
1031
3109
2516
3094
2297
4203
719
273
672
273
1172
2211
1094
3258
2234
5281
2336
1133
1242
859
4086
5914
5883
1102
1352
883
281
3492
1562
1273
1820
289
602
1273
1062
1891
2734
766
3102
3234
2375
875
4016
1359
828
281
1078
1141
1172
922
3633
1023
945
1461
1094
3125
281
1094
969
1078
3461
1109
2820
617
289
836
1445
4367
2234
1906
6609
281
1133
789
281
4492
2258
836
1383
1086
2930
4086
8891
3914
969
3117
8930
1156
1438
1188
3188
2469
1117
820
3617
1781
281
3078
5398
7594
7484
281
953
656
281
1086
1016
922
977
1914
2188
1883
2430
984
1016
4047
4562
273
5227
1547
742
3320
281
1836
281
625
289
4281
2594
828
516
258
5039
727
398
930
1898
367
883
3422
852
977
258
953
836
5883
367
3617
2070
1844
359
3609
4164
156
805
1945
1086
7266
5727
5102
3148
1242
3047
7609
5828
2680
1352
5445
3320
4625
680
1297
1305
3750
3883
688
1922
3164
1328
3320
1367
609
1344
680
2500
898
3242
1344
672
1383
672
4781
2125
711
727
1414
9789
734
4602
4734
6578
2102
1445
734
703
703
688
1430
2195
3406
1008
734
758
1453
2188
688
1289
617
4766
2039
1336
680
664
1336
1320
672
2008
680
656
664
641
672
641
1273
1906
1891
1039
3992
1000
867
367
8531
1812
7328
5219
2664
10320
992
9070
625
398
1203
4320
3234
1172
11750
2883
3125
617
4344
3594
6609
4320
1180
586
1773
2977
2359
2352
383
219
594
6180
789
6484
5523
602
602
12477
688
2133
750
3562
750
555
227
773
6125
828
3969
2188
1438
703
703
1469
688
734
742
2180
1414
4203
2664
680
1305
3328
1984
680
648
680
1336
664
2609
656
1945
625
1297
633
5070
2523
10750
234
1555
15961
656
703
14375
12727
766
797
3039
703
1328
656
680
2406
2391
875
898
914
2523
4352
844
789
805
812
2289
2109
9203
1711
4594
852
781
820
836
906
3578
2617
3500
3859
1000
2797
805
789
5078
859
953
1023
938
1914
1898
945
938
930
922
789
812
2398
750
773
820
859
1602
1602
4820
1453
695
688
656
1492
844
914
859
3977
852
1664
883
867
875
867
2555
1602
820
844
3188
758
742
695
2109
695
672
2992
3383
2414
6828
1531
734
3430
4500
852
3148
797
1852
1898
953
883
906
11148
6859
1977
1000
1953
875
883
906
906
1852
1992
992
5047
4930
6008
1836
820
836
1766
945
2852
1883
2047
898
1562
5000
1828
820
1680
5195
906
3625
2406
4188
1750
1680
23797
2547
2586
828
852
8734
9852
7414
7562
820
852
1812
5844
4703
766
1492
789
7047
1578
2359
812
5539
719
1539
4477
4117
3109
2586
1852
1977
3125
953
1859
4820
953
7227
4695
2625
4422
2703
891
1758
3375
5031
703
10344
5055
4133
2477
9055
13695
1703
7312
1656
15055
9219
3945
1148
3227
9281
3656
4617
4930
945
2820
969
3734
2031
2875
14430
4820
19094
5477
945
797
4000
2641
1836
1008
11367
922
2750
2711
2500
17977
9977
10438
14805
10141
6367
3055
4133
992
1859
6219
4062
14477
4484
1555
13547
7445
7422
938
1391
7664
711
11312
2852
9148
5836
1273
3789
5086
4164
711
6047
27617
12672
2312
5289
5711
2766
3172
7773
766
5258
969
3383
2867
5547
875
2797
992
1125
1062
3133
1062
5344
1047
1000
2977
4164
3180
5156
2086
1039
2039
1016
3047
1000
6023
2070
14680
2219
3297
2109
8102
8906
3070
1883
3406
3492
3305
8984
5781
4969
2789
11789
2953
4102
1070
3680
828
3398
16250
17891
9766
7703
32695
9523
9602
7336
11961
6875
1102
5336
7305
1008
31492
7523
1445
23969
22430
1633
1625
3633
1219
2859
11406
438
3922
1727
195
2398
789
195
469
500
2453
820
508
180
500
1008
2812
508
1539
2047
188
516
1906
547
742
1461
750
891
1273
2523
555
195
570
4711
1367
703
672
633
617
1875
4250
1211
609
633
625
2633
6336
703
680
5570
4500
1914
820
820
750
734
781
6602
4102
6266
844
789
4352
875
12492
2836
922
10969
3195
3016
14516
7250
2055
16555
