859
859
906
883
922
906
898
875
906
953
984
1000
938
898
891
867
891
680
172
844
867
844
859
859
844
836
828
820
852
828
461
375
867
828
867
891
852
844
812
836
844
844
852
859
883
852
867
812
812
812
789
820
867
883
883
844
812
773
766
773
766
773
828
906
914
867
828
852
773
781
789
773
742
734
758
750
758
758
773
797
820
812
828
797
789
766
773
758
734
734
773
812
789
820
836
867
828
820
852
820
1617
844
828
812
828
820
820
828
797
789
781
1523
742
758
773
805
820
805
781
789
789
828
805
820
773
773
773
742
766
727
727
719
703
719
727
750
734
781
781
789
766
727
570
164
711
703
711
703
695
688
688
703
703
703
703
703
703
711
719
703
711
695
695
695
703
703
727
711
727
742
758
766
766
789
789
820
844
797
1617
789
820
852
836
859
867
2516
852
1750
836
820
1711
836
875
812
836
797
820
828
805
836
867
891
891
883
875
906
844
1742
867
859
906
883
867
906
867
914
930
922
953
1734
164
992
953
859
844
812
797
1602
820
773
766
766
742
2234
734
750
750
734
742
734
766
750
727
734
727
719
719
695
711
695
695
695
680
695
680
523
172
672
656
672
680
664
672
664
656
672
664
672
688
680
680
672
648
664
8
656
664
672
672
1328
664
656
656
656
656
656
664
656
648
664
664
664
672
664
672
672
664
672
664
664
664
641
648
648
633
641
641
648
656
680
703
711
734
758
727
727
711
1398
719
703
703
711
727
727
695
711
695
688
711
703
719
703
703
703
688
695
695
719
703
727
711
719
719
719
711
734
734
750
711
719
1414
703
711
711
719
758
805
781
797
828
805
852
883
852
844
836
812
781
766
750
766
750
758
773
742
742
727
727
703
703
688
680
688
688
703
1461
750
1500
727
727
711
703
688
688
688
672
688
664
1344
664
672
672
672
680
672
695
688
695
695
695
695
711
703
703
711
680
680
1359
680
688
680
703
680
688
680
672
664
672
664
1312
648
633
641
641
641
641
648
656
1305
648
648
656
641
39
39
8
16
8
539
648
641
633
633
633
1258
641
641
648
633
648
656
648
664
656
656
656
1961
648
656
664
648
672
656
648
664
656
656
648
656
1297
641
648
648
641
633
625
1266
1266
648
648
648
656
648
648
656
648
648
648
648
1305
641
656
656
656
1320
656
648
656
648
656
648
648
641
648
1273
641
633
633
641
633
641
633
648
633
641
633
641
641
641
641
641
648
1289
648
641
633
633
625
625
625
625
617
625
625
625
625
633
625
633
617
633
625
617
625
617
617
625
617
625
1867
609
609
602
602
602
617
586
602
1797
594
602
602
594
602
602
602
1219
617
594
609
609
602
609
258
336
609
1812
1203
1211
609
594
609
1203
602
594
594
1773
570
578
578
570
578
586
578
586
586
578
594
594
586
594
602
1195
594
1203
602
602
602
609
602
602
602
602
602
609
602
609
609
609
609
617
617
617
625
617
625
633
633
625
633
648
648
648
641
656
648
672
672
1328
680
680
680
695
688
695
688
680
672
672
656
672
664
664
672
688
711
719
727
1492
734
711
1492
758
734
719
703
695
719
703
703
719
742
766
1477
703
703
719
734
742
1633
836
1664
906
852
1789
953
883
859
766
750
734
703
695
1367
2672
664
656
672
672
656
664
672
648
664
656
648
656
641
656
641
633
641
641
633
648
1266
633
617
625
633
633
633
633
648
641
633
648
648
648
656
664
648
656
648
641
633
648
641
633
641
641
1914
648
648
641
641
625
633
609
617
1211
609
602
609
609
609
602
617
602
1211
602
602
602
602
1203
594
602
602
602
602
594
602
602
602
602
602
609
609
609
602
1219
602
609
602
602
602
609
594
602
594
594
602
594
602
1219
602
609
617
609
609
602
1219
602
609
617
609
609
609
609
617
609
617
609
617
617
617
609
1195
609
594
609
602
438
164
617
617
625
625
633
625
633
625
625
633
633
1266
617
633
625
617
617
617
617
1195
609
617
617
617
625
617
617
617
609
609
617
602
609
609
617
609
1234
1859
1234
617
1227
617
617
617
633
617
625
617
633
625
633
633
633
625
633
625
648
641
633
641
641
648
633
648
648
641
1281
633
633
1898
633
633
633
633
1258
1266
641
641
648
656
1953
641
648
1289
656
648
664
1344
664
664
656
672
672
695
703
703
1523
734
727
703
695
688
695
1375
688
688
2156
719
711
711
2125
719
695
719
711
703
719
695
2203
773
734
1469
742
766
766
766
734
734
727
703
711
3523
1414
211
352
164
47
8
47
8
102
39
492
2844
594
164
695
172
531
750
789
820
805
641
148
8
8
242
523
70
16
47
125
516
742
1500
711
719
742
703
703
688
2016
672
703
47
133
531
711
750
758
750
1555
1578
461
47
47
39
156
734
742
3938
867
8
234
78
109
8
16
31
438
8
820
797
797
250
570
859
797
789
1617
1641
805
789
812
828
797
836
852
797
797
805
820
773
789
844
875
852
797
805
844
844
805
789
812
828
828
805
828
859
844
828
859
883
1648
828
812
820
875
1797
867
898
914
875
844
828
836
2422
828
266
422
188
922
891
914
938
906
2844
477
406
922
977
898
898
875
844
2633
883
930
945
914
938
1805
859
852
836
875
883
1695
883
898
852
828
797
875
898
906
953
2914
984
1016
945
1000
2023
1719
828
1641
664
180
828
859
914
1727
844
867
852
914
945
1000
930
906
922
922
867
867
1836
2875
1852
938
914
1789
852
852
891
898
852
852
875
906
898
938
938
992
914
867
828
797
828
1703
1938
930
984
1906
914
969
977
953
992
1055
938
961
2844
984
1000
906
883
1688
805
1602
797
867
1758
883
930
945
906
883
922
938
953
891
906
891
867
906
977
1039
930
930
1945
914
938
2750
3594
828
1625
805
867
2719
1805
852
891
945
977
914
906
938
883
891
930
961
945
969
1992
1883
984
930
938
961
1008
1766
2711
2680
867
1828
930
930
961
969
922
922
984
1031
969
1023
1953
1891
984
883
2453
2609
922
2797
1828
984
938
969
1031
984
891
1852
883
898
977
1047
969
1000
1031
938
922
930
984
922
1023
1148
1031
945
969
969
1797
961
1953
938
961
953
922
1664
773
781
789
789
1695
875
836
859
930
953
914
930
1914
914
1945
953
984
1000
953
875
891
859
844
805
891
867
906
969
1031
961
953
1055
1023
945
992
1062
977
1117
1156
1000
992
1062
1000
1031
1086
977
953
969
922
930
1031
1109
1062
1133
1047
3906
945
1070
953
2914
2992
938
977
2078
977
2070
922
961
1023
961
930
2844
2031
953
914
1992
984
953
992
1016
914
859
3234
820
828
789
805
836
844
1695
922
914
1812
961
945
945
1016
1961
914
1953
953
1039
1078
930
938
1008
1094
945
969
1047
1094
945
867
859
836
1812
883
1789
938
1039
1094
961
930
891
914
1016
1133
2094
1125
2031
961
1000
1055
1992
1148
1023
930
1008
1070
992
2008
1008
969
1062
2070
2008
914
1945
945
938
1961
906
938
938
906
1977
1883
977
984
906
961
1969
992
1055
1055
969
1000
984
984
898
953
953
922
992
1008
898
922
1953
930
859
820
805
906
1047
1055
1008
2227
984
1047
1125
984
2125
1062
1023
1156
1156
1031
1180
1078
1008
1141
1070
1000
1055
961
984
3203
1180
992
1016
906
898
969
977
930
844
805
805
1633
742
750
742
734
2195
1453
766
2852
969
984
1008
953
1828
2695
898
859
844
828
789
1594
2453
812
781
797
852
812
820
797
805
766
1516
1477
2195
703
1469
758
758
1586
789
789
781
781
1578
773
789
812
852
812
812
1633
1703
1750
805
820
2281
2141
1414
1461
703
750
727
703
703
711
703
703
711
680
1375
1992
656
641
656
641
648
1305
648
641
656
656
1977
1320
672
1320
664
1312
656
1305
656
656
656
656
656
656
648
648
648
656
641
1297
664
1328
1305
648
648
1305
648
641
1297
656
1984
1320
1328
1336
680
672
680
688
672
1391
727
766
750
758
1523
4398
734
734
1547
828
812
836
797
812
773
805
820
844
781
805
805
1555
758
758
742
1523
1648
898
820
867
828
1719
945
3438
805
820
852
852
1641
2500
1703
2328
1625
1625
797
758
1484
2227
773
1547
797
758
773
1531
781
1523
2477
797
789
1562
789
1625
750
1547
766
1500
766
789
789
1523
742
773
1570
789
1547
766
734
727
727
734
1523
773
4703
797
758
758
734
734
742
703
703
703
711
1414
695
680
688
672
672
672
664
2758
711
711
742
750
781
867
891
852
773
789
820
789
773
734
758
742
766
766
773
773
1594
789
766
789
797
812
805
852
859
906
859
859
852
844
1719
930
1852
898
2672
4391
867
883
922
1805
1781
922
844
906
938
875
953
859
984
1859
953
984
5414
898
891
859
1750
883
844
1711
961
922
898
1945
1188
1031
1109
2039
953
992
1023
898
867
1680
906
906
2711
2758
953
977
969
6242
898
930
1117
961
922
2055
1859
852
867
1836
1930
1133
1023
1828
938
1023
984
2305
875
1695
938
1055
1195
1898
938
1094
2258
2156
1305
2562
984
1234
1305
1117
1289
1023
1086
938
1086
1250
984
1062
2031
930
1031
992
1156
2039
867
852
867
1867
1031
2039
1078
969
1977
1047
1047
2078
2977
938
1000
1047
969
2078
1055
2539
1227
1055
1273
2172
938
930
1055
2250
1133
3625
1023
1188
1148
2023
1055
2125
2016
3133
4742
1773
898
2055
906
898
852
891
1797
1898
977
1000
1000
4703
2875
1094
992
1031
2055
1039
1070
1000
1062
1000
1047
3945
930
898
930
3141
1023
938
914
859
875
3570
852
922
859
922
906
875
2508
789
1555
758
1477
734
1430
703
1461
750
781
828
1828
906
836
2734
898
820
2539
1727
812
820
789
820
828
4070
1742
1750
1625
773
781
1539
1594
773
2242
727
711
1398
2148
3055
2273
734
1469
734
758
1484
2219
2336
852
1703
883
5102
844
859
1688
1648
852
2461
1656
836
3383
859
883
1688
3391
2633
898
1742
2695
867
1656
805
2789
992
961
2906
1898
852
812
797
781
1633
3875
930
883
2719
844
875
3695
1789
1055
1055
922
2055
3047
1031
1047
1008
883
914
883
4430
789
773
1922
2016
3078
3758
3000
1094
1906
891
859
805
812
859
883
5109
844
1625
828
906
2938
1016
930
1953
3102
914
859
1828
1883
1773
828
844
1672
1633
2438
4008
2383
3188
1586
820
1641
805
820
2391
812
875
883
1633
789
1711
898
1664
789
766
789
773
727
758
734
742
758
758
781
797
773
789
828
898
1023
883
914
875
836
859
891
875
867
1906
898
828
1617
844
1695
1719
812
844
4094
812
859
828
2492
852
2398
1570
781
1547
727
758
766
1555
789
2344
2406
2422
2352
1523
1477
2391
844
1664
1602
6656
1539
742
758
3688
719
742
727
2273
2344
1516
758
3602
1695
898
844
4289
859
859
867
6922
797
1633
859
4172
781
1516
3922
805
1578
750
1562
1625
1625
2281
766
3070
3727
2266
2352
812
789
820
828
4797
1523
5359
750
2250
766
781
1500
742
734
1500
3727
766
758
1477
797
1586
1578
4562
781
758
812
1594
773
2297
750
789
1648
5070
867
1680
1539
4859
4945
773
773
836
805
1680
1719
836
1742
1648
867
1703
1719
812
2539
883
914
875
2547
781
773
3969
1586
1641
859
844
930
984
938
2586
875
2625
859
2508
859
836
805
1633
812
3133
734
1508
758
820
1648
1523
758
1500
719
5703
1359
680
625
750
703
2891
2219
2914
1500
3766
2984
2984
2289
1508
3680
1445
1430
2859
1406
2766
2727
664
2727
1328
656
1289
1883
3070
602
602
609
594
2992
594
1789
1781
594
594
2344
578
594
578
586
594
1758
1156
3430
3984
2836
1148
4016
2922
2984
1180
594
4938
1305
2641
664
1320
1922
1258
633
617
609
617
2430
2484
1961
1367
688
3422
1320
648
2039
719
2875
695
703
1375
2148
727
789
2406
3945
812
2414
4367
3445
1367
2672
4805
750
750
2219
2289
2398
1711
3203
1586
2469
3133
2281
6133
1609
1609
797
3102
6797
797
766
1562
1586
1516
4773
820
1602
789
773
3680
734
742
734
1414
727
719
742
3820
742
2281
3867
750
5156
1508
2242
734
727
3086
852
1703
820
844
836
1719
844
1680
844
1602
3055
727
1414
1438
1453
1453
734
5602
4953
2531
1609
9141
3094
766
1570
3766
2898
2188
4938
695
2078
3422
703
734
773
2961
727
2258
1484
719
711
5258
5836
758
3789
3047
750
1453
2156
711
2156
2195
3703
1484
2242
758
1500
2898
5758
1492
742
14508
242
4477
250
523
773
789
805
781
2406
1617
3133
766
773
5633
781
6094
1438
719
2156
711
711
1383
4320
3922
1648
1609
2383
2414
1555
2383
773
1523
3883
4906
2273
727
758
758
789
3156
1500
766
766
1523
1531
766
758
758
766
1531
3062
1531
734
1461
703
711
727
1445
1422
750
1516
789
3203
1516
742
758
2312
3203
9734
852
1641
2344
758
1555
797
781
1547
766
758
742
742
2234
734
742
727
4406
2227
9609
1531
6203
805
836
844
1594
2406
805
805
6992
1484
1445
2836
1453
742
2961
5242
7281
1586
5742
1672
828
1773
3414
2492
6531
1633
789
11914
2562
3172
781
2258
1484
2203
2195
1484
719
734
703
2141
711
672
1398
1375
695
719
719
734
758
2312
797
812
891
953
859
1844
883
898
1008
852
820
1719
828
828
859
805
789
1609
766
742
1492
742
1586
797
828
1812
875
906
2062
906
969
1078
859
906
1031
1828
1008
1141
930
984
1141
961
2234
930
844
875
875
859
898
859
797
2398
6172
875
875
820
914
5477
3008
1844
859
2570
6750
742
805
945
992
1031
1789
1602
773
1508
734
719
2117
695
2883
727
3750
4328
703
695
695
695
688
703
2117
734
2852
711
742
742
766
742
766
789
1547
1531
758
758
1477
734
703
2133
711
703
2133
719
734
719
3086
1695
812
844
805
797
836
805
859
852
812
867
914
891
1023
945
930
1938
969
1062
898
938
930
1859
1070
1023
1062
891
938
1070
867
1664
1719
867
859
875
898
1758
1734
844
805
852
891
852
1875
984
914
1016
1148
1047
969
875
852
1680
836
812
883
914
922
883
945
977
1039
883
938
938
914
969
898
945
1023
961
1070
1047
3633
961
1133
961
1031
2070
1859
1031
1141
945
945
1094
1203
992
1055
930
930
953
1758
797
781
773
836
812
1617
820
883
930
898
1961
1945
2156
1156
3508
1055
1086
1266
3281
945
945
1141
1211
1195
2047
2016
938
875
898
867
891
953
930
938
1062
1070
938
3219
1094
1195
1039
1305
1234
1211
2320
1227
1141
1125
1164
1047
1094
1109
2273
1070
1164
1188
1016
2148
1000
852
828
766
805
797
820
1836
883
914
984
961
969
1000
1156
1047
1195
1164
938
977
1688
867
914
2617
5086
906
914
922
922
2281
1227
2078
1242
1250
4227
1953
1281
2117
2203
1039
1211
1070
953
2820
875
1727
953
891
930
953
883
1883
938
883
1711
852
2719
891
1773
1719
2539
3172
2547
2711
859
8562
1844
2250
2820
1008
922
977
1789
2953
945
6781
852
828
828
922
977
2656
875
3641
875
828
844
828
2484
852
1664
844
828
1570
781
852
1742
836
4344
844
2984
7758
1133
2141
2203
961
1078
5617
977
938
1945
1742
805
812
2461
1625
883
914
1820
1117
1172
2406
1203
1281
1242
1164
1273
1039
2203
969
2531
1141
1211
2000
1117
906
930
945
906
953
1164
1016
1117
2250
1188
2219
2320
1039
1117
1125
961
2148
922
836
820
883
1703
1633
844
891
930
938
844
852
891
2758
898
961
1047
1203
2109
2219
1023
1156
3086
1016
883
1836
898
938
1961
1891
914
1039
2086
1047
1148
977
1055
1211
1883
898
906
3023
4070
2148
953
1000
2070
1133
1250
1039
1047
2125
953
898
828
906
1820
930
1930
1062
1164
1062
1047
1188
1031
1195
1258
977
2398
1133
1328
1039
2398
953
2305
961
1102
1102
1039
1305
1141
1016
1117
1164
984
1203
1141
922
2914
1273
1203
2102
3336
1211
1016
1078
1180
984
1047
1172
1023
1188
2164
3227
977
1992
2219
3430
977
1062
1234
1062
1812
859
883
898
1289
1258
3594
3570
1281
1359
2430
1289
3656
945
820
828
977
1234
1203
1164
2281
2281
1258
1219
3414
1039
1117
1203
2008
2977
1062
1109
930
1000
969
906
2078
1117
1133
2320
1062
1109
1172
977
1125
1219
2102
2273
1242
2242
1102
2133
1352
2219
1258
992
1141
2328
1250
1227
992
3148
1148
3297
2070
1820
906
977
1055
984
2109
4148
2289
1000
3453
2367
1047
1352
1289
2352
1258
930
2312
