727
734
750
750
727
734
766
797
758
734
758
781
797
805
789
742
727
719
703
695
680
711
742
719
711
742
766
734
719
719
703
695
688
672
672
664
648
633
641
625
648
711
719
703
758
766
742
727
719
734
711
688
695
695
680
664
656
719
703
695
734
758
750
773
789
750
766
758
742
734
727
711
719
719
695
688
688
680
695
695
1461
734
734
727
727
711
695
680
664
648
641
625
609
602
617
617
641
664
648
656
648
648
633
633
625
625
625
633
641
648
648
688
727
711
750
766
758
820
836
750
773
773
742
734
727
719
703
719
734
734
711
742
742
758
734
695
719
742
734
695
680
695
703
758
750
734
711
680
664
688
711
719
695
719
711
695
695
672
719
758
828
789
836
852
1734
805
812
727
695
727
734
719
727
711
719
672
664
633
648
672
680
664
688
680
688
680
680
656
672
664
672
656
656
641
633
641
641
633
688
734
727
750
773
734
766
789
750
727
711
711
688
641
688
695
711
695
695
719
719
703
711
719
711
688
703
703
688
688
703
695
1367
664
641
648
633
641
633
641
641
656
664
633
641
641
633
609
625
648
656
641
648
680
664
656
680
688
656
664
656
656
648
664
672
656
656
680
719
703
680
695
695
656
672
680
680
656
672
688
664
664
695
734
1438
688
695
719
680
688
1430
719
1453
711
703
680
672
680
695
672
672
703
734
703
727
727
703
734
734
758
727
773
766
750
688
695
711
727
688
734
773
750
695
672
695
695
703
711
703
688
688
672
648
625
633
633
648
680
664
656
1305
648
680
711
703
680
719
1500
695
750
758
727
711
727
758
1500
844
883
852
781
766
750
695
672
1297
656
648
664
703
688
727
750
734
711
742
750
742
711
719
719
719
680
688
695
703
672
711
734
703
703
711
695
688
695
688
688
695
703
719
680
680
680
1352
734
867
883
914
875
820
805
805
789
758
719
727
742
734
727
734
719
703
719
750
773
742
766
766
750
742
734
734
734
711
703
688
664
641
641
633
664
664
672
672
672
656
641
641
648
711
750
680
695
703
727
688
711
719
703
711
719
719
1477
719
672
672
758
2594
898
891
812
828
820
750
750
734
1453
1461
750
766
805
805
773
789
805
773
727
703
758
836
836
797
812
812
781
820
836
844
797
797
1523
695
727
719
719
695
719
742
734
711
727
703
664
648
625
617
633
633
711
703
703
727
766
750
703
719
750
789
750
711
695
703
758
789
766
758
812
797
820
812
844
844
773
828
781
805
836
812
891
914
945
836
883
898
898
820
867
867
859
781
828
844
781
805
758
750
742
688
688
688
664
672
672
703
672
688
703
742
711
727
719
742
703
711
734
773
742
797
797
805
766
773
789
742
742
719
750
695
703
695
1367
727
727
688
703
695
719
750
1484
727
695
656
641
664
703
766
820
820
797
805
828
836
805
820
766
758
773
781
805
812
750
773
805
820
758
750
758
727
727
750
789
734
742
750
758
703
711
688
680
664
656
664
680
664
648
680
719
734
750
734
727
750
773
766
727
695
703
680
766
789
750
727
742
766
797
781
766
750
758
766
766
727
750
742
742
688
711
711
1414
672
656
1297
1258
633
633
641
633
625
641
1312
719
812
836
797
828
852
898
812
859
898
859
953
969
891
883
969
969
852
961
977
1719
820
859
781
773
773
734
758
703
711
680
688
711
719
727
1516
758
719
742
773
820
820
867
961
977
938
953
953
969
867
930
961
977
867
867
805
766
781
773
820
820
773
844
812
836
867
852
773
750
695
711
734
711
727
797
750
766
812
836
766
828
1570
789
742
1555
812
773
1625
828
789
773
773
773
742
742
742
734
797
852
812
859
859
852
797
836
836
828
750
742
758
734
812
898
805
859
867
875
859
812
852
898
938
859
812
805
812
836
859
797
836
914
930
906
891
828
891
875
891
797
805
828
875
773
828
852
820
773
836
844
812
797
852
891
836
820
773
773
680
641
641
688
1492
773
812
875
891
1648
922
867
805
820
883
805
758
750
789
859
758
719
688
656
711
750
836
766
828
867
859
898
992
930
883
1023
1023
914
1086
1008
922
1008
883
914
1102
1062
938
1031
1047
906
930
852
781
766
844
750
781
805
766
883
883
852
883
906
859
906
1664
812
828
844
797
852
898
789
859
891
789
812
938
969
844
914
867
812
789
852
898
930
922
828
875
906
906
789
875
953
977
844
914
930
938
781
805
820
859
891
883
867
883
789
781
766
703
703
734
711
750
852
805
750
812
734
820
1664
977
1000
961
836
922
977
984
883
961
1008
977
836
898
953
875
891
961
953
836
922
1000
953
797
773
805
1984
992
859
953
984
945
961
953
945
867
898
930
898
820
875
945
914
859
977
961
1672
758
711
672
680
727
1422
750
789
727
2336
727
727
758
711
758
859
914
859
898
984
914
805
859
906
953
844
914
969
977
812
867
852
859
938
914
953
914
805
727
711
711
1523
805
906
1680
875
859
852
789
844
812
789
766
734
1438
781
727
734
727
719
836
898
914
930
844
883
922
930
891
898
898
898
820
891
922
1727
844
852
844
758
719
719
836
859
773
844
773
797
859
852
773
812
828
836
1555
773
758
719
688
688
1312
641
641
1891
1875
633
633
609
633
1242
625
625
1242
617
594
602
602
609
1242
633
641
648
633
1906
641
641
633
648
664
648
1328
664
672
688
1328
656
1312
672
688
695
688
656
641
641
648
672
664
680
680
695
695
672
672
672
656
648
664
1992
641
648
672
719
742
773
727
719
703
688
664
672
672
648
641
688
766
797
766
750
719
1445
711
703
695
1336
664
664
1305
656
633
656
664
1461
758
719
711
734
719
734
734
695
672
688
711
734
750
727
703
727
742
750
719
688
688
664
688
672
664
656
656
656
633
648
672
1352
680
672
680
688
656
656
688
664
1359
664
703
695
703
711
703
1461
703
703
695
672
703
1359
695
688
695
711
688
703
695
680
688
688
672
664
672
672
648
672
680
656
1977
648
672
1961
664
641
656
633
609
1227
1266
641
633
1961
641
656
633
641
648
641
633
633
648
2570
656
664
648
664
641
609
1914
1266
1266
633
641
1258
633
1219
1234
625
617
617
1250
625
633
656
1297
648
1273
633
641
625
625
656
641
633
648
656
656
633
648
648
633
633
641
633
625
641
641
625
633
648
648
625
664
680
664
672
711
734
734
672
656
664
664
648
648
664
711
664
688
672
656
680
656
695
703
1352
1352
664
633
656
1383
719
695
734
781
1523
758
1492
797
1523
727
695
688
695
1383
695
688
742
1477
1562
727
2195
688
1344
641
625
1266
688
1375
648
2008
648
625
633
633
617
609
594
609
1430
750
773
805
1594
758
734
727
727
680
648
648
625
625
648
688
703
1422
703
672
1352
703
727
688
711
758
734
711
711
758
1422
680
648
1305
648
1352
711
711
719
703
1383
703
766
727
711
664
656
648
656
656
672
1375
734
1445
703
672
695
695
680
742
773
719
2219
1492
695
1508
711
1461
688
703
1367
688
1359
672
664
1375
703
1406
695
695
680
688
664
641
625
633
719
805
766
1469
672
719
742
695
672
648
664
688
711
680
633
633
617
1836
1219
609
602
609
656
648
656
1422
711
688
773
812
766
680
672
703
734
711
719
719
688
688
680
672
664
641
664
680
641
1398
734
703
672
648
703
766
773
711
805
820
828
719
742
766
695
680
742
797
820
719
766
750
688
688
2094
750
797
719
695
703
734
727
688
1406
695
773
805
750
758
742
742
688
711
727
1438
1453
680
656
688
742
711
672
695
1500
695
742
758
797
812
1562
1477
727
695
758
758
719
711
1547
812
750
773
773
1516
711
758
758
758
703
719
727
2219
688
766
781
773
703
758
773
750
703
672
664
1461
805
828
750
773
1508
680
1367
1500
773
2375
875
828
742
1602
1492
695
688
734
719
695
773
836
781
758
773
1453
703
719
672
648
1312
1469
1430
750
742
688
1391
703
695
664
656
688
711
680
703
711
734
719
711
711
711
680
711
742
734
750
742
734
672
672
672
648
664
2164
789
828
781
734
750
781
734
891
906
867
859
805
750
1453
711
812
867
797
2391
758
2727
1711
812
750
711
703
719
688
750
789
1453
1352
664
688
1352
5195
703
711
1492
711
727
2766
1422
2039
1414
695
727
3117
727
766
758
1461
711
680
750
789
820
727
773
781
1523
773
758
727
758
781
805
750
766
805
820
1539
750
734
1430
766
1430
727
703
734
2117
727
672
664
648
664
695
1391
2164
719
727
758
766
711
719
758
766
727
734
742
719
2234
719
719
750
750
2789
711
1438
742
750
2242
750
766
734
1422
734
719
695
719
719
2742
719
688
703
719
719
688
1391
711
703
688
711
727
1422
703
688
672
688
656
680
711
727
727
711
727
1453
2141
1414
711
742
703
688
695
664
664
711
680
688
727
711
672
703
688
680
656
1320
1984
680
3453
4016
1406
1453
742
1406
672
1328
672
688
680
1367
680
1320
680
2031
680
1461
789
1531
695
1367
656
672
711
2945
688
688
664
688
719
766
742
758
1531
1477
1367
664
664
688
2141
672
1352
656
688
711
1453
1500
727
688
680
664
664
680
695
734
1555
2289
773
1445
750
2266
773
2367
2883
734
703
727
2820
734
2938
766
1430
703
719
727
750
773
1547
1500
2234
797
805
773
805
1531
766
734
703
719
758
719
758
789
789
1492
766
3867
734
742
1414
1477
766
1453
2828
1406
703
2008
1398
664
703
742
2219
727
1453
680
672
656
688
727
2211
1484
1484
703
1445
703
719
711
680
1305
680
695
695
2445
859
1578
1516
742
766
750
719
1539
781
1641
2250
719
758
1461
1547
797
758
727
1453
719
2109
1438
1430
750
766
766
781
766
758
2523
836
781
1414
2219
2453
1766
836
859
2297
688
695
2398
2555
930
820
773
719
719
750
773
758
734
812
1727
1633
828
781
2086
2945
836
766
836
1734
805
820
828
852
852
2438
867
781
758
758
734
2836
2086
680
695
2156
750
1578
758
1570
812
773
3016
1438
812
766
1594
859
4133
3258
797
805
812
2383
797
1578
3797
711
1438
688
680
1336
656
656
648
641
648
680
656
1305
656
1281
1969
1281
1258
633
633
1289
1961
2117
1539
797
2219
1430
672
688
2391
5102
781
1602
805
1555
2234
672
656
688
664
641
1961
1359
680
680
1445
2227
1516
2234
781
1641
844
828
1539
695
1398
664
680
2312
773
844
836
852
820
1602
2359
805
1547
805
844
859
797
781
789
742
2422
1547
1484
750
734
2328
766
1570
1508
1516
1445
2156
688
664
1414
734
742
711
1477
773
766
1500
1539
750
766
758
734
703
2070
688
688
1367
1336
1438
1500
773
1469
3109
1633
2359
805
789
4516
773
812
750
1539
742
719
734
727
719
695
703
711
664
1375
672
1992
625
1234
2586
1992
727
1453
719
1367
711
2188
727
2969
773
773
1531
1586
2336
781
727
727
758
1492
742
742
1445
719
711
703
672
672
711
742
742
1500
734
742
1539
2969
711
3406
688
688
719
727
2891
742
1492
773
734
1477
742
711
1391
1391
688
2023
1391
1391
742
1523
734
773
1602
766
1578
797
797
750
750
773
1492
758
781
797
1484
1422
1422
727
1570
1633
3109
750
1562
750
758
781
797
1523
781
797
766
789
836
820
1539
820
828
805
758
781
797
2297
1523
1664
836
812
1539
773
2383
2383
1586
2406
1555
1562
1492
1531
2234
1500
2211
719
695
711
742
773
734
1414
688
1992
1430
2891
719
1445
2203
703
1422
1406
1516
2180
2164
1445
703
2141
734
1500
1492
5219
2258
727
719
742
1484
1430
688
680
703
2109
703
1422
711
734
2195
2289
2328
773
2352
750
1617
797
797
1664
1594
820
2359
1586
1562
1648
805
805
812
805
2242
2164
727
4219
656
664
1961
680
4000
664
1336
711
695
672
695
2180
773
797
2344
1656
2383
828
4133
844
852
836
3234
758
4742
773
2203
2180
789
1602
1766
836
1609
812
1547
1562
734
758
2336
1570
727
1406
703
2109
750
1461
781
2164
680
1328
656
656
672
703
680
2672
695
2102
1477
711
1430
688
703
2148
2258
758
797
805
742
1555
805
773
742
1453
4250
727
695
1336
1391
688
727
3891
1484
1469
2102
664
3102
844
844
1602
805
773
750
766
781
773
3977
781
1484
758
773
773
750
2344
781
766
773
781
727
734
1359
656
3805
805
781
3812
773
828
1609
766
766
742
1492
2352
1617
797
742
766
766
750
1438
711
688
664
695
828
1570
1508
1469
758
1523
727
1508
1555
1555
789
758
1625
852
852
797
773
1594
781
1609
1539
711
734
3781
750
1422
672
656
633
2766
2367
758
773
1586
1500
781
2336
781
781
734
2156
719
758
1523
766
773
781
742
1531
773
6727
2164
688
742
1492
719
758
781
781
1484
797
1562
789
773
1492
750
781
1438
734
2250
3023
1398
672
1312
1391
688
703
766
797
766
797
797
797
758
2258
711
711
742
1539
1516
758
1445
758
773
727
734
727
711
680
1375
734
719
2461
1547
773
1539
742
742
758
719
711
3047
1547
773
734
1516
1461
719
734
742
719
758
1609
1547
781
1430
703
711
2172
2273
727
742
711
1344
1273
2453
1938
656
688
1352
672
727
3734
1492
742
1469
1492
1445
1453
773
1523
1602
3078
742
734
2312
750
2266
3023
742
773
1531
766
797
1578
1531
719
703
672
680
1344
719
695
680
727
742
2219
797
1500
750
4562
758
797
828
1602
758
805
2312
2406
3922
781
789
1516
805
2281
781
1617
797
2367
789
1562
719
1484
750
742
1602
844
836
789
789
1625
1492
758
773
773
2289
1477
742
773
719
719
1422
672
703
773
797
812
2320
773
2234
742
758
2414
1578
1586
750
2164
656
680
758
750
719
3977
2344
758
766
797
734
742
2203
719
1539
727
758
797
812
727
1555
758
1453
742
711
742
758
3609
4461
781
2289
750
1500
734
773
1562
727
719
719
758
719
734
758
1461
695
711
727
688
2094
664
672
1984
648
1281
1938
672
711
703
703
1453
703
688
688
664
648
1273
625
2547
633
688
734
1500
766
781
797
758
758
773
1469
711
1484
766
711
719
734
1375
1328
2000
1398
688
703
727
703
2039
2062
719
688
2914
1711
2500
820
836
828
797
766
773
797
766
773
781
812
758
766
2344
773
2391
797
805
805
766
758
766
773
750
703
711
1445
695
727
750
1484
727
1516
2234
734
1406
711
1430
695
1414
1367
734
2219
766
2250
742
758
727
711
4477
734
711
1453
1375
2867
1992
4844
2266
695
727
711
1391
711
2062
664
2648
1328
664
695
703
1359
6773
742
4352
2828
680
4133
1477
1312
617
2297
555
555
570
2250
1625
2133
555
555
1125
1172
578
1789
4188
578
4422
1328
656
648
648
617
609
1828
625
648
1281
1898
617
1203
594
578
594
594
602
602
633
656
633
3719
664
703
703
2609
633
1383
2758
734
688
742
2953
2047
1383
680
3336
664
664
656
1289
1273
1367
2695
2766
680
664
664
4969
1438
2188
711
3555
2125
688
656
648
2789
5758
805
805
1492
2812
688
664
2008
695
1570
4633
1547
2312
789
797
766
734
742
703
727
766
766
3602
664
3797
2422
836
1594
789
789
2977
750
758
1492
758
1453
734
750
711
3484
1406
2117
688
695
711
2141
750
1414
688
672
688
5414
1945
633
633
1242
609
1188
609
609
617
656
4117
703
680
1898
594
594
633
2680
680
1438
1430
1391
1383
2156
1359
680
1945
617
1250
1383
680
1375
727
1555
797
742
750
1469
711
2125
695
688
703
688
1352
1336
680
680
703
750
758
1602
3727
1438
727
1469
2188
3406
633
648
3508
1453
812
812
2367
766
1477
734
680
1320
1336
672
1281
625
625
3258
609
594
586
578
1164
1195
594
1359
734
1375
711
711
680
3977
1906
3016
617
602
594
602
633
1414
1375
703
3000
1422
672
1305
625
648
1352
1578
828
828
2273
1391
648
1289
641
2680
664
3898
633
1906
633
656
719
750
750
2938
1938
1875
617
609
617
3234
1422
719
727
1422
664
1922
2047
742
719
688
1359
680
3336
672
695
1398
1414
1359
648
648
1289
1336
1438
750
1516
1539
2188
4133
1406
1406
1406
727
3672
719
1492
766
1438
2828
688
2125
1461
4391
1477
789
773
781
2172
2781
1344
1336
664
664
1969
1844
609
1234
2055
711
703
1320
648
648
703
2961
2141
734
3508
2047
742
2180
703
1414
2070
672
672
672
641
633
1258
703
758
2344
773
1445
711
1461
680
1383
2281
1414
2125
1570
781
719
1969
1195
609
656
1461
719
719
3188
1359
648
672
1289
1312
711
680
750
852
875
875
828
781
758
1414
1328
688
1484
1430
2062
1336
3023
734
750
719
1484
5336
719
719
734
5156
1422
1406
3477
1367
1336
1328
656
4102
3258
617
1289
2047
1344
664
688
1414
2133
1344
633
625
1773
570
562
1117
1164
641
641
1383
1523
1578
2922
1383
727
1484
2266
695
1328
1469
1562
2812
672
672
1359
1422
2031
1883
1188
1180
1797
2969
1156
578
562
570
1133
586
1133
562
562
1133
1141
562
1133
2273
3930
562
3055
594
602
586
586
562
578
570
2273
562
555
547
1625
531
531
523
531
531
531
539
555
562
2844
1688
1195
609
1234
1312
656
1281
1195
562
555
1102
547
555
555
547
1133
1258
758
758
734
711
688
1898
3164
648
1969
602
633
2492
617
609
2469
1797
1852
1281
617
617
625
602
633
625
1852
609
1828
578
586
586
578
2336
1156
578
578
562
555
1102
2148
523
539
1094
562
4289
1266
1234
1750
570
641
2508
602
1180
578
1719
562
562
555
1141
539
6172
1711
1109
562
555
562
1695
1734
578
586
3641
1844
617
594
6688
1172
1195
602
594
633
4117
688
703
680
680
719
703
672
1273
1227
602
602
617
1398
1484
695
2711
1250
609
586
1234
719
2266
1438
664
2711
633
633
2141
1352
742
734
719
727
1469
727
3047
805
820
719
727
734
797
2289
2039
672
656
680
750
2430
2180
2031
680
2781
656
648
2180
750
789
1453
750
727
1398
1453
2203
1500
695
719
734
766
773
695
2750
2117
1438
750
5078
703
1398
1641
750
1500
750
789
2117
2023
703
781
5602
4414
727
711
781
1477
766
1594
3961
1430
859
922
2586
1484
680
656
711
1484
1547
1391
1266
2070
766
1477
2078
1320
641
1352
672
1422
1539
2188
1359
1453
2422
2391
1461
2438
1570
1586
1438
727
852
875
867
2484
1602
2312
797
766
773
1602
2305
773
1406
664
5898
2555
609
609
1273
664
1312
641
625
609
1211
1305
719
5695
1602
773
773
3125
2234
773
781
1492
1555
719
727
727
703
695
2188
