234
305
227
305
219
305
539
516
8
523
750
312
531
547
227
320
531
539
531
539
523
523
531
531
531
211
320
539
523
539
523
531
523
227
305
8
203
320
219
305
8
219
305
8
539
1047
531
531
1055
227
297
219
320
523
531
523
531
227
297
531
523
531
523
531
523
523
539
531
531
531
219
312
539
523
531
8
523
8
531
531
547
531
531
531
523
523
227
297
523
547
211
359
219
383
227
352
578
227
336
219
352
555
547
555
531
219
312
523
523
523
516
516
508
516
516
516
539
578
203
31
148
438
266
484
109
234
414
16
102
234
445
227
375
562
562
547
539
531
539
523
523
523
523
516
227
289
8
219
289
227
289
219
289
508
508
500
1016
523
539
227
398
1195
16
125
227
492
227
453
8
234
625
953
570
555
422
133
219
320
227
320
531
1070
531
539
531
539
227
305
523
531
523
227
297
219
297
219
305
219
305
1047
1062
523
531
531
1047
516
523
219
297
227
297
219
289
1555
516
516
523
516
523
516
516
516
516
508
516
516
516
508
516
516
508
500
516
508
500
508
195
305
211
289
219
289
219
281
2516
500
8
211
289
508
508
1523
1008
492
508
500
211
281
227
273
508
1570
1102
219
336
227
328
539
539
539
2125
523
523
516
516
8
211
297
211
312
531
547
547
547
570
211
352
562
547
555
539
539
750
336
547
555
555
555
555
547
219
320
219
305
227
305
219
305
1047
555
211
391
922
539
219
1195
227
391
8
227
375
227
938
219
359
8
219
344
8
578
562
227
344
227
336
1117
219
336
555
555
219
328
242
305
227
328
227
320
531
1078
531
531
531
523
531
531
523
531
523
523
531
531
531
531
531
219
312
219
312
219
312
531
2188
219
609
609
406
859
352
219
367
211
359
219
344
8
562
555
555
8
555
1109
570
562
1125
219
344
1102
555
227
328
555
8
555
570
227
336
570
227
352
578
1133
555
555
555
562
8
219
344
570
562
555
555
1109
555
547
547
547
547
547
547
562
578
219
367
586
562
562
562
547
547
547
219
336
547
555
562
547
547
539
547
547
555
227
344
8
1695
234
586
391
8
227
391
234
586
367
1148
227
344
234
328
227
336
8
234
328
2219
555
555
547
555
227
328
562
555
555
547
555
555
781
320
8
234
320
211
344
219
336
555
555
1656
1602
531
547
555
219
367
8
227
1055
250
414
227
391
8
219
602
367
227
344
1156
1188
203
398
219
375
8
227
367
227
375
1211
602
219
375
203
633
336
8
234
344
8
211
375
578
578
242
336
586
219
359
578
578
570
562
562
547
539
539
1070
1062
227
320
234
297
227
305
227
312
531
539
539
1625
1086
211
328
234
312
211
328
547
227
320
547
219
336
555
1141
570
820
430
625
234
359
8
242
375
602
1203
234
383
219
383
8
234
602
586
1273
375
8
219
375
8
812
352
570
1688
219
344
234
344
562
2227
453
102
227
297
8
539
539
1062
531
531
1617
562
586
570
578
570
578
562
562
555
562
547
555
539
547
539
547
555
570
547
562
555
555
227
336
539
8
555
227
320
1086
555
539
1086
555
531
547
539
531
539
531
531
531
539
531
539
1078
539
547
531
547
398
133
242
297
531
531
531
531
523
523
531
531
523
531
531
531
539
523
531
539
523
523
531
516
516
1031
516
523
531
523
531
531
1055
531
516
1570
516
523
516
508
516
1023
508
516
508
508
516
1531
242
273
516
516
508
2078
1031
516
1016
516
500
508
508
508
508
508
508
500
508
508
1008
508
500
508
492
500
500
492
492
492
484
477
492
484
477
492
477
961
234
242
477
953
477
484
953
945
477
477
477
484
469
484
945
469
477
484
1031
508
500
492
500
492
492
484
477
484
484
484
477
477
484
953
477
1180
391
602
242
367
1125
539
547
1117
531
539
8
539
8
227
297
8
1039
562
234
1453
422
234
359
219
336
539
1977
359
555
547
531
531
570
8
211
656
234
766
516
242
680
367
555
547
539
898
234
812
16
16
8
422
8
23
23
109
227
39
133
344
125
211
16
602
234
8
562
234
1750
8
1109
1453
914
539
234
531
211
484
242
398
203
633
383
578
8
570
562
578
555
562
547
547
539
531
1570
1273
336
227
352
633
688
664
1430
336
8
219
375
594
1133
609
242
352
242
328
562
1633
1438
234
516
227
1172
8
594
578
234
422
898
250
523
234
1234
227
406
234
391
1727
242
8
398
117
258
500
3000
219
711
242
578
781
906
367
578
4453
875
102
602
219
391
594
602
1211
234
336
2938
1266
1172
445
125
8
242
344
219
398
227
484
828
984
1633
594
625
250
727
555
250
1672
250
344
234
336
562
2711
547
562
664
750
227
445
242
398
617
609
602
461
133
422
148
8
8
219
328
4391
570
586
570
1117
1109
242
305
523
8
539
2625
523
508
203
312
516
531
523
1594
1586
516
227
289
516
227
289
516
2047
2523
492
500
500
1477
234
258
211
273
1469
492
1977
492
500
492
1500
2516
719
281
195
297
500
500
492
2500
1016
1023
523
211
305
516
2062
500
8
508
516
2555
1016
1500
508
383
117
500
203
289
500
492
1477
492
492
484
1477
1531
219
281
8
211
281
500
500
2047
516
1539
227
289
219
312
2078
227
305
227
312
531
1617
555
398
133
547
203
328
2680
547
531
531
227
305
1562
523
523
516
523
531
523
523
539
531
1070
539
203
336
2156
1070
539
547
8
570
555
547
539
539
1055
523
203
328
2117
8
523
227
297
516
1047
516
2039
508
219
289
492
8
3070
1023
508
516
508
508
516
1531
508
219
289
500
1516
1008
227
273
227
289
500
3016
500
1000
1000
1000
500
492
492
992
492
4375
484
477
953
469
477
469
1406
477
461
469
3273
1867
469
477
508
531
1102
562
562
1109
547
2086
516
500
211
281
492
2961
1508
531
219
328
1586
219
305
555
227
305
3578
523
523
531
539
1125
602
477
328
375
211
367
1711
3172
109
539
195
562
305
8
531
2125
1586
1047
523
516
1547
516
500
508
2023
516
1023
523
523
523
516
1062
1047
516
523
516
523
2055
1531
523
531
531
531
523
523
523
516
516
1547
508
508
1023
516
516
1023
523
508
516
1023
2039
516
406
117
539
523
227
289
4047
500
492
500
492
984
492
500
1484
203
289
211
281
500
492
2961
492
500
484
492
500
1977
977
984
969
484
484
961
477
484
961
492
484
1461
1945
977
1938
484
1961
500
2523
500
1492
500
977
492
492
969
492
1938
484
477
1469
477
1461
477
484
484
484
953
484
1914
1961
492
484
1461
492
484
484
969
484
219
258
484
961
1891
961
484
961
484
477
477
211
266
469
469
4680
469
469
469
469
1867
1891
492
492
500
508
516
1031
508
500
2008
508
1016
500
1047
531
508
516
508
500
500
1508
531
539
1273
336
547
1617
531
3172
1078
555
1094
547
211
2570
1109
1133
1148
570
586
211
1516
219
938
1914
1461
562
570
211
914
555
1078
2188
555
1680
1375
359
586
586
789
945
1953
594
1594
820
602
1773
1258
406
883
664
648
648
617
1234
3492
2680
391
227
2141
578
8
2570
609
2117
227
953
570
578
2344
1672
555
570
562
8
219
633
469
1492
234
1141
1859
852
375
242
367
8
1461
617
2227
3234
1570
2047
1617
2734
1023
234
1906
617
609
2664
562
578
1156
3891
617
609
984
609
4906
234
1594
242
367
6453
1016
234
1695
4961
3078
8188
5516
539
1359
359
3258
492
672
1492
992
1188
1195
1766
836
1188
7156
367
859
1688
906
2203
586
2469
8
1539
1031
4898
2180
1086
891
664
422
1531
406
664
633
875
3094
1273
398
633
625
242
367
8
250
391
5492
891
633
359
4602
1914
250
672
3523
2383
7727
1773
242
406
242
617
4734
3750
820
359
2930
1203
2461
898
3922
242
3422
641
891
1648
2445
609
1461
969
2297
570
2812
234
4234
648
891
1578
836
367
2547
2250
609
2125
609
734
2523
1227
250
1969
3656
883
648
648
2820
242
1719
797
2219
258
1461
3492
656
250
742
1328
398
242
391
250
1266
617
1906
758
3578
1812
953
1531
477
688
3828
2359
1750
602
242
742
4656
711
250
1047
250
383
859
383
641
953
1703
1227
250
977
930
594
258
508
727
250
2391
633
8
711
961
633
375
2969
594
586
828
344
1484
367
641
250
641
1906
3156
1047
242
438
258
3531
594
1492
391
906
6992
352
250
367
2680
3703
359
867
375
883
5234
992
1203
5250
969
711
1047
617
4531
375
2461
5305
1984
5500
648
945
1227
250
2797
1914
1195
1523
258
719
3766
609
602
359
8789
484
5336
2227
867
617
1281
4430
398
656
2672
250
9453
883
6172
3281
398
5570
3531
250
5930
578
609
891
3430
6375
6875
2023
445
734
734
688
648
1250
3016
2703
242
461
250
1133
3570
3062
391
5625
250
367
859
391
242
6867
414
242
664
5289
2406
2578
2547
242
695
414
1570
406
906
3828
1875
1039
242
6117
3430
398
1914
1977
6508
1742
641
234
1555
2594
930
2273
562
570
250
602
5039
914
2328
1531
1703
922
1211
914
2266
2359
578
570
1703
570
2633
250
1305
242
539
258
523
734
711
242
1688
4523
844
3133
3891
7617
656
250
672
1742
633
2875
1586
1195
6344
664
633
2742
4672
359
1180
1195
1352
250
3594
398
656
15125
898
1398
3523
3805
258
4039
648
8961
1555
2250
8
1516
3859
6023
4844
695
250
445
1414
1609
4852
1578
664
2625
3859
664
1273
3938
703
2289
234
1320
10078
1086
531
1594
1062
531
3727
2125
539
1086
2742
1625
1617
3859
3273
1594
523
1102
4555
555
1633
6188
2234
1664
7523
555
12070
7109
16094
7750
15039
664
12930
742
2195
3039
6547
227
344
562
570
570
4477
16539
5883
336
2242
1695
2227
1641
539
539
539
2695
1094
547
555
1094
3336
3234
3688
4461
594
1820
594
1734
1148
2320
1703
3922
1797
1242
1805
5852
578
8
1727
4188
2531
1188
578
4250
1164
227
391
2609
617
2367
2367
594
602
1273
4594
1141
2930
562
1664
555
555
1117
586
1156
4508
562
1141
562
3391
2273
570
1133
578
570
3867
555
1109
547
555
1086
547
3203
531
1062
1617
2672
523
1047
2070
2023
4516
1523
1531
8359
6266
1555
523
5664
516
1031
516
508
508
1508
1016
516
344
180
516
516
7969
539
1656
555
1656
2141
3117
516
1000
3383
609
1102
2297
1094
4812
523
5922
1555
992
5312
1031
523
1984
211
2195
3312
555
1727
602
2117
2703
2031
3961
641
2062
1930
5047
2523
4141
1656
1836
5289
2070
5406
242
1375
766
242
516
1453
2125
1453
797
250
1164
711
672
680
672
1570
406
2070
680
1367
4773
250
1398
734
6203
688
680
3391
1359
688
1320
648
672
3305
703
2008
648
4008
2023
1352
656
258
398
2055
1375
1438
1984
648
2000
2727
672
656
1328
1312
6367
5188
1938
3234
2062
2062
2516
250
6367
3992
1750
13594
2891
703
6961
4750
1859
1734
570
562
570
570
594
1742
8812
3734
4086
562
2250
1125
5820
602
7031
727
5195
1211
609
602
1547
1594
250
3312
1539
1555
1375
641
1906
648
742
2367
2383
672
906
1539
1516
1016
3195
695
727
3906
703
2148
3523
703
758
6641
1531
2227
750
3461
672
2688
672
5570
2906
2547
695
3672
3164
250
2383
4570
2125
3844
820
6203
711
938
266
570
258
1328
4367
5641
3148
414
6562
1789
969
3844
2266
773
1016
438
664
4898
2383
2797
4000
742
266
469
1398
1359
1281
625
1820
594
4750
258
2992
1266
2531
680
16430
3094
1852
2094
12594
586
1766
602
1242
3047
4742
1828
2586
688
1430
711
789
258
531
703
695
727
1531
3039
781
1477
781
1484
1539
2227
758
242
469
734
6477
1820
703
2109
703
719
828
258
2812
4156
2211
969
4000
1445
773
258
1141
5734
1406
930
4961
2172
758
250
1930
2109
680
258
1266
7594
1156
711
1406
2125
727
719
1414
5023
1445
1758
508
1414
3086
2641
2844
4891
7758
727
703
4164
1555
273
6695
1305
7172
1359
6969
680
1688
1891
11328
1039
633
625
2992
2305
8031
8719
6289
1281
30773
7750
1211
617
14469
7414
7156
2352
4859
4188
1258
3805
1859
4750
2430
250
414
5539
10250
6453
8227
656
14906
633
1219
602
4203
5906
2836
711
711
12633
695
695
3328
4828
10680
1570
766
734
773
758
1047
4570
1312
1891
656
656
2016
3875
1297
1289
4836
930
547
734
6742
1398
4211
656
680
2141
867
1492
3375
1023
461
1445
2812
2070
695
695
695
672
2375
766
2594
625
883
5328
719
852
773
781
3000
703
773
766
258
469
1367
7633
1367
695
9992
2062
883
836
805
2141
672
672
7289
2305
3078
13133
727
10930
5562
6938
656
258
6594
820
7703
2445
1273
4164
5531
6836
7812
2047
695
10359
16672
5453
1578
7422
4305
930
1930
3547
1328
1328
1984
656
2711
25953
5148
1484
984
664
5992
9039
891
1055
1609
4758
7539
22258
3945
16039
5273
14383
750
2734
5617
4781
9047
2227
1375
4688
4125
2016
1555
8430
10164
7219
15812
3195
5938
727
3523
5539
2758
680
5398
672
2016
8062
13883
648
664
11297
28711
6859
5875
1898
6914
8070
16844
3695
672
26844
7898
4422
9258
242
2516
672
4867
1492
5789
8758
1984
21109
914
16500
7430
8469
15070
9258
6141
758
750
2773
20023
7695
8242
16453
15172
680
15750
617
4211
16094
14969
1484
711
711
734
5586
7500
2742
4820
16961
1523
12234
2281
16812
16172
