805
812
766
727
711
695
680
680
688
234
445
680
688
688
672
672
219
445
641
641
1344
773
789
789
758
727
703
672
641
633
242
984
609
602
211
391
594
602
609
633
633
648
648
633
219
430
656
641
672
664
656
656
656
672
656
227
438
672
688
695
695
695
719
719
727
711
711
688
688
680
688
672
680
656
656
656
664
641
664
578
656
648
633
188
453
633
641
633
641
625
625
617
609
594
578
570
570
562
562
586
633
695
781
781
758
734
727
703
727
695
680
656
609
1242
211
406
617
633
1305
680
703
688
680
680
1328
656
648
648
656
680
664
664
688
680
727
719
758
797
820
828
797
758
727
695
695
672
680
656
680
719
750
734
742
750
711
719
719
727
719
711
703
1352
719
789
234
586
828
828
797
766
750
1453
719
234
477
719
727
727
703
688
688
695
695
680
688
680
695
703
688
703
711
734
727
703
695
680
664
664
664
648
641
648
680
711
719
695
695
680
656
648
617
617
609
602
625
594
1227
602
594
594
578
578
570
562
562
555
8
1117
562
570
570
555
562
555
539
539
547
555
539
555
555
562
555
562
555
555
562
562
555
555
570
578
594
602
609
609
609
602
586
594
586
586
594
1156
586
570
578
570
562
578
562
1117
570
578
578
586
562
578
578
555
562
555
555
547
562
562
539
555
547
539
547
531
539
523
531
539
1039
516
523
516
516
523
516
523
531
516
539
531
531
531
547
547
539
539
555
562
562
578
555
555
562
555
562
562
1117
555
555
555
1102
570
555
555
562
562
570
555
578
570
555
1109
547
547
547
547
547
539
547
547
547
539
547
539
539
1078
539
539
547
562
570
594
602
617
1203
586
602
695
766
758
750
758
727
711
688
656
1328
695
742
750
688
711
695
664
664
664
641
648
211
445
656
641
664
664
680
672
703
680
1414
812
789
1562
812
773
758
773
805
1477
742
711
797
773
758
703
688
672
688
219
508
797
766
812
805
781
750
781
797
742
781
766
742
781
1562
812
836
781
719
727
742
773
688
695
648
664
641
617
609
609
594
602
609
602
602
617
609
609
617
609
594
617
625
641
648
641
656
648
664
648
680
695
703
711
719
734
711
727
1383
805
781
797
797
758
734
703
695
711
1406
711
750
750
695
719
727
727
711
711
711
727
227
516
734
750
758
773
789
719
750
711
711
711
688
703
688
680
672
648
656
656
664
672
680
703
688
695
703
695
234
438
672
664
680
672
695
1422
695
703
234
453
672
680
688
688
1367
680
672
680
688
719
758
781
758
781
781
820
812
781
766
734
750
766
820
1594
820
789
805
789
781
750
734
1469
766
781
766
734
742
750
758
758
742
734
742
758
773
734
750
742
734
750
727
750
766
773
1523
750
742
250
469
242
484
719
711
742
758
727
773
766
773
797
734
750
758
773
781
1461
727
742
242
516
719
742
742
758
773
750
750
758
773
703
781
766
789
773
766
1508
719
742
742
742
773
789
820
820
773
781
758
719
1461
695
250
453
695
703
688
727
734
1469
711
719
719
703
727
234
484
703
703
711
672
695
688
242
461
727
750
734
711
695
711
242
492
719
1391
250
438
688
688
703
703
727
742
766
766
734
742
742
1461
758
805
789
789
742
1484
742
758
250
500
1438
680
711
242
445
695
742
828
859
898
906
789
797
773
742
734
766
766
773
781
766
773
750
742
719
711
1438
727
773
789
797
789
789
766
727
750
750
1500
758
805
836
852
781
742
711
688
727
758
797
820
828
766
250
555
773
789
758
781
797
250
562
250
1281
1422
203
55
414
656
641
641
1281
648
656
680
242
438
695
719
734
719
711
719
672
695
242
1906
758
758
719
734
1500
750
703
250
469
727
750
773
750
1438
1453
766
719
734
734
742
750
742
711
734
758
797
820
766
727
750
758
750
719
695
711
719
766
820
758
781
781
250
539
781
719
742
727
711
703
1359
664
641
641
633
641
656
680
719
711
1406
703
680
672
672
641
656
648
641
664
680
656
664
641
656
633
633
625
602
602
594
1164
570
570
570
586
602
625
680
750
812
852
891
875
812
758
688
656
648
617
609
1203
617
641
617
609
1188
586
586
578
594
586
586
570
562
578
562
570
562
555
562
555
547
555
555
539
547
539
539
539
547
555
555
570
586
586
594
609
617
625
1273
633
609
609
602
586
570
562
1109
547
539
555
547
555
555
562
562
547
562
555
555
555
555
562
1094
1641
1125
570
1820
625
617
609
1180
570
2211
539
539
539
555
586
578
578
562
578
562
562
555
547
531
523
531
531
539
539
547
1125
594
195
406
602
602
594
594
578
562
562
555
1078
531
1062
539
555
195
383
586
609
1305
680
1328
625
602
586
578
578
1766
578
195
422
188
406
578
1125
1141
578
570
586
586
586
578
586
570
578
602
602
1172
1203
594
586
1195
594
586
594
594
609
1203
602
1164
586
578
578
562
570
562
555
555
555
1125
562
570
578
578
570
586
570
578
578
570
570
1133
562
1133
1156
594
594
594
602
617
633
1250
1234
617
609
602
609
586
594
609
609
586
617
609
602
617
602
617
609
617
609
625
617
609
1211
602
602
1195
609
1195
1188
594
609
578
594
602
609
609
602
578
594
578
578
570
562
570
562
547
555
555
547
547
555
570
594
609
648
648
641
633
602
1180
586
578
578
570
586
594
609
625
633
672
680
1984
648
1336
703
711
1406
719
1445
711
688
1281
625
617
633
656
711
711
1422
695
1305
633
641
648
633
617
625
633
2016
664
656
625
633
633
641
656
656
648
656
695
719
727
1367
688
703
680
664
672
688
664
680
664
656
648
641
1336
641
641
641
617
1211
1203
1172
578
586
1148
570
562
562
562
1125
570
578
555
570
570
578
1133
570
547
562
547
1086
1086
547
547
547
547
1109
562
578
562
562
578
1125
570
1133
1141
570
578
578
570
578
1156
570
578
586
578
1133
578
570
555
555
562
570
562
562
555
562
562
562
578
1117
562
562
562
555
547
531
539
1070
547
539
1094
539
539
531
539
539
531
1078
1633
1625
539
1062
531
531
531
531
531
523
1594
1055
539
1578
539
523
531
539
523
531
539
531
539
539
547
2172
539
539
547
1102
1078
1078
539
1086
1086
539
523
523
555
578
578
594
562
570
172
406
555
570
562
594
1148
1758
594
586
1148
578
578
578
570
586
586
602
609
1188
1180
578
570
1133
562
570
594
594
1227
633
641
1297
633
1211
1195
609
1297
664
1305
648
633
633
641
641
648
641
641
617
609
602
594
594
1203
602
633
656
672
1297
633
609
602
1758
1156
1156
570
570
570
1125
570
562
547
555
539
562
555
555
555
555
562
555
562
555
578
570
562
555
555
539
555
1633
547
547
1078
555
570
570
586
570
602
1195
609
617
641
648
625
656
633
1250
594
578
570
555
555
555
547
203
352
1141
1117
562
586
578
586
586
578
602
594
602
602
1781
602
625
648
648
648
656
188
461
641
594
609
602
609
1781
586
602
602
1227
625
1266
656
625
617
617
633
617
648
695
695
703
648
680
672
641
664
648
648
656
680
664
703
703
711
734
742
2156
203
539
1523
750
734
672
688
680
680
2117
711
781
742
719
727
1430
664
695
695
695
688
1359
680
695
703
1352
1414
672
695
641
656
641
688
664
758
789
820
836
812
789
766
672
703
234
430
719
695
766
719
805
789
773
727
711
680
664
1273
203
422
609
1266
633
664
688
688
734
688
734
688
703
711
742
1430
1367
734
758
1438
719
727
734
773
789
750
797
789
766
1430
680
664
1305
1352
1492
797
844
859
805
742
750
703
750
781
805
797
781
711
680
719
750
719
805
852
828
844
828
781
742
672
695
695
695
1359
664
680
695
703
742
812
859
1672
836
836
2352
812
812
812
766
750
766
789
758
781
828
1672
789
766
750
781
812
2328
1508
703
727
711
688
1352
664
1375
734
1531
781
2172
672
688
703
734
797
3086
820
789
805
820
1508
758
750
766
734
773
789
781
766
766
734
1508
734
758
719
750
711
727
711
719
773
1594
789
812
789
797
781
1523
742
727
750
727
750
766
750
773
789
812
820
1547
1484
750
750
758
766
734
750
734
750
1555
828
883
906
891
883
898
883
836
820
1602
797
1641
1539
766
1547
805
820
828
797
820
812
1570
1547
820
820
836
836
1609
789
812
242
547
1594
781
773
789
812
2359
1547
781
797
789
805
812
2422
758
750
773
805
828
852
1578
758
234
492
695
1320
641
641
633
633
1906
633
633
641
633
648
641
633
648
633
656
648
672
664
664
648
664
656
664
641
656
656
641
648
648
672
680
1352
703
688
1383
656
656
1281
641
1281
672
703
695
688
727
703
719
664
695
695
703
711
711
688
680
1289
617
602
617
1898
680
719
695
875
922
930
898
812
750
703
695
711
703
664
1398
727
750
750
758
734
750
727
688
719
711
719
727
1438
703
695
719
750
758
688
734
680
734
1453
695
648
1320
648
641
1281
633
648
1305
641
1891
648
688
719
766
2258
750
2188
1539
1398
1406
727
750
758
750
711
703
695
703
703
703
1344
680
680
688
672
688
688
234
500
750
812
883
891
875
828
750
742
719
719
703
727
734
734
789
797
828
812
836
828
820
2266
750
789
805
812
797
797
828
797
758
688
1398
1414
727
781
805
1625
227
570
227
570
1500
742
250
469
1414
1445
734
773
789
789
789
781
789
781
734
734
695
2086
711
750
727
773
789
789
797
1609
797
781
773
766
1453
750
773
1609
1648
773
773
781
805
797
781
812
773
828
828
812
844
789
836
820
2188
711
242
523
820
875
883
891
883
1695
820
789
1562
758
1555
805
2453
1656
891
906
898
852
836
1547
758
750
805
1656
875
859
812
805
1602
812
773
789
1484
750
1562
1625
750
734
719
727
711
742
773
836
250
570
797
812
797
820
789
789
789
2508
789
758
781
773
766
820
844
930
844
1789
859
1555
750
758
750
1594
2414
773
766
758
766
773
773
789
2375
758
758
1508
750
781
820
820
805
773
1469
688
734
703
781
922
977
984
883
1602
734
742
734
781
891
1039
914
953
1812
852
812
789
258
531
773
727
781
789
820
812
797
789
789
703
727
820
852
906
898
859
820
1469
1469
781
789
797
812
789
773
758
734
1391
1383
703
727
734
750
1656
844
828
781
852
898
805
805
797
789
2477
836
820
1516
750
781
797
789
711
758
727
1516
781
2297
773
1531
781
797
781
820
844
1648
742
750
758
1531
1805
4242
1523
727
523
172
695
680
695
1391
680
2031
672
1375
672
688
2016
688
695
727
734
1469
1523
1477
695
672
641
1312
727
805
828
867
844
930
922
922
883
844
1539
1539
797
750
836
961
945
906
836
812
797
797
789
766
727
1453
719
711
734
750
1531
805
820
766
805
852
883
875
828
1578
734
750
2180
711
1477
766
773
820
836
828
883
836
836
797
1547
1539
766
820
781
789
797
820
828
820
828
836
812
797
781
789
1516
781
797
750
1500
797
797
797
781
758
742
2109
1477
812
859
898
922
953
938
891
867
797
797
750
758
766
750
812
750
820
852
852
844
773
781
742
742
750
750
758
1602
844
930
953
859
867
844
781
1633
805
797
781
742
742
1508
1531
773
781
773
828
836
781
750
758
734
742
773
797
1531
766
742
750
2914
719
742
1539
836
945
859
914
891
852
781
789
797
781
812
828
2625
805
836
828
852
773
1586
883
898
836
797
797
789
1648
812
797
781
805
1609
836
844
1602
797
1570
758
781
805
773
812
812
1523
734
758
781
828
812
828
750
812
812
820
797
820
836
250
547
812
758
1523
805
750
1711
820
859
859
828
812
1531
781
766
797
2484
875
1758
836
844
812
820
781
766
750
742
1414
1398
719
773
805
852
797
828
1625
805
789
820
828
820
797
1477
1516
812
805
852
797
766
750
750
781
773
820
828
867
914
875
898
883
852
844
820
805
789
766
805
812
812
1656
852
836
805
797
1539
766
766
750
2352
812
828
844
859
836
781
766
742
758
750
805
828
875
867
828
836
836
812
820
797
773
758
1562
797
1539
781
812
828
1617
812
1633
2383
805
1570
766
750
742
719
758
766
789
789
766
758
750
727
734
742
766
758
773
773
1523
766
773
773
797
789
805
805
797
789
781
742
1539
1539
789
1578
766
789
1578
789
805
750
781
773
758
766
781
766
797
836
820
820
797
766
711
711
2070
719
742
742
703
805
844
2562
812
781
1555
1516
766
734
773
781
781
773
734
789
805
1672
773
742
758
2219
773
797
766
805
1672
820
812
805
1578
797
812
734
789
789
742
742
742
852
875
867
852
1570
773
781
781
758
1445
1469
2188
805
812
1016
1312
820
789
1531
711
1414
719
1570
836
859
875
867
867
891
859
766
734
711
1391
672
2789
719
1398
734
766
719
2195
836
789
820
828
828
1727
859
805
1609
1570
812
258
547
781
750
742
742
758
766
734
750
1469
719
719
1445
1484
750
758
2234
1570
2305
750
2203
1508
766
781
797
1594
789
797
797
1508
703
711
1398
703
742
750
773
1508
1469
727
750
773
766
781
1531
773
1578
766
797
1539
797
1594
805
781
742
727
727
680
727
742
734
2812
672
727
773
773
773
750
703
680
672
641
664
1352
648
664
617
625
1234
617
625
625
609
648
633
656
1977
656
664
3273
656
1281
648
656
641
1242
609
602
594
586
578
562
570
562
547
1109
555
555
539
555
547
547
531
547
531
1086
547
555
539
1656
570
2305
1133
547
555
547
555
570
1133
1141
562
562
1102
1094
547
531
1078
578
633
648
1297
1828
2516
641
641
1812
1766
641
2258
1617
797
2250
2156
1375
1961
664
1359
789
844
1695
1492
1367
2086
742
719
1484
758
1500
664
695
703
750
781
3039
719
2977
719
711
680
656
1328
695
2367
812
805
2266
2086
672
1336
2109
1391
1398
703
711
703
719
1461
766
758
719
3383
695
2328
3336
2859
664
1375
719
758
758
789
1562
1523
805
2344
742
1406
758
2273
1531
3016
711
656
672
688
711
1438
703
688
664
1906
664
703
3484
1297
641
4250
711
1969
1266
2789
1438
703
680
664
2508
1883
656
672
727
742
734
1516
3828
703
680
695
711
734
750
742
734
727
664
688
1367
711
789
1664
789
758
2078
664
656
3422
1555
781
1391
1305
633
617
602
578
1156
1133
562
562
1102
539
1094
547
2234
1156
1734
570
1156
1180
578
1773
578
570
562
547
547
547
547
547
547
1094
547
1109
570
570
1734
1172
1172
1734
555
578
3359
1133
1125
1641
1062
523
523
1039
2633
523
1094
1117
570
586
328
273
188
1594
1148
1664
1688
1906
664
1320
648
1281
625
617
1180
2758
1125
578
586
1695
547
562
562
586
1195
211
398
602
594
2250
1703
570
602
1352
734
742
719
1367
648
1891
1398
4406
1422
3750
2172
2195
2250
2211
1422
695
672
1961
1250
2844
2484
1656
766
4477
844
3297
789
742
3797
3141
1578
1500
4094
695
711
742
750
3703
1469
2242
2250
695
680
2008
1375
742
1641
820
789
781
1523
1570
4562
734
734
2203
719
703
695
672
664
1977
1273
617
617
602
1203
594
570
1133
547
1078
531
531
531
2109
547
555
555
547
1125
2250
1102
547
547
1594
523
531
2703
547
547
1656
2156
539
1047
516
2070
1055
531
1578
547
2195
1102
1125
594
609
1234
625
633
2508
648
648
648
1922
1289
1320
656
641
633
1234
3180
2172
695
680
1867
609
2562
2781
688
1352
1969
2500
1281
656
1305
648
641
2578
680
672
688
688
2062
680
2047
1906
1219
633
656
1297
2070
711
664
688
719
1438
2758
2016
1414
2258
742
727
188
516
4766
641
3289
672
633
656
680
750
1578
773
1445
688
641
1328
1391
711
703
711
2688
1289
664
688
1383
1359
695
1539
1578
3445
648
656
1484
766
1484
703
742
742
750
734
1422
672
3289
672
2078
648
664
1336
641
1297
1336
727
805
1594
1477
742
3422
1344
711
2102
1336
648
656
1953
664
672
672
695
711
2086
1992
1930
625
633
625
633
1305
1328
680
688
3375
688
1367
719
758
781
781
1484
781
797
789
1500
1484
719
766
1500
797
812
812
758
781
758
750
1445
1367
680
672
1445
797
836
805
805
3125
2398
836
836
812
805
750
805
820
781
1648
836
766
1586
812
766
797
836
805
852
820
750
781
1547
781
820
2539
2438
875
836
1664
1492
727
773
805
844
836
828
789
1555
805
805
1625
797
2219
1500
789
789
797
773
758
758
750
750
2961
1484
789
812
3195
1469
711
2789
750
750
1555
773
742
719
1406
242
438
227
461
3008
883
852
867
867
773
2852
719
742
688
703
695
695
688
766
1453
750
1531
1445
711
1422
1500
805
773
1562
3961
2320
781
781
758
758
2336
742
773
781
773
758
734
2844
727
2219
805
828
867
867
1617
750
734
5086
773
1562
1617
805
789
789
2891
664
1383
688
750
711
1438
1430
727
773
2281
703
711
688
703
2742
711
711
719
1375
664
656
641
625
625
2422
602
2375
586
586
578
594
1172
2391
242
391
664
1961
648
633
4469
672
695
656
1938
656
1281
1266
1867
1250
617
1852
609
594
3445
578
570
570
578
1148
578
578
570
1148
578
1781
609
2492
1836
609
633
641
1336
1344
2031
1352
664
1961
1352
680
1352
680
672
688
703
1414
1352
1305
3750
672
680
672
1930
1227
602
1180
2391
1375
695
1383
1312
1281
2578
672
711
727
1453
695
695
1953
1281
633
4562
719
742
727
2141
695
734
727
1469
695
1375
1328
1375
695
695
711
3258
2555
703
1461
1562
742
750
742
1477
719
758
758
1562
2453
789
773
773
1539
1445
742
766
742
1469
1461
742
828
789
820
2992
719
797
812
891
969
859
1727
820
2359
758
812
1680
875
867
1680
828
836
250
602
852
1648
2383
773
766
766
1484
805
844
1648
789
781
2320
2984
766
758
781
1523
758
750
1445
1344
734
750
820
1953
977
930
875
844
766
750
664
688
680
688
656
2102
1484
805
820
805
711
711
2703
672
1367
750
1578
789
719
1477
758
750
719
758
773
797
805
766
773
750
1445
719
3297
648
648
1336
2070
1328
1906
1875
625
609
2547
1289
641
625
2422
2938
594
1203
1211
594
2336
578
594
594
1188
586
586
594
2328
1141
1148
578
578
578
570
586
594
1727
4023
586
1164
1180
1195
1164
578
586
1211
3602
609
1227
609
3133
2516
625
1227
1219
602
4305
3070
609
1227
1227
609
1227
1234
1250
3391
1266
609
1766
578
1844
680
664
664
1859
594
1188
1180
1250
633
641
1258
1250
1211
633
3969
625
609
602
1750
594
2461
609
648
641
625
617
1273
648
648
656
648
648
1859
609
1312
656
1359
695
695
711
711
1375
1461
734
1406
1328
1898
1359
4727
641
1352
680
711
2047
1320
648
2539
1273
2562
1289
2570
617
641
1258
1258
625
625
1242
617
1227
609
609
1227
1820
609
2438
4172
2320
2328
3539
594
594
594
1773
602
594
3078
625
641
633
641
641
1922
641
3789
1227
609
594
594
594
1750
1742
1797
594
1219
4422
1289
3344
4289
1367
3344
1469
734
2719
1961
648
1953
3570
680
1375
734
1461
711
2094
695
3789
2234
5453
1445
2836
1453
1547
1484
1359
4195
2047
2688
672
2758
1414
2688
3305
680
680
1414
2234
4602
1250
641
641
617
3000
586
578
602
1203
1164
586
570
5359
1016
2500
1492
500
5484
508
508
1062
531
1094
1102
1625
1609
1562
523
1555
1070
531
1562
516
1039
531
3148
539
1086
539
539
531
539
1070
547
539
1609
547
1633
2227
1734
1758
1234
1273
609
617
1281
1273
680
1328
2812
719
688
2086
656
719
750
703
2242
719
734
750
4141
1984
1297
633
1281
1305
3555
1391
664
688
1375
2156
1547
1617
1406
711
2039
664
2000
2695
3414
695
695
2031
656
2727
1391
711
711
703
1430
1430
711
1578
844
1711
898
2289
2211
1484
750
2992
1477
2164
703
688
1438
2945
719
1414
1406
703
688
2102
727
3000
1531
781
3109
2406
797
1547
1547
719
1508
1492
4969
2125
711
2234
2266
1477
734
719
750
1492
727
2984
750
1453
734
773
1516
789
1586
1477
3781
797
797
789
781
1531
3258
844
1648
1750
2492
820
828
2461
758
773
2562
938
875
1727
3164
1648
883
867
789
766
2219
734
2492
875
883
883
4117
836
844
1703
5797
1086
969
914
1688
891
898
898
875
844
812
3938
789
812
805
828
820
3438
