8
602
359
8
8
8
23
594
336
23
8
16
8
8
8
8
586
297
39
16
8
8
8
8
8
8
8
594
344
23
16
16
8
594
320
8
8
8
23
8
8
23
594
320
8
16
8
8
8
8
8
16
8
594
258
62
16
8
8
16
16
8
16
594
344
16
8
8
8
16
602
352
8
16
8
16
602
367
8
8
16
16
586
328
16
16
16
16
16
594
312
16
16
16
55
586
23
320
8
8
8
633
273
31
16
31
8
8
8
8
8
8
602
281
31
39
8
8
8
16
609
312
8
8
23
8
31
609
297
55
16
23
8
602
352
8
8
8
8
8
8
8
8
586
312
31
8
8
8
8
8
8
23
586
344
16
8
8
8
23
594
305
16
8
23
16
8
8
16
16
586
305
8
16
16
8
8
8
16
617
273
16
47
23
16
8
8
8
602
320
16
16
8
16
23
602
352
8
8
8
16
23
586
297
47
8
8
16
8
23
586
336
8
16
8
8
16
8
8
8
594
344
8
8
8
8
16
8
602
289
62
8
8
16
16
16
586
359
55
16
570
156
203
641
359
78
8
555
336
8
8
8
8
8
8
8
8
39
2117
477
219
969
148
664
195
31
453
211
477
211
477
219
453
203
461
203
469
219
438
203
445
195
469
203
16
438
203
453
211
438
219
422
203
641
383
8
203
367
8
195
406
195
422
195
453
656
195
680
430
203
422
195
430
195
453
203
445
648
633
203
625
617
383
562
8
562
211
383
8
195
477
211
562
211
562
195
8
570
227
570
203
523
203
484
219
469
203
484
203
484
203
664
445
195
445
211
453
211
453
203
445
664
211
453
211
453
195
484
203
688
609
398
641
203
477
203
500
211
500
219
508
211
492
211
461
211
414
594
211
602
586
414
203
438
211
406
8
195
422
203
461
828
609
367
16
195
383
8
195
391
8
195
422
250
609
422
609
195
414
625
211
438
211
438
227
430
195
453
641
844
422
203
430
586
203
391
195
406
844
414
219
391
211
398
211
414
211
430
211
414
242
367
195
391
8
211
391
203
406
641
211
406
211
398
188
414
188
391
8
234
930
195
391
188
414
219
406
211
445
203
664
633
656
406
195
461
203
445
203
16
414
16
219
422
203
445
203
438
836
406
617
211
398
195
383
8
188
414
203
617
406
211
578
625
406
594
578
188
383
547
203
352
562
8
203
367
547
555
578
1117
539
8
562
195
367
8
203
445
203
484
719
203
516
203
500
211
469
641
203
383
8
609
625
203
406
641
641
211
422
625
188
422
203
430
195
492
195
516
680
203
477
680
219
445
203
430
195
445
633
609
195
406
578
188
367
8
203
391
641
203
461
1492
672
438
195
398
8
625
211
453
891
719
484
203
523
211
727
484
203
461
211
445
195
461
203
469
203
484
219
703
688
695
445
859
430
203
391
8
203
391
195
414
195
430
188
461
1312
203
430
625
844
422
211
414
203
422
203
453
664
195
469
203
1773
203
430
195
438
211
414
203
438
195
453
203
656
461
203
430
195
398
203
391
219
406
180
453
211
461
1859
586
211
1008
828
422
570
8
234
367
195
406
211
430
203
477
195
703
445
211
461
219
406
195
414
16
219
406
172
453
602
805
375
195
383
562
555
8
203
352
1086
1078
539
547
547
555
570
578
1188
586
1125
570
641
227
469
195
516
703
656
219
664
461
219
414
195
414
617
867
391
602
1461
1055
195
414
219
383
8
219
406
219
414
195
445
227
1078
219
1016
180
414
8
195
391
586
195
1508
555
547
555
1164
227
398
203
1023
8
609
609
797
617
438
227
656
414
148
469
203
414
602
211
383
797
570
391
195
383
16
203
391
602
578
1156
562
562
211
570
383
8
594
594
594
578
578
570
1125
562
1695
547
1305
367
8
8
594
195
422
578
211
586
398
570
570
562
555
539
547
547
547
2836
1133
8
219
367
1148
547
547
539
1641
1680
586
562
555
8
555
2375
594
1211
195
414
195
617
414
609
1195
1141
2305
562
586
8
203
406
234
352
8
8
1133
2203
578
180
656
648
461
203
648
445
195
1086
195
430
195
445
203
1328
406
602
609
594
188
398
16
219
570
383
8
570
555
547
547
570
188
438
188
594
414
188
445
656
633
617
195
430
641
867
461
195
438
195
461
203
8
492
195
719
477
195
453
211
453
203
516
195
727
664
453
195
461
203
508
195
523
195
703
484
203
516
211
516
203
484
203
445
203
453
203
477
203
703
648
438
195
414
602
211
438
203
711
656
484
203
523
203
570
203
789
711
516
211
555
219
1477
8
664
477
203
703
727
500
211
8
492
211
555
211
617
211
586
219
492
203
477
203
484
203
727
484
203
461
203
469
203
742
562
211
516
219
477
211
469
211
695
500
203
672
680
8
461
219
562
219
719
477
211
461
211
539
219
766
711
461
211
719
531
219
766
469
219
477
219
523
211
547
219
570
227
477
227
484
742
219
766
547
219
750
8
703
500
211
516
211
672
695
555
211
8
633
227
570
227
555
219
797
578
219
531
219
547
219
602
227
562
219
750
578
219
562
219
562
219
758
1188
219
422
211
453
227
664
477
219
703
516
219
766
508
211
742
742
734
477
211
453
219
461
219
688
734
719
719
766
562
219
805
547
227
703
516
219
727
492
219
703
523
219
742
750
719
742
547
219
750
680
688
500
219
562
227
16
750
703
688
8
492
219
531
219
766
695
703
711
508
219
750
695
672
695
734
531
234
500
219
680
742
734
516
219
703
648
461
219
688
734
469
219
672
484
742
227
750
461
227
445
906
719
508
219
477
211
484
219
711
734
477
219
461
914
508
227
484
227
500
211
680
688
719
516
211
750
492
219
695
711
773
773
477
211
492
219
484
219
672
406
211
1906
688
453
211
453
1617
734
508
227
680
445
1625
734
719
484
227
453
219
734
750
719
711
8
680
688
727
531
219
547
219
8
703
508
953
492
227
461
219
492
219
500
219
734
781
508
219
695
516
219
516
219
523
227
516
211
711
492
211
719
484
219
1375
523
211
523
219
8
469
211
688
508
219
719
719
469
219
508
227
750
8
773
750
484
227
508
227
750
547
227
461
203
8
648
422
211
1281
1203
602
609
430
211
461
211
695
461
211
664
695
734
8
508
211
680
664
680
703
750
734
492
211
711
8
734
516
992
500
219
477
211
742
758
500
219
664
711
492
219
758
523
211
469
680
227
703
523
211
539
219
703
469
688
219
703
734
742
500
211
531
219
547
219
531
938
453
219
430
898
664
711
680
469
203
750
539
219
500
227
750
516
227
695
453
727
227
516
703
211
508
234
750
773
797
516
211
539
219
758
555
219
734
742
539
234
711
711
664
1031
219
2305
1523
641
414
219
375
586
219
1820
1227
625
1188
602
383
219
461
227
758
844
781
570
227
766
781
492
234
680
406
883
703
484
227
438
211
2078
664
695
703
711
477
234
688
672
680
1102
227
625
453
203
703
1953
383
211
1625
641
203
1375
1391
1352
508
219
1344
672
477
211
1117
211
1305
1266
3555
219
406
609
617
1148
570
203
969
16
1797
609
1172
578
8
1766
2352
1805
797
2617
555
2773
1648
2719
1688
578
2062
2086
641
664
2414
711
211
2953
586
1141
2594
641
570
1539
195
2234
1820
195
406
2414
3000
617
1531
688
484
195
477
227
1328
1312
648
1734
820
2867
2508
1445
406
594
773
375
781
977
195
602
414
609
578
586
195
1000
1766
555
578
555
1703
570
562
555
4414
2289
562
1672
2258
1117
1133
1125
570
562
570
3328
1039
516
516
508
1023
508
3711
2133
2656
1039
2602
2594
2000
1016
3055
1031
2062
1000
5992
1984
6461
3484
2023
2992
1984
492
2484
492
484
3422
484
977
2977
1531
1008
3523
2008
492
6898
484
484
2906
2961
3422
977
2477
5039
2594
1047
1000
977
969
484
3062
1508
1000
1492
1992
516
2539
1000
508
9406
3031
1523
992
500
3430
4055
5039
2430
3523
1016
516
5422
3227
2523
2133
4594
7844
398
180
3172
1570
1016
3039
508
500
516
500
5039
492
2391
1938
961
1430
484
492
492
4234
945
477
492
4039
500
5008
500
1984
1500
3430
492
969
2391
961
945
961
2469
3461
6203
2867
1930
2484
2031
1531
1523
2047
3070
5344
13438
1867
2359
1398
922
2273
3195
914
1375
4523
883
7914
445
453
445
891
5844
453
898
3125
445
4398
1766
13180
2211
11953
2305
1828
10977
8555
5930
2422
492
7312
14586
1414
3852
5344
469
5891
3898
1430
4898
484
1461
3438
500
13102
492
1445
961
1945
500
1000
516
4445
2398
3336
9312
4852
484
1469
5469
1484
9227
2539
2023
492
2930
953
4297
5734
1945
984
484
484
4711
477
477
3469
3016
984
1000
500
508
3562
523
469
1102
1984
3656
984
539
8
2930
336
3711
1047
6945
2914
406
188
3430
1172
3266
4258
922
3516
3578
2523
3180
617
430
188
453
203
3773
609
1914
1891
1258
3359
766
586
594
1883
1266
4352
617
2562
633
641
453
203
1234
2555
641
469
844
1281
1898
2266
4438
1883
1297
633
625
648
1328
633
1945
617
625
2547
2633
1328
672
1367
664
664
688
688
2641
648
641
664
688
1945
648
1297
2719
2008
680
1312
1352
664
625
2938
859
648
1039
219
12055
3188
406
3008
812
1797
406
586
13727
1109
219
1289
8125
633
3484
1352
4062
1266
4195
2352
2547
4320
3172
1969
2023
1344
2430
5484
1242
1305
5031
672
211
5125
3219
3906
1297
2742
695
664
3484
719
1367
711
789
797
789
750
781
2211
727
523
969
680
492
227
711
711
664
672
695
1406
633
2070
703
656
688
2008
1312
2602
656
680
2336
1258
1477
1930
1930
641
2594
1938
648
1375
2703
664
1383
1344
688
695
648
2039
1992
695
1305
672
688
1352
2062
2008
703
1320
695
695
2023
703
695
1945
672
727
711
805
1453
742
695
1367
695
1398
1398
734
2094
688
1391
680
500
227
719
1352
711
688
648
648
1695
602
1594
2094
734
2695
2648
656
1344
703
1141
211
492
242
1305
1336
1977
1961
664
1289
3383
1812
219
711
1445
664
1398
727
1414
688
2203
727
695
516
945
672
664
477
227
1359
672
719
1398
664
2789
2648
656
3414
648
1305
1297
641
1367
1375
672
2000
680
672
4008
641
2703
1320
648
664
688
2047
1383
1992
680
1312
3914
219
648
680
672
695
633
648
625
2500
648
719
5023
695
680
711
719
695
734
1438
703
1453
695
727
750
695
703
6164
1297
703
1953
1320
1055
219
672
6164
227
625
3312
1398
1453
1422
680
1375
648
688
1430
695
1422
2117
1398
664
438
922
727
1414
711
2883
2141
2133
719
1398
2727
1320
719
4258
469
1312
227
617
633
3578
703
1453
2148
2156
773
773
2188
1414
672
1359
688
1398
2719
703
648
648
664
641
1312
2047
2016
2016
2039
445
2367
2836
1414
672
1414
1414
688
469
1570
1359
2625
688
1344
3461
1398
1359
2039
2109
688
1391
2812
1367
656
703
2695
680
1281
2023
1984
664
664
6102
1938
3797
1859
2328
3469
688
1438
1336
1398
719
1328
2750
656
1320
680
3422
1320
2539
4562
656
1375
5164
648
2586
7953
2367
2211
3227
4906
3266
680
6609
664
2008
3375
2672
2766
672
1375
1109
1555
1289
1336
3609
688
5422
719
2094
2812
1547
773
1477
3562
711
2867
1422
664
688
1469
2117
2062
2773
1430
672
711
2109
727
719
727
695
1430
1398
3500
2102
1484
1844
1570
1305
8664
3227
742
688
2188
2531
219
484
2984
734
4797
3422
10258
703
734
4117
4852
2836
2797
2180
3484
672
2680
1352
1453
2031
1359
8641
703
3609
2930
2117
648
1977
695
2969
4742
4117
1383
5258
4664
2297
12352
12609
641
22766
5586
2836
2047
11492
4078
6055
680
4727
672
10023
2000
641
2031
2008
4773
2688
5383
2047
5375
3945
23273
9453
12102
3289
15023
13203
48203
2672
1320
8586
1250
14609
8156
6102
1586
8484
6242
5023
4242
2047
14594
4188
4930
1367
15500
29938
7047
406
1406
40109
3312
9578
26312
1625
48961
4336
719
6797
4094
12914
10297
5523
40766
41266
3883
40609
43578
10633
59125
12492
41664
73117
4234
34727
3750
5625
33180
89992
5734
19062
3469
1484
21750
2789
18742
48391
86180
104328
20648
40562
