375
625
8
16
8
16
23
16
281
633
16
47
305
23
609
31
8
16
16
23
273
633
8
16
31
16
16
8
281
625
31
16
39
55
227
633
8
8
16
39
23
906
16
47
305
633
47
16
31
55
227
625
8
16
8
8
8
8
16
16
23
266
625
8
16
16
8
8
16
8
297
625
16
8
23
55
266
633
8
8
8
16
55
906
16
16
86
258
625
31
31
305
633
8
16
8
8
8
31
8
23
258
633
16
70
16
266
633
16
8
47
305
625
8
39
31
23
47
219
633
8
8
8
8
16
8
16
55
242
633
23
8
62
281
625
8
31
23
8
305
625
31
16
31
16
16
39
219
633
39
23
31
31
242
633
23
8
70
31
31
211
625
8
16
39
758
242
938
672
227
898
891
914
859
867
883
914
891
625
227
875
883
898
875
891
930
945
883
891
906
867
883
891
867
836
891
906
883
852
852
883
906
906
859
867
906
930
898
852
875
898
867
828
844
867
875
820
875
828
836
797
797
805
805
766
734
758
750
812
844
844
820
867
664
227
906
883
859
891
906
891
812
828
812
797
820
914
992
992
906
914
945
945
914
891
922
945
938
883
922
938
688
234
875
914
930
883
906
922
891
898
922
891
867
867
883
836
898
867
852
797
820
828
836
812
570
227
812
875
930
961
938
898
891
891
883
844
875
891
906
852
875
898
906
883
914
953
984
953
906
867
891
930
938
930
883
906
938
930
680
234
828
820
773
805
867
922
898
891
945
1000
984
930
953
984
1000
969
984
1000
969
945
875
883
906
961
977
930
922
945
938
898
844
859
844
859
906
898
859
1711
891
859
852
852
797
781
859
906
906
930
930
898
883
906
906
914
875
906
914
930
906
961
969
984
930
953
969
930
914
930
914
836
852
836
844
836
789
805
766
766
852
898
1000
1031
961
992
984
961
898
930
938
930
875
898
922
734
227
711
227
906
945
984
984
922
938
953
969
906
930
930
703
234
883
930
938
938
914
961
961
961
922
953
938
898
930
1867
898
938
867
797
766
742
734
805
930
1055
758
234
961
938
938
883
1852
867
914
969
1039
1016
977
906
945
938
898
953
961
906
859
836
820
789
750
758
844
883
938
945
945
945
945
938
898
898
898
906
891
859
844
836
867
883
1789
844
828
805
812
812
797
1562
1578
797
812
820
805
766
1516
758
789
773
797
805
812
812
844
820
797
812
828
867
828
789
828
789
789
805
789
789
836
859
797
812
781
828
898
953
945
938
906
875
820
828
1648
820
812
812
805
797
773
766
742
766
773
1484
1461
750
797
859
852
867
883
898
906
906
938
953
727
227
914
930
945
945
953
906
930
1844
914
922
914
891
867
859
875
906
898
883
859
898
906
891
867
875
945
969
969
938
969
1961
914
945
930
898
914
945
961
961
922
1891
930
867
867
891
1859
977
1047
1008
969
1930
961
930
922
914
938
930
922
711
227
719
234
938
898
914
680
234
930
906
906
945
719
227
922
938
930
914
906
953
945
914
938
953
719
234
898
930
953
930
898
898
906
922
898
906
938
711
234
930
945
969
1852
672
234
680
242
859
859
891
938
2602
789
727
766
773
812
891
875
867
828
828
836
828
3375
867
922
938
961
938
953
953
961
1867
961
953
938
977
984
953
945
977
984
961
914
953
969
945
930
953
1680
234
930
969
984
703
234
922
938
953
922
945
938
867
2422
766
773
758
766
812
883
953
1000
781
234
969
977
969
1875
922
930
922
914
930
953
961
930
1891
977
719
234
938
961
1992
961
984
984
992
938
938
969
953
695
234
953
961
2781
914
1781
938
1977
2906
742
242
703
234
945
969
727
1156
945
969
750
234
695
242
961
1008
750
234
922
938
945
945
891
922
883
812
773
742
719
734
750
773
805
859
859
875
969
984
938
914
906
867
859
859
891
914
945
680
227
938
953
961
711
1141
1859
914
898
898
938
1891
891
1648
766
727
688
742
812
805
805
2438
773
750
1500
1602
844
828
875
914
1906
2844
1008
961
1000
1961
1891
1938
914
945
938
703
227
898
945
977
742
234
961
1000
1008
1008
930
953
961
1891
945
977
992
938
961
1969
914
945
945
1883
953
914
875
820
781
1508
820
898
859
898
1680
820
773
773
1562
1500
766
758
1453
1469
695
688
1344
656
672
680
1539
883
938
1930
969
961
945
1820
844
805
766
1469
734
781
1570
789
758
734
2211
750
758
773
742
1430
688
1344
1312
1914
617
625
648
680
766
1750
938
945
953
703
227
875
906
891
906
672
227
844
844
836
766
766
1547
820
1609
781
750
742
734
1438
719
773
773
828
867
891
1766
867
1719
859
844
867
898
914
883
906
1836
906
844
836
867
922
953
914
930
922
2680
875
914
930
938
898
1797
922
883
1797
656
1812
750
750
766
1492
805
2359
742
750
1414
688
2852
844
883
938
953
2773
852
820
750
1578
859
875
898
828
812
805
805
805
805
797
820
867
922
922
1750
891
883
891
852
1734
867
852
820
836
859
844
844
3023
1398
2727
688
2070
695
703
4203
703
695
750
2484
883
906
906
906
859
859
883
922
2594
1734
875
852
844
867
867
844
812
3609
914
930
1844
1727
828
852
859
1773
898
914
1562
219
836
805
781
773
828
844
1672
867
875
1727
1859
898
938
930
914
906
945
1898
961
961
945
914
938
938
1617
234
945
938
688
234
945
945
930
914
961
961
1875
969
953
1859
906
914
1742
867
867
898
891
945
1000
1938
2805
875
883
898
898
641
234
2773
1930
984
1867
1812
1695
789
758
1523
805
1812
953
922
898
922
953
961
922
922
930
2844
938
938
922
945
1898
914
930
969
953
1875
961
953
914
914
3688
930
719
234
930
945
961
906
4453
945
969
969
945
969
984
1945
977
984
961
1898
1000
984
1859
930
922
883
1734
812
781
789
2539
1969
977
953
969
938
867
805
2461
836
844
820
797
836
852
2602
898
938
945
914
953
961
945
1883
1789
875
852
844
797
781
781
1562
1562
852
906
953
898
859
898
906
945
930
1758
914
977
1016
1000
977
906
672
234
1906
898
812
797
750
1594
1773
969
1055
4031
1812
977
1000
930
922
961
1016
977
891
1742
852
1648
797
828
1844
5805
648
227
852
2641
844
828
805
789
1594
805
3422
883
1766
1609
773
2250
727
711
1438
1453
734
719
1406
695
680
680
2094
1508
805
875
2648
836
789
750
758
766
867
891
930
1820
1797
945
977
977
922
953
953
1836
1930
945
1945
953
1898
1867
914
938
953
961
914
938
1023
961
3773
898
922
2844
891
891
1727
883
1773
1000
1016
1031
961
914
906
891
1844
938
961
961
977
3648
1883
3828
1820
883
914
1930
1938
961
3766
953
930
891
906
961
2852
914
938
1828
1688
789
1688
992
1984
984
2008
3797
1820
953
945
984
992
984
961
969
969
1938
1961
945
1859
1867
898
867
898
891
930
945
938
945
961
914
930
961
711
234
945
2953
2875
938
938
938
922
1977
2031
992
4562
906
906
859
867
898
883
906
898
1734
1734
1750
828
1711
4500
891
930
945
953
1789
1703
859
891
656
2070
898
2570
812
781
1570
773
3133
750
1484
750
750
1531
766
789
812
1586
828
875
3328
1625
914
961
969
930
1789
867
859
844
883
3906
961
984
1039
1008
961
633
234
797
2320
742
1672
922
1812
2484
1602
844
797
820
1742
883
875
3617
875
2703
875
914
914
922
891
1758
836
1703
914
3703
922
914
875
1852
945
945
1883
984
4773
969
1828
875
1641
812
836
859
883
820
2375
3430
836
1609
859
656
1094
930
938
961
1891
891
906
914
938
10711
906
906
1703
797
2719
961
969
961
953
1844
898
898
906
938
898
914
938
1812
3344
805
1648
820
1648
867
867
1656
812
3945
1531
711
719
2992
2414
3133
758
1594
3188
805
789
766
1508
1516
758
758
1625
805
836
3422
844
1602
797
812
1672
828
2500
812
1648
852
2586
859
3430
1648
797
773
750
727
758
1547
4688
1531
4266
4469
859
2562
867
898
938
938
898
914
1859
898
875
898
891
875
891
4062
1625
5578
1656
906
992
977
938
4188
789
4164
875
1773
891
5109
789
797
1625
812
2367
2883
703
1445
1508
766
828
1625
812
828
844
3320
2617
914
953
1922
875
859
867
891
906
922
3602
891
1828
4242
789
1656
852
1734
1711
1859
938
1875
1805
891
1875
961
930
914
898
906
922
891
938
2938
984
3719
898
930
2906
945
914
867
898
1891
992
1812
859
820
812
844
938
1992
2852
883
906
875
859
2688
859
2859
1891
922
969
1805
859
867
898
930
961
914
859
852
867
883
891
867
1820
906
891
2641
1727
891
891
867
883
1758
844
2625
867
2695
883
891
898
836
844
844
797
820
1758
867
852
883
1820
867
875
1789
875
906
1727
812
820
781
742
719
703
789
883
2828
852
867
867
1758
2578
1664
1773
1742
891
922
3422
805
3688
875
1781
906
867
891
906
922
891
922
922
906
2656
2594
2680
1789
2633
2445
797
2555
1703
4453
1742
852
2422
1586
812
1734
1766
2594
852
875
1773
1680
844
2656
1680
867
1844
898
883
1797
883
1719
812
734
742
1453
773
852
906
898
883
1617
1672
2523
867
883
3508
852
1641
820
797
5836
844
1680
1609
836
1586
1391
219
1695
828
844
5125
820
797
820
2469
836
828
2336
1445
3578
2328
1633
820
820
3141
789
852
914
1789
891
906
1820
1758
891
844
4375
852
2508
898
2828
1773
828
781
1578
2539
8148
2859
1836
2742
906
922
711
3961
938
922
2875
914
2852
906
945
945
930
914
969
3836
961
938
3914
2023
4906
1906
1914
938
3766
2836
945
2773
1875
1930
977
945
6727
3953
3820
3500
1172
2930
914
2859
930
4703
1922
930
1945
961
906
922
1898
930
5867
1891
4812
3812
961
1914
984
1000
984
961
2945
3836
906
1867
1906
953
984
977
961
977
4859
938
1805
5719
5602
2672
8492
2836
898
6391
953
969
6625
1891
1000
2883
953
945
953
1008
984
6656
1867
3781
2898
1969
2914
2961
984
961
1859
7570
930
2773
6430
891
5625
922
1766
930
6578
2836
1875
938
930
930
1938
3664
3633
914
2883
3750
8484
5750
1867
1820
3555
1930
8922
2406
2812
953
3672
6438
3836
1766
3836
5148
703
5586
6039
695
1422
719
7656
961
961
1945
930
1938
1883
938
945
906
867
3891
867
3031
2047
797
1195
1977
945
859
852
828
1805
8250
2070
2000
9297
5133
4000
992
695
234
3945
12469
3922
2055
3539
1547
891
7227
820
1680
930
5062
4898
1922
984
1875
1867
3859
2312
859
1844
1789
1781
938
945
3477
4320
1008
3836
2859
3922
4742
6977
9438
4523
852
1570
4344
1039
4805
961
922
2008
1008
2906
1914
3898
1750
2422
3594
922
938
969
984
6797
2047
1961
1930
1000
961
922
10789
3883
2812
938
836
4109
3289
805
3383
945
1938
977
2883
977
6453
930
6617
1914
1812
1836
3641
7406
6531
2766
1852
875
4523
930
4641
4578
2773
6477
2805
2789
3656
4828
1859
1883
977
953
977
6922
961
984
1867
1844
977
11570
3773
5547
3781
2805
906
5766
953
1820
3719
2828
945
3859
3898
1945
984
922
1953
1953
2898
1805
1844
898
930
3773
1898
4547
7695
1781
2672
828
758
6461
1367
2641
1344
1453
2234
1531
2398
1594
2539
5125
2562
7117
19734
3547
1805
2672
3633
1812
852
828
2398
766
750
2914
4367
9516
945
2828
5734
789
3125
797
6891
2227
11328
703
2398
875
3523
5234
2719
4539
3805
2758
859
828
891
945
898
867
875
3281
812
820
820
3305
3914
5422
2633
7352
15992
4789
961
1828
4883
1000
922
914
7500
1812
7039
5984
961
7797
3203
1477
6766
711
5898
820
1633
2594
3711
859
3352
7000
3766
1734
1500
883
9914
4398
1703
3406
836
4234
9672
3672
4602
2641
922
9320
914
953
8047
1664
3266
2367
758
766
3531
4836
1430
4023
4594
3961
15719
1859
1789
1680
836
852
2570
3289
12484
773
750
750
5797
766
3820
1445
742
781
6391
2711
664
1922
3836
4906
3195
9664
3523
6664
1391
1578
1531
2195
3438
4992
6312
2758
2883
10844
695
1352
4875
4477
2656
4289
3906
680
1477
16844
3180
5055
4141
1703
16609
789
7867
6031
10109
6617
828
2422
4094
7477
4859
883
4562
2438
29336
758
4438
7711
4984
6570
10828
6125
9383
2594
4547
3500
5375
6320
2758
21078
3273
12242
7953
11672
2695
7836
742
2086
1344
680
46297
7766
961
4688
12141
2023
4656
2836
10328
11359
2883
19938
4867
4367
4227
10430
