16
39
8
16
16
8
8
16
31
8
8
109
47
633
16
8
47
23
8
16
8
8
8
16
8
8
8
8
8
16
8
31
109
641
47
23
39
23
23
8
8
23
8
23
133
641
8
16
16
31
16
16
8
16
47
8
8
172
641
23
16
8
8
8
16
16
16
23
8
39
8
16
16
141
641
39
8
8
16
8
8
23
23
8
16
8
23
172
641
8
8
16
8
16
16
23
23
8
8
8
8
16
8
39
141
8
641
55
8
8
8
16
8
39
8
8
8
8
23
16
23
125
641
47
8
16
16
16
8
8
31
8
8
8
16
16
23
8
133
633
16
78
8
23
8
8
31
8
8
8
164
641
31
39
8
16
16
8
16
8
16
8
8
55
133
641
39
8
16
23
31
16
8
16
8
16
16
8
86
78
625
16
8
39
8
8
47
8
8
8
16
8
8
8
8
180
633
16
8
16
23
16
23
8
8
23
16
23
23
156
641
8
23
8
55
8
16
8
16
8
16
16
188
633
39
31
39
23
16
16
31
8
31
133
633
8
16
16
16
8
16
16
23
16
23
8
8
8
16
8
16
47
102
633
8
31
16
8
8
31
8
23
8
8
8
8
16
8
8
23
8
141
633
8
31
31
16
8
8
8
16
8
47
23
8
8
16
133
633
47
16
8
23
31
16
8
8
8
8
8
8
16
164
633
8
31
31
23
16
31
8
8
8
16
31
148
641
55
8
16
31
31
8
8
16
16
16
16
31
109
641
70
39
8
31
23
23
39
133
633
16
8
86
8
16
8
16
8
16
16
8
797
16
31
39
8
8
23
47
8
16
16
31
31
86
641
31
31
39
8
23
16
23
8
16
16
8
8
141
633
8
8
16
8
8
16
39
23
8
8
8
8
8
16
16
94
70
641
8
8
55
23
8
16
8
23
211
641
8
16
86
250
789
219
633
8
31
16
8
8
31
16
8
8
23
8
8
78
117
891
102
203
461
227
438
648
648
641
641
625
625
633
641
664
1336
672
680
672
688
688
688
695
688
703
1422
703
703
1398
703
711
703
688
1398
711
719
719
727
734
727
719
703
688
703
719
727
742
742
742
719
695
695
688
664
672
664
680
664
664
672
680
656
656
1328
680
672
672
680
680
672
680
688
695
695
688
688
680
688
664
664
656
656
648
656
656
664
664
672
680
680
664
656
664
664
680
688
680
680
672
1297
648
656
656
656
648
641
641
625
633
633
625
617
648
648
664
664
641
641
641
633
1242
1242
609
609
602
633
664
688
711
672
711
695
703
711
703
672
688
703
703
695
695
680
688
664
664
664
688
688
688
664
664
672
695
695
727
719
727
742
758
789
742
758
742
727
695
664
648
633
641
633
625
695
742
758
758
789
234
500
703
688
672
648
664
641
633
617
625
617
609
602
602
602
1234
617
617
625
617
625
617
617
1250
641
625
617
633
633
688
3422
625
648
680
664
633
648
1297
617
648
656
664
648
1289
664
695
641
648
656
656
641
625
1227
617
672
680
711
703
680
648
641
617
609
1219
617
602
609
602
609
617
609
602
602
594
586
594
578
586
586
570
578
578
586
578
594
594
594
602
617
617
641
656
617
609
1180
1188
578
586
594
594
594
578
586
586
586
1172
594
586
594
594
609
617
617
594
586
586
1164
1156
1164
586
602
609
625
594
594
602
617
1211
617
1805
609
594
1180
602
578
578
586
594
594
594
1172
594
586
578
594
602
594
578
1172
586
578
578
1180
594
1188
1164
602
586
586
609
586
578
586
586
578
586
1172
586
578
555
578
570
586
594
1766
1148
570
1117
562
578
586
578
1195
602
602
617
594
570
594
602
586
578
570
578
578
1133
578
578
586
570
1141
1133
578
586
578
2305
586
1172
578
586
570
570
570
570
578
1133
578
1133
570
570
555
570
1133
555
547
555
1086
562
562
562
1125
586
1148
586
586
578
570
570
586
586
578
578
578
1148
578
570
562
555
547
547
547
547
547
547
1109
555
562
586
578
578
562
562
555
1109
562
570
570
570
578
578
570
562
570
562
578
570
1117
562
555
539
523
539
523
531
531
1062
1078
539
547
547
555
562
562
555
570
578
1164
1156
586
570
586
586
586
1727
562
562
586
562
570
555
562
562
570
578
586
586
578
570
578
594
594
594
578
586
1148
578
586
609
602
594
602
609
641
609
617
617
609
594
602
617
617
609
594
602
617
633
625
602
594
1875
742
750
742
688
648
609
609
609
633
672
625
1297
656
648
656
664
680
672
648
648
641
641
1273
672
680
695
711
734
773
773
719
703
688
656
656
672
711
719
688
727
727
742
703
688
695
695
695
656
641
672
695
773
805
828
742
734
703
703
727
742
766
727
758
773
781
805
758
781
742
742
758
781
750
789
1594
766
781
773
766
758
766
789
766
773
789
789
1547
719
711
734
758
1523
797
805
781
773
766
773
734
695
680
656
680
672
703
828
867
828
750
773
773
781
766
2258
750
773
781
773
789
789
805
781
805
812
836
859
875
883
852
859
844
836
805
781
797
828
859
844
883
875
875
844
852
852
828
828
828
852
812
820
758
727
766
797
781
805
836
852
820
812
828
844
805
781
805
836
859
820
859
852
836
828
812
820
773
789
773
773
750
781
805
828
844
852
1703
836
836
812
828
1695
867
1680
828
805
805
750
766
758
758
711
1391
1391
656
664
688
672
727
1578
820
1633
2234
734
750
1430
758
797
828
859
852
859
2531
797
789
820
852
891
859
1750
859
836
844
852
852
844
844
859
828
844
844
820
828
820
828
789
812
805
797
781
812
766
820
797
828
836
2352
773
797
781
797
805
812
1570
781
805
773
789
789
797
781
789
812
1570
797
797
820
805
805
805
797
805
781
789
789
789
789
797
812
828
1617
1633
1641
844
828
828
1617
1594
789
805
781
812
828
1672
859
820
844
2484
844
812
2375
820
781
812
820
820
812
820
805
812
820
812
1680
836
859
859
883
875
852
859
859
836
859
1711
852
852
820
836
828
1648
828
828
836
852
844
836
828
820
797
797
805
797
789
805
828
797
805
805
797
805
773
727
742
766
789
805
820
2398
812
773
781
766
750
1539
781
805
820
820
1594
797
797
805
797
797
789
734
711
680
688
727
773
805
852
883
859
875
867
875
875
844
859
844
852
828
844
836
812
1617
812
836
820
859
875
875
875
875
867
836
852
1742
1750
883
2609
852
852
852
836
1711
867
1703
859
852
812
2516
859
859
859
844
859
852
852
805
797
797
758
742
766
812
797
859
867
844
820
820
781
789
781
1516
1508
734
734
734
2180
1484
773
3211
805
820
812
1617
766
1570
812
781
781
805
773
758
766
727
1445
773
773
2492
820
1586
1570
789
742
2172
734
742
758
1469
1508
1570
2359
1453
711
695
711
680
680
695
1391
1328
664
680
672
664
695
695
1367
656
648
1891
2492
641
641
656
688
695
727
719
734
750
1438
727
719
703
1367
688
695
703
688
2703
688
695
2070
1344
703
1477
2359
758
1516
719
1414
1398
2688
703
734
688
688
688
680
688
664
1336
672
1320
672
680
1367
695
703
711
703
711
1469
1422
719
711
680
656
656
656
664
680
711
711
727
727
1453
719
719
1406
1414
1422
1414
680
680
680
648
680
688
664
688
664
695
711
1406
742
1516
1445
727
1430
1383
1391
1422
734
758
719
2109
727
711
1352
1406
2398
859
891
898
3188
758
766
1594
820
812
836
836
3305
1602
3250
758
719
1406
1477
742
766
758
758
1555
789
750
727
750
758
711
742
3031
734
750
2227
766
766
1484
758
766
1547
1516
1500
1500
750
727
727
734
711
742
773
1633
1578
766
766
727
1398
703
742
1516
758
2242
1398
688
688
711
711
2203
742
727
711
688
1383
2945
1477
734
727
2055
664
664
1367
2219
766
1500
758
734
1445
1492
789
1656
844
836
773
766
781
766
773
773
2359
758
758
1469
1461
781
1617
820
820
828
2406
789
773
1500
1422
1484
797
1641
2227
992
2375
766
766
1555
797
789
805
1570
1484
1430
2094
695
711
727
742
703
1336
688
695
2062
656
1352
2141
742
1484
727
1422
703
711
1375
1414
680
672
672
1336
1414
711
742
758
781
1609
797
758
1484
1500
766
711
727
734
2977
727
1492
703
703
734
758
1500
766
773
1477
727
727
1391
703
1461
1555
812
1570
781
734
1422
1422
695
719
742
750
2195
688
672
664
672
3461
1445
1461
734
742
2172
1414
703
703
734
1422
734
742
750
766
4336
695
727
719
703
664
680
688
688
664
703
727
734
1477
773
781
766
789
805
766
781
789
781
1516
1531
812
1656
852
844
852
852
812
820
836
1594
797
797
820
1594
727
734
719
695
1445
2219
766
758
2102
711
2250
797
2398
2336
719
750
734
781
820
789
805
812
828
859
2516
5156
789
1656
844
812
1539
1562
766
797
2438
836
727
766
727
2734
727
5078
4117
2266
836
859
875
852
844
836
844
1672
1594
1531
742
727
711
703
695
1375
2266
812
828
844
2352
727
672
672
672
2609
648
641
641
680
711
1430
2234
719
758
3008
758
1500
750
1477
1414
2172
1461
3859
742
719
688
1453
766
742
742
766
1617
1594
4125
828
1570
1484
734
758
1625
789
1602
828
820
1625
828
1633
844
844
828
820
828
836
1617
812
805
812
3219
789
773
789
812
805
797
1633
789
781
2289
727
4406
1570
2523
1602
758
2164
1547
844
883
844
859
867
875
2578
1688
805
820
1602
805
789
812
1570
1586
2336
703
1406
2195
2477
1680
828
820
836
852
836
836
844
852
844
875
883
898
898
906
883
883
875
852
867
844
836
1586
820
805
828
2383
2289
3031
773
3000
734
2219
2953
703
2156
742
1484
789
828
852
875
836
828
1688
852
1680
812
1594
1570
1516
766
1570
3883
766
797
844
875
891
1672
852
875
867
852
781
742
773
3922
797
789
3609
672
688
703
3039
1484
1367
1375
2000
711
750
1578
2281
1398
742
3133
1570
2148
1422
688
672
1391
695
711
5047
680
688
664
688
1352
1414
672
695
1375
1477
2188
734
711
750
742
1438
703
2766
2648
648
1312
664
1406
1492
2266
2102
6188
688
664
680
1344
672
688
1391
1953
1289
656
2047
719
2156
734
2906
695
703
711
703
703
1398
1383
2734
766
2453
1508
2352
820
2289
2938
727
719
1531
742
766
773
773
742
3000
781
2266
750
1492
1539
789
1531
758
1555
789
773
1500
773
1523
1539
766
1492
758
719
758
773
2344
773
2344
2820
688
1453
2297
820
1609
1633
781
1570
2297
781
3125
797
797
1516
773
1523
773
766
758
2961
773
773
758
773
2219
1359
703
2922
5820
781
1609
1672
828
820
2305
1453
734
734
2219
805
1609
836
3141
734
742
2109
688
703
711
703
719
742
766
1469
758
773
2305
2297
758
758
1414
711
2148
2242
727
1445
4211
1539
1625
3125
750
1422
719
680
2094
711
3703
773
758
773
1539
773
1578
1555
1586
797
812
812
797
805
1625
2438
812
5578
805
3148
1586
1594
1547
789
1492
742
758
3594
2117
703
750
766
1500
758
7430
3078
758
2281
3133
1617
1609
3086
1516
750
742
766
1438
688
2195
2281
3875
4664
1625
2383
758
766
766
4695
8875
2555
812
3102
773
789
3969
773
781
4758
1555
797
3891
781
1570
3133
1547
1555
766
7102
1547
3055
797
781
4008
781
742
750
3602
2930
1445
8875
4719
3945
789
1555
4789
781
1539
1523
781
2305
773
2180
1430
2211
766
4914
1594
805
750
3016
742
742
2227
1578
5375
4633
5633
797
797
797
3164
1562
789
3148
3203
3062
773
4555
773
781
1562
1594
1602
797
1586
1586
797
797
3195
773
766
773
1523
1531
750
4633
1578
789
781
758
2297
1547
1555
789
1547
773
3148
805
789
781
3141
789
2328
773
773
3539
1375
617
648
656
664
1312
664
1305
648
625
3047
1188
602
602
1195
3195
3461
2023
688
2047
3969
680
1445
766
10594
3625
4555
4469
2195
1375
688
1375
2711
688
688
1422
1438
680
3156
625
672
664
648
1352
656
656
1328
3445
3719
734
727
703
1398
656
1328
1359
3062
4641
2773
2945
766
734
695
1406
1375
1461
1477
1430
1977
2516
1328
1375
734
711
688
727
734
2156
719
688
1484
734
742
773
750
773
1641
883
891
8281
789
12844
805
3070
734
750
1570
3234
2430
812
9422
766
1562
812
10414
781
750
5375
2438
828
3195
742
6086
820
3211
773
2258
773
2281
2250
8266
727
727
2938
742
2281
3797
3156
2133
2133
1398
2859
3859
9305
5508
3203
781
2469
6648
2680
922
2664
12180
7695
1602
5344
3242
789
3891
797
797
2398
1602
4133
828
1656
1594
4781
5633
1641
820
1617
3008
773
2398
2406
805
5578
1547
2297
789
797
1539
797
6258
3141
3875
797
1531
1500
1477
2211
3516
1344
703
727
2297
6430
820
5711
6812
2438
1523
1531
3812
2445
1633
1586
4680
4781
797
4023
805
8039
8789
805
1641
2383
3898
1609
820
2453
7297
812
805
3062
758
9008
31875
9227
6164
11883
4211
6141
4000
3125
2367
812
1633
836
10180
2320
4648
742
2242
1484
4930
2805
1539
9945
1594
789
6133
3875
2164
6695
11750
6266
1570
1562
2312
3047
3719
6781
2492
3688
1359
727
3938
789
6055
2320
3539
7656
8445
773
3016
1500
758
742
734
1484
3023
3836
4516
4609
773
3055
1547
10984
750
1609
2523
3133
4602
3172
3148
789
7133
1516
6203
12156
1609
1625
1625
7641
8383
1539
758
2977
5344
3148
3086
16930
758
2312
4625
1539
766
3047
10055
773
4586
2320
4297
3367
1375
2164
6977
7867
5352
7062
9484
2172
3969
19305
758
2359
781
2430
1492
2414
1688
4914
4930
805
9180
2836
6461
3227
1570
1523
773
3172
2312
797
1562
10883
3984
797
2352
781
805
3234
3211
812
4086
2508
2383
1492
711
758
758
5805
1969
6484
4844
9609
641
4555
3305
7414
797
789
4211
1461
3750
773
2312
2281
742
7406
688
3609
2812
1422
2969
3539
4758
13352
797
727
719
711
680
695
711
3641
719
2836
2148
773
781
2234
1531
1586
797
1664
820
3109
789
789
9188
6555
836
4039
2414
852
1703
4203
2594
852
867
883
836
2477
5727
1656
1703
6539
789
4406
1492
7938
820
1562
797
2406
812
1625
836
7266
1609
3172
750
1547
797
1539
5578
789
773
1516
773
3125
3938
789
758
8773
1586
3867
5281
1531
2227
3852
1562
805
1602
805
2312
1500
2250
2305
3945
2148
6047
3117
867
6320
2289
797
1641
4836
3109
789
6258
2305
3102
4805
812
3211
789
3156
1562
3102
2305
1477
6656
2164
2156
4477
9953
4711
2328
781
758
1539
2320
1617
2367
719
2953
2297
7852
2688
3156
1430
1461
6500
812
5414
2273
1539
4703
797
3141
2328
3172
1562
1570
3086
758
2172
4188
4242
2766
719
3906
8422
7625
6320
1539
2320
12898
6180
3062
805
10047
4086
781
3008
21945
5375
758
5625
4109
820
3906
2359
20352
781
4000
1617
1617
20336
5594
24414
12586
1484
4539
1555
