8
16
23
16
23
16
8
39
141
633
39
16
16
39
16
8
8
8
8
31
8
8
8
23
70
16
47
625
55
55
16
8
39
8
16
8
8
8
16
31
39
70
633
39
8
70
8
8
8
8
8
16
31
8
16
8
102
31
633
31
47
39
23
8
16
23
16
31
78
55
633
16
39
8
8
8
8
16
16
23
23
8
31
8
31
23
102
633
8
16
16
31
23
8
8
8
8
8
23
8
8
39
8
148
633
23
8
8
31
8
23
16
8
16
8
23
8
8
23
156
633
16
23
16
8
8
8
47
31
8
8
39
23
141
625
109
31
16
31
8
8
8
16
31
16
31
62
633
55
47
23
16
8
16
16
16
8
8
16
23
16
23
78
633
94
55
23
31
8
23
31
102
633
8
62
23
16
8
8
31
23
31
31
109
16
633
47
8
8
16
31
8
8
16
16
23
31
8
39
109
633
8
16
31
16
16
8
8
31
8
8
8
8
16
109
39
39
633
31
47
8
55
16
8
16
86
102
633
31
16
47
39
31
31
8
23
8
78
8
47
633
86
62
8
8
55
23
23
102
633
47
70
8
8
8
8
8
23
23
8
31
31
23
78
625
23
31
39
16
31
16
39
31
148
625
55
23
8
8
8
47
31
16
86
86
633
39
8
23
8
16
8
8
16
16
31
16
16
8
31
8
117
633
62
47
23
16
8
39
8
55
117
625
8
31
23
47
8
55
8
39
156
625
86
23
62
16
39
8
16
16
39
47
16
633
156
23
8
39
8
8
8
23
8
16
16
55
8
8
16
602
102
86
16
8
8
16
8
16
8
8
16
8
8
47
8
16
625
62
8
8
8
16
23
8
8
23
23
8
23
8
70
78
625
16
16
102
16
16
39
172
625
8
39
23
8
16
8
8
8
31
211
992
734
227
469
219
508
227
531
234
523
227
477
688
734
742
688
227
445
711
719
688
664
227
461
680
680
227
1125
742
688
891
453
234
469
656
641
617
648
672
688
680
648
219
445
695
695
656
227
445
234
469
648
633
633
656
219
492
797
234
531
742
680
656
664
219
430
641
227
406
633
227
414
219
430
625
641
633
227
438
695
688
688
703
711
688
664
641
641
633
625
227
414
227
430
672
648
656
242
414
633
641
641
633
617
219
398
617
617
227
375
602
594
602
586
211
383
594
617
609
609
625
633
609
633
641
648
219
438
648
633
633
625
625
609
219
383
641
633
625
609
1188
586
570
578
562
562
562
570
578
594
586
594
602
609
594
602
609
594
602
602
602
578
16
586
586
586
578
578
586
586
586
586
1766
586
578
578
570
562
586
609
641
633
633
617
609
609
609
586
594
602
586
586
234
359
586
578
586
586
586
594
602
586
594
594
594
570
578
578
570
555
562
570
570
562
562
555
547
555
570
609
609
586
1195
586
1188
578
594
570
570
562
555
555
555
547
539
547
555
547
547
555
578
570
570
609
602
594
602
578
594
602
594
578
1195
586
594
602
602
602
1211
617
609
586
609
609
586
602
594
594
609
617
609
609
203
406
594
602
609
594
602
617
594
602
594
586
578
586
578
570
578
570
562
578
1164
570
219
367
562
570
586
586
578
586
1164
586
586
562
570
570
570
555
570
555
555
562
555
539
539
555
547
555
555
562
555
562
570
562
555
570
578
1133
586
578
578
578
594
570
586
570
570
562
562
562
570
578
570
578
570
1133
562
562
555
562
562
555
555
539
547
531
531
547
523
531
539
531
531
531
531
531
523
531
531
531
1047
523
516
523
1016
500
1008
492
516
1023
539
531
516
531
531
1047
1070
531
539
539
531
539
539
547
547
562
547
555
562
539
547
1102
531
539
539
1078
562
570
539
547
555
547
555
562
562
570
586
586
562
578
562
555
555
555
547
555
562
547
562
562
562
562
578
578
578
586
578
586
578
570
1117
547
555
547
539
547
602
641
625
641
1211
617
1242
602
617
625
1211
602
602
1156
594
586
602
617
609
609
641
648
625
1328
625
633
625
625
1273
1234
656
641
625
1336
664
648
656
641
617
602
617
617
1891
641
625
641
625
625
617
617
617
1250
609
602
1234
625
641
664
648
617
625
609
617
633
633
609
609
867
406
211
391
609
609
617
594
1234
656
688
789
203
492
641
617
633
656
633
633
664
695
656
656
672
648
625
602
602
625
609
602
211
1039
625
664
648
219
406
625
1219
602
625
625
609
633
609
625
633
234
430
633
633
672
1328
656
664
664
648
648
1281
625
633
1273
664
656
648
664
680
664
672
1336
625
633
609
211
406
664
688
695
719
695
664
641
648
641
617
602
609
609
617
1312
648
664
695
656
211
453
680
680
672
711
711
664
664
695
680
1312
703
688
648
688
695
672
664
719
766
742
703
766
227
531
727
680
719
742
695
664
672
648
633
648
664
656
219
492
703
1312
656
1281
1344
227
1141
641
648
641
625
1258
633
625
656
672
641
641
641
625
625
219
414
664
648
664
672
1328
727
219
492
672
664
672
664
648
1312
680
656
1359
664
648
680
672
648
656
680
1312
656
227
430
641
648
664
656
648
648
1922
664
680
656
656
648
3219
633
617
219
383
211
391
211
422
625
633
617
1195
586
1148
586
602
602
625
1289
1258
625
617
1258
1836
617
656
1336
680
1359
672
1281
633
641
664
1328
711
719
664
688
227
469
1398
664
672
672
672
641
656
656
672
664
648
625
641
641
656
633
648
656
641
617
1922
617
641
656
664
656
641
1312
641
1273
656
625
656
688
680
656
867
430
227
391
609
594
1258
1906
641
641
625
617
633
641
641
641
641
672
688
1352
1320
719
1422
1430
195
484
688
688
672
664
648
1344
664
695
711
703
664
664
680
664
648
648
633
633
625
648
641
641
641
648
641
656
633
633
625
641
625
617
617
625
609
633
648
1281
656
641
617
617
617
609
1227
1219
609
2930
1219
609
609
1242
625
2430
617
617
617
602
1219
609
227
398
2453
609
1234
625
641
633
656
672
656
1297
664
648
648
656
648
1297
1281
1273
1289
656
1312
1266
633
625
625
1906
641
1289
1258
648
633
633
1211
1281
1320
672
664
648
641
1320
2016
672
664
664
641
1250
633
1281
648
664
656
672
680
1398
680
664
1258
602
602
1242
602
625
680
664
695
695
727
688
2672
656
672
688
688
688
695
711
1375
695
695
695
227
438
656
664
672
648
664
1305
641
1336
234
438
656
906
445
883
430
664
1305
664
656
656
656
664
680
227
445
664
648
648
656
656
641
641
656
656
656
1297
656
641
641
656
672
1305
656
672
1953
656
1977
1328
688
656
664
656
1289
625
1273
633
625
648
1359
648
211
430
617
617
617
625
609
1930
648
219
445
680
664
633
656
2578
656
648
641
664
898
422
219
422
1281
633
633
2000
1602
703
461
1367
1328
3344
680
688
672
672
656
1961
1312
1414
680
648
227
422
648
1328
633
664
688
695
680
680
688
695
672
656
1336
1328
648
1328
641
1375
734
688
656
672
680
672
1352
703
1453
688
2844
656
680
1438
1359
664
664
664
641
625
625
641
1352
1297
656
1984
648
664
672
703
695
656
656
672
695
1375
688
734
766
703
664
1398
711
688
227
1891
227
508
1391
2148
672
680
234
1859
219
2492
656
1312
1289
641
656
227
406
1312
633
641
641
633
625
641
633
641
656
633
633
641
1281
625
1266
617
633
648
664
234
414
656
656
672
227
422
656
656
648
1273
1289
1281
633
641
2469
1258
664
1297
648
2016
656
1602
445
672
1359
672
656
664
1336
648
1328
1375
219
438
695
703
695
2016
695
656
641
656
688
695
672
688
719
703
688
1367
1992
680
1375
688
1328
672
656
664
688
664
234
414
664
1328
1320
672
1273
633
633
633
633
641
1945
1297
1250
625
1227
602
1234
203
422
609
609
602
602
609
617
617
1297
1297
664
1953
227
430
1328
648
625
633
656
688
680
664
688
2297
711
664
227
422
648
711
2344
2367
766
234
523
719
719
2891
711
664
680
2227
2117
1336
648
672
703
5844
1359
234
438
656
641
1266
219
1016
3156
648
664
672
680
656
664
664
656
664
672
656
656
664
672
648
641
664
1336
648
664
227
438
641
219
430
664
664
680
656
2484
609
1250
719
703
695
680
641
625
633
641
3742
2039
219
2023
734
711
672
648
2516
656
1344
695
1359
688
656
648
680
2039
1391
672
1289
1258
617
2477
648
633
633
641
664
1969
617
609
1852
664
227
469
3727
1398
656
234
422
703
1469
2070
227
414
648
234
492
797
797
758
242
453
680
672
664
656
1258
625
617
883
1156
703
734
2227
719
1344
633
609
602
617
1406
789
1484
711
227
516
3672
656
656
688
703
664
688
1508
1430
680
875
422
641
625
625
1289
680
1414
695
672
648
648
680
1414
656
672
688
727
1414
1297
633
1281
2469
648
695
1602
1086
648
656
1273
1375
688
680
1289
2508
641
633
695
742
734
711
680
664
625
1219
1266
2023
1391
695
672
672
2188
688
680
641
648
641
664
656
680
664
656
219
477
719
719
680
648
664
664
664
664
1273
1242
617
1930
656
1312
656
664
1320
680
1344
664
648
672
2562
1195
602
594
609
3039
1227
602
1250
617
1266
1891
633
664
656
633
664
1344
664
656
648
625
625
633
617
1219
594
1172
602
1820
625
1273
1250
1766
1805
1211
633
641
633
2078
1312
641
664
2688
2039
680
2648
625
227
3062
656
234
398
1922
648
227
445
2891
797
867
852
766
711
1438
227
4719
680
680
695
688
219
453
227
469
727
711
672
1305
641
609
609
617
664
1352
219
2422
1938
227
406
227
1039
227
1656
1320
2352
1086
898
1719
617
625
648
2000
219
414
1984
891
422
656
695
719
2695
1312
1992
633
648
656
656
664
219
461
672
1352
1953
633
641
664
641
641
1273
1930
641
656
2055
1875
633
641
1250
633
1250
2508
633
3359
641
219
2375
2016
734
1391
1352
3367
617
1320
2398
2211
672
688
680
2219
695
2391
1164
2086
227
500
2156
2117
648
648
680
672
227
438
742
1586
727
688
1312
641
227
414
2070
758
773
766
734
695
703
2047
4172
1352
680
1289
617
1891
2203
1758
664
2656
648
625
641
2758
664
3148
594
2773
703
742
695
1531
1508
711
2039
672
703
234
1203
2633
1273
633
1336
703
680
2781
234
1047
633
648
1383
219
469
2062
227
422
2578
1875
617
594
594
602
2312
844
2273
2711
227
641
398
633
2102
672
3625
422
227
414
641
1375
664
672
3297
648
1297
1312
234
484
719
672
672
727
742
1453
4547
219
1086
664
703
688
234
414
648
633
234
422
2523
602
1203
1258
1320
227
406
1383
961
1141
227
438
1977
1266
1852
2492
609
602
227
375
617
672
2836
648
859
422
227
422
227
1164
3352
227
383
227
398
609
664
734
742
1398
1328
3359
656
641
2562
633
1359
1000
539
953
430
4633
672
648
617
3359
227
430
648
648
664
633
227
4070
594
594
594
594
609
219
461
781
797
2180
2516
617
664
1477
1406
656
1258
641
781
828
227
547
750
2023
641
227
430
227
1383
789
750
1367
4148
781
797
1445
719
1531
781
750
2156
1359
227
492
766
4211
648
688
773
766
3047
445
695
5570
1344
219
2516
688
3367
664
219
430
227
1742
656
1320
1336
664
680
227
453
234
3781
1977
1289
633
641
672
2656
852
367
1203
1844
227
422
703
750
4086
617
617
1891
1297
1297
648
664
750
742
4031
6711
2047
688
1320
227
648
398
625
1977
2602
664
695
703
703
695
2688
1969
656
641
648
680
695
1438
3625
445
4656
227
430
1281
1242
1859
3211
227
383
227
391
609
633
1281
1922
1242
7016
867
1352
461
664
688
1383
2719
1328
672
664
672
1938
641
633
656
656
227
438
695
680
672
2070
1344
1359
1336
672
1328
1305
1320
641
1305
1953
3867
2539
656
648
625
1242
1875
1297
633
1938
1945
1938
1977
656
672
648
3242
656
656
641
641
234
422
664
641
1320
672
1328
211
1109
1305
1305
648
2008
1352
648
1891
633
1898
641
3742
594
602
617
625
625
2469
609
617
3117
2461
1766
570
1156
1156
578
586
1781
2453
625
633
625
3094
2453
1180
2945
1195
227
359
2336
578
3953
3297
1164
1820
602
602
609
1211
2336
1781
594
586
586
3586
594
2938
2391
602
2359
2273
547
1617
539
4078
1172
578
562
1141
555
562
570
1125
1695
3344
555
555
1133
2328
594
609
1211
1164
2930
4047
578
594
1156
578
1688
555
562
570
562
586
1844
648
3055
203
391
570
570
5844
586
586
1156
578
578
1172
578
594
1188
625
602
586
594
1156
578
4219
1828
211
383
2406
3773
219
2844
594
594
2523
664
2586
656
656
1328
2094
766
2094
2711
1336
2680
1453
672
711
1438
711
656
1344
1359
2055
664
688
891
2469
648
648
2555
2797
2469
1305
1297
1273
641
2492
680
1391
1305
617
633
3078
1242
2555
1281
688
648
219
648
1094
664
656
1281
1234
617
1805
1203
1227
1781
1797
219
1578
586
586
1172
2961
586
1172
594
602
602
633
633
1844
1203
594
586
2312
586
2367
1180
617
1203
1211
1211
602
625
625
609
594
1211
586
1141
570
1141
562
1156
570
586
570
1703
562
2930
648
1266
672
1250
617
2453
1797
594
594
2406
1859
6305
1258
1898
3164
2461
664
4320
1219
1227
1266
1219
2336
1172
578
1156
586
4469
2125
2172
2289
594
3461
5609
2211
2742
2734
570
8828
539
2977
633
1820
570
578
586
625
1367
7234
1242
1859
648
1312
1258
4516
656
1891
594
3000
641
688
672
648
680
734
2078
1930
633
1875
1922
656
680
1359
1969
656
3219
633
836
414
1227
586
602
2031
688
703
719
727
2680
656
2016
2008
1305
2695
2719
656
656
672
2602
641
648
617
633
633
641
1891
641
1930
648
656
656
1938
617
3781
1883
3266
1297
625
1273
6984
219
406
3914
1977
1281
1945
3422
641
625
633
4516
1961
648
633
648
2570
6883
2594
1297
3203
1188
578
1242
2531
4117
1969
633
648
1336
219
469
734
4758
1977
4047
1344
1344
641
5641
1219
219
5398
1875
2578
1227
2734
2094
1484
742
227
2016
4484
3836
648
664
1289
3039
1242
1297
6047
2617
6289
1750
2039
1469
703
2000
4367
2469
617
1344
1305
664
2086
2031
6055
664
688
1367
2750
2641
648
3164
641
3250
664
672
664
2539
609
1258
2414
641
2547
1898
617
1219
609
3055
1227
617
664
664
3297
3781
4406
1789
586
1227
633
3930
1281
8172
1289
4367
602
625
3727
820
383
625
641
648
2539
1242
1250
2539
2531
2172
3492
5141
2234
453
5156
641
3242
1945
2648
5852
2562
633
648
711
4523
711
1336
2031
1359
6711
1305
3961
672
211
453
1297
648
2062
680
1922
648
664
680
3227
1266
641
656
219
422
1906
1945
867
398
219
422
211
2961
664
3969
617
633
2508
617
1211
1273
625
633
2562
4531
641
1352
1984
672
2023
648
656
227
1797
2578
648
656
625
633
1297
3633
1406
1992
453
1297
648
3266
633
4406
1328
2031
1367
4031
641
664
680
664
1281
641
648
1266
3766
648
3984
641
688
2859
703
5656
2039
648
1406
3492
664
4375
1375
719
4164
1336
2016
4586
3992
633
5102
625
2047
703
3203
1266
656
688
2688
633
625
2500
609
5500
602
625
9117
633
641
1938
1984
680
2578
609
625
3375
656
664
688
4688
656
2672
2719
1305
2586
1273
625
672
688
2750
672
688
2102
2578
656
2695
672
3797
688
742
766
3531
789
227
656
852
789
805
828
1695
2383
1422
688
727
2406
734
1406
703
7398
2961
1539
3008
680
672
4445
727
789
719
742
766
3891
789
789
758
3453
719
773
836
2336
742
1547
2953
758
4820
633
688
766
781
3047
1258
3891
1555
773
1477
1352
703
234
555
812
1758
1250
812
3836
5430
711
766
2289
688
2023
727
242
500
758
1656
438
664
1328
688
227
1227
2078
672
695
5039
656
2078
781
234
625
4352
453
727
3383
3477
227
469
1414
6891
664
797
3430
2203
2844
852
1586
1539
6547
688
750
234
578
4336
742
6086
4172
6492
6047
2836
16930
516
7977
703
4133
656
1914
617
648
2258
4344
742
719
1570
3078
734
773
1719
469
734
3750
758
766
781
7781
859
3289
1453
2930
4617
3109
586
1172
570
7367
6438
1258
5789
625
10977
1297
1328
734
797
812
1609
797
1531
3562
2148
672
4031
641
648
2031
680
8555
641
688
1477
2938
3602
2188
4188
3367
2523
680
719
688
1328
3516
703
680
1359
688
2023
672
680
2023
656
680
680
3320
641
2703
4773
688
4180
680
2125
2016
1273
664
727
1375
1312
2086
695
2055
3406
672
2750
672
1414
742
734
3266
727
781
812
789
758
1414
1344
6133
711
4711
602
3984
7422
719
742
227
4680
1383
688
3344
1352
688
2617
664
1344
3266
617
609
625
3258
2016
727
711
695
3992
2211
1812
648
6711
1328
2656
1969
656
3758
1938
2562
609
609
2523
641
641
1305
1883
609
4289
609
5250
4125
2492
3172
4625
1250
617
617
625
3281
656
1375
1367
2695
664
8195
703
6812
656
656
6430
680
672
3859
648
672
695
1328
672
688
711
719
2055
664
680
680
680
703
3547
672
2602
3727
656
1281
1953
641
1312
3188
3234
2656
6328
648
1281
719
5453
656
4047
4242
7250
594
609
4289
711
1312
2703
2703
680
6812
4836
1680
1234
695
1320
3109
1344
688
703
719
1375
5047
625
3781
609
1234
1898
625
633
1312
2539
617
641
2609
2617
3125
1891
4367
1258
625
648
3945
648
656
4398
3227
695
742
3766
2836
2703
648
648
680
4203
1375
734
2312
2164
703
1320
695
3078
758
1453
742
711
773
5391
617
680
3781
3102
633
703
742
750
2062
2086
5664
688
703
703
7570
2094
227
3078
1297
2477
2508
3414
695
1555
1070
1312
664
3273
625
2633
1328
7523
1891
594
594
2508
648
3906
3133
1828
625
6211
3367
609
2469
2414
2391
586
578
586
3008
602
1172
2938
1188
1219
625
656
5188
609
1742
578
570
2867
648
3664
578
3961
3320
3281
1117
4094
2836
547
555
562
4883
547
4992
555
1641
547
1102
1102
2281
570
578
2312
2797
539
2148
1656
2320
1766
2367
1922
7961
1250
3289
1984
1953
641
641
8312
1297
4992
602
1219
1836
5594
656
2500
3625
602
625
1258
2398
5305
2789
2742
2820
3000
2156
4992
703
1383
5484
1359
2633
625
625
1852
3266
4562
