16
31
8
23
31
8
16
8
47
8
8
31
539
55
94
78
62
8
8
31
8
8
8
23
8
8
31
16
617
23
102
47
8
16
23
8
23
23
16
16
23
23
8
633
62
31
78
8
31
8
8
31
8
16
31
16
8
16
16
8
31
547
47
16
94
94
8
8
8
8
8
8
8
8
8
8
23
16
8
8
8
23
633
172
31
16
16
8
8
31
39
16
8
23
8
625
47
55
109
16
8
8
8
8
8
16
8
23
8
23
8
16
16
16
602
55
133
8
31
39
16
8
16
23
8
39
31
594
156
55
31
8
16
8
16
23
8
8
16
23
16
16
602
62
133
16
31
8
8
8
16
8
23
8
8
8
31
633
8
47
109
16
8
39
31
16
16
39
8
8
8
16
23
8
8
594
109
16
78
8
8
8
39
31
8
23
23
16
39
62
531
70
39
16
62
39
16
16
8
16
8
8
16
16
31
16
16
31
586
195
8
8
8
23
8
39
31
39
8
8
8
609
16
78
70
16
31
16
47
8
8
16
8
8
23
8
8
8
23
609
219
16
16
62
23
16
8
8
8
8
8
609
47
86
31
8
16
78
8
16
8
8
16
23
23
8
8
8
16
8
586
203
62
31
31
31
8
39
594
367
8
23
23
578
367
55
570
336
47
55
8
477
86
70
289
55
8
8
570
16
1672
94
16
578
266
305
219
234
117
336
219
8
16
242
211
102
16
547
562
547
555
8
453
102
16
547
438
125
578
578
602
508
109
617
609
617
477
109
594
586
8
586
508
102
609
492
109
602
594
586
477
109
461
109
570
586
578
461
16
109
586
578
461
117
562
555
547
547
1055
523
23
484
406
109
508
500
508
516
406
125
547
562
609
609
445
180
188
320
133
648
625
242
289
102
531
102
625
602
594
586
8
484
109
578
570
469
109
578
219
359
617
609
586
578
578
562
555
570
555
562
1102
555
539
430
133
570
578
578
453
133
578
8
586
469
94
562
562
562
547
1086
539
539
539
547
539
547
539
547
555
1148
578
562
555
555
422
125
430
117
555
242
312
547
570
453
109
234
320
16
617
609
508
94
359
219
570
562
562
555
555
562
555
570
570
570
586
586
578
578
570
570
562
406
148
562
570
562
8
547
555
555
562
547
555
562
562
555
555
242
320
547
555
547
539
555
438
672
445
117
555
438
117
562
555
234
320
547
547
555
547
547
539
539
539
547
539
531
547
539
539
555
422
125
555
555
555
562
555
562
555
555
555
539
539
539
547
539
539
547
547
578
609
578
586
570
570
562
555
8
547
547
430
117
539
547
539
531
539
531
531
523
531
531
531
312
219
547
547
547
547
422
125
547
414
125
555
8
531
531
531
531
547
430
117
547
547
8
523
547
422
109
539
531
406
125
531
539
531
531
523
531
414
117
523
422
109
523
523
523
531
531
539
531
547
539
555
539
539
539
531
539
531
539
531
531
531
539
562
570
1117
547
539
547
531
531
523
406
117
523
508
523
1523
516
508
508
523
1047
516
523
531
523
531
414
109
523
523
531
523
531
531
539
438
86
531
531
1062
523
523
523
516
523
516
516
523
508
523
516
516
516
516
930
109
516
531
516
523
1031
523
523
1031
531
523
1047
531
1062
531
523
539
531
1055
539
531
539
531
523
531
531
531
523
523
531
531
531
523
547
1078
539
539
555
430
109
531
539
531
539
523
531
531
531
523
531
531
539
539
547
539
547
539
539
531
531
531
531
523
531
539
531
531
531
531
531
523
539
531
531
539
531
422
117
414
125
547
539
539
555
555
1086
539
547
547
539
555
539
555
555
547
539
547
547
1086
547
1094
539
539
1078
1086
539
539
547
555
438
109
539
1078
547
547
547
547
1086
547
539
531
531
531
531
1070
539
539
547
539
547
547
555
547
531
547
547
2234
562
562
562
547
547
539
547
531
547
562
570
570
8
547
562
555
547
547
547
547
1094
547
555
547
555
539
547
1086
547
555
234
328
1117
562
570
562
562
547
555
547
1086
555
555
547
570
586
594
602
602
602
484
109
594
562
570
562
562
562
562
570
586
1156
586
578
570
1164
602
602
586
602
594
594
586
594
594
594
578
1180
1148
570
578
1141
578
594
594
594
586
586
570
562
1109
555
555
555
570
555
562
562
570
570
586
578
586
586
594
586
578
562
8
1117
578
1148
578
586
1172
594
594
594
594
570
578
586
570
586
586
586
586
594
586
586
586
586
578
586
586
1180
578
594
633
609
602
594
1180
477
109
578
1156
594
617
617
633
641
648
539
109
641
633
625
617
602
594
586
578
1180
586
578
586
586
578
578
1750
578
594
594
602
594
594
594
594
1172
586
586
586
586
578
570
562
570
461
703
578
586
1172
1180
578
570
1141
570
570
578
578
594
570
594
578
594
578
586
570
570
570
1141
578
1148
570
578
578
578
578
578
570
578
1031
102
1125
555
555
547
562
555
547
547
1109
547
555
555
555
555
562
1109
562
438
125
562
555
562
555
555
1102
547
555
547
547
539
547
539
1086
555
8
555
578
1156
570
570
555
555
547
562
562
555
562
562
562
1133
570
555
562
570
1125
1672
555
555
555
555
555
578
578
570
578
578
586
586
1156
578
562
562
562
547
547
555
555
547
547
547
547
547
547
539
539
555
531
547
547
586
578
570
562
555
562
555
547
555
555
562
1133
1141
570
562
570
555
1109
539
555
555
1109
547
570
570
570
562
570
562
430
125
555
547
547
539
1070
523
523
539
539
562
562
555
562
555
1109
555
547
539
539
531
1062
531
531
539
531
539
1109
1125
570
562
562
562
570
570
570
562
555
562
562
562
438
117
555
562
562
562
562
562
562
570
1148
555
562
438
117
570
562
570
570
578
1156
1164
570
578
586
562
562
555
562
555
555
562
555
1125
570
1680
562
1133
555
570
1125
1117
570
2242
1109
547
555
547
547
555
547
531
1062
1062
539
539
539
539
547
539
1648
1078
547
539
539
547
1086
1062
1078
555
1109
570
562
570
570
570
570
578
570
555
555
1117
555
547
609
680
1336
664
1289
617
602
1180
578
578
1141
1172
578
578
586
578
586
594
586
586
820
1000
594
586
1164
1148
578
578
586
586
602
8
586
578
570
570
570
562
562
570
562
1141
438
133
1133
570
555
562
570
555
570
562
1703
586
578
594
1180
594
570
578
570
570
1672
555
547
547
1148
609
602
641
633
617
617
602
602
586
570
578
570
570
578
1750
594
1766
586
586
578
578
570
562
570
578
570
1117
555
562
555
562
1727
570
578
1680
547
539
539
531
531
523
1086
547
555
1656
1109
547
1094
555
547
1086
547
539
547
547
555
547
555
547
547
555
547
547
547
1086
531
547
539
531
539
1078
1086
539
547
539
547
547
547
1102
547
1656
555
562
1648
547
555
1102
547
1102
547
562
570
562
570
562
578
1133
562
562
562
1117
547
555
1141
562
555
547
547
1578
523
1602
539
555
547
562
1109
562
570
562
555
555
570
555
547
1094
547
1633
547
547
555
547
547
547
570
555
562
555
555
562
555
555
555
539
2180
547
547
1109
547
1641
1648
547
539
1094
539
1102
3273
531
523
531
531
531
1562
523
1578
1039
516
516
539
523
539
523
539
1070
961
109
523
531
523
1055
1070
539
555
555
562
562
570
1125
562
555
555
1102
1117
555
555
562
562
1672
555
1109
555
2773
547
547
539
1617
539
969
125
547
1086
555
555
570
578
586
602
602
8
1164
1688
555
539
539
547
539
1094
555
1133
570
570
570
555
1117
555
539
531
547
539
1094
555
2766
578
594
594
1148
570
1664
2164
547
1688
562
562
562
570
570
586
1586
664
547
539
547
531
547
539
531
531
531
523
547
547
547
1648
539
1609
1055
531
539
547
570
555
555
547
547
547
539
547
547
539
539
414
125
547
547
1133
570
1750
586
578
1141
562
2828
2258
586
586
1172
578
1148
1125
562
1094
547
539
547
2148
539
531
1633
1102
547
555
562
562
555
1656
539
531
539
547
1094
539
1078
531
539
547
555
562
555
562
1102
555
531
539
531
531
531
531
547
539
2141
1047
531
539
578
609
633
1211
602
602
1773
586
1164
445
125
570
562
570
1180
586
578
1195
586
578
578
570
609
1203
1164
1141
1109
562
586
609
641
633
1258
594
16
1211
602
586
578
570
570
1680
555
1141
1805
633
641
648
641
625
617
609
594
1711
562
570
1711
570
586
586
2305
1164
586
602
1211
570
570
578
562
562
555
555
539
547
547
555
1109
1688
562
562
570
562
1672
570
570
578
1164
1148
570
1125
2242
1125
1141
1164
578
578
578
1133
2234
539
547
547
547
1633
547
1102
555
2164
2664
562
578
586
1172
1719
562
570
570
570
1148
1734
578
570
570
562
1148
578
1180
602
602
609
625
2531
625
625
609
1812
586
1172
1141
570
578
1695
562
555
3438
1219
1195
578
570
562
2789
2945
625
1227
609
609
617
1211
594
594
1188
2398
1805
1195
617
1211
586
594
1180
1156
586
586
1195
1195
594
570
578
2242
1148
1789
1219
633
2438
609
594
586
2336
1180
1789
602
609
609
617
1859
602
609
1203
586
1766
578
570
578
1742
1781
609
617
602
1188
1148
3312
539
539
547
8
562
672
664
680
1398
688
664
625
1188
1156
1703
1109
555
570
555
5562
594
594
586
1148
562
562
562
562
1695
1133
5977
422
1188
547
562
1148
1727
3320
1102
3539
1195
578
562
555
1094
3828
797
1906
1117
1703
570
570
1156
1156
1133
2258
586
1188
594
594
578
3359
1094
1078
2180
562
570
602
1727
1680
555
562
555
539
1078
1086
1094
1078
1641
555
1102
555
3820
1641
570
562
562
570
570
1133
570
2828
1688
1094
555
547
562
2320
594
1195
594
844
2164
2328
570
2336
3352
2336
1766
1172
578
2914
2812
1109
2172
547
1125
562
570
1125
1117
1648
1641
1648
547
1109
1680
2266
570
562
562
2734
1641
1133
1133
562
547
547
539
562
555
1133
562
1672
547
1602
531
961
109
570
594
609
1891
1234
602
1172
1141
1672
2211
562
555
555
562
1695
578
562
1109
1102
1656
1695
570
1727
609
602
4031
4070
594
2828
2297
1156
562
1148
578
1789
586
578
4070
2344
578
3992
570
586
578
1844
1828
617
1227
2883
586
3938
3969
2797
1633
531
1664
570
2531
320
555
547
6164
1648
1062
3211
4438
531
1078
1078
3930
1711
570
1688
555
3305
555
555
234
320
1125
570
555
1117
1664
555
547
547
1086
1609
1078
1055
1062
1617
570
570
1711
562
2789
562
1664
2789
4586
3352
2195
3180
539
2336
4664
578
578
2273
1695
2266
1148
570
570
2258
2266
1141
562
570
1703
1156
1141
1719
570
578
2812
562
562
570
1656
5586
1688
2273
1188
1172
2875
3461
1750
1156
2891
578
2242
1664
547
1109
1094
562
578
562
570
1117
1633
547
4570
1109
2633
133
570
2805
1148
570
1688
570
602
609
1203
578
1125
562
570
3492
3594
1117
1078
539
547
1664
430
117
1086
1070
539
531
539
539
1594
3742
539
2156
1086
2719
4250
523
3023
1016
1039
1586
1070
547
531
531
1141
562
1086
531
523
3117
1047
1055
1070
516
531
1602
531
1609
5836
1562
3688
539
539
1070
1070
1602
3305
1648
3773
4828
539
1078
1070
531
539
2633
2633
4227
516
531
3797
3289
2164
547
562
4492
1125
555
562
555
547
555
2195
1109
1133
1711
578
4688
1195
586
578
594
1781
1188
586
594
586
586
594
1211
1820
594
2297
1125
5070
570
570
562
4547
2289
6055
578
5859
2281
2844
570
2266
586
2922
1742
2242
1102
547
555
1672
3602
2281
4305
1133
1766
578
1148
562
1102
1094
1086
555
1695
547
562
1102
539
8
1648
1086
547
539
461
1727
555
539
547
547
539
539
539
539
1078
555
562
812
375
2555
1242
1812
594
234
352
586
797
367
477
117
578
1016
156
484
109
586
602
484
109
578
578
586
586
586
586
3375
586
586
578
1164
570
1156
2852
555
555
555
562
570
1133
586
2891
570
1727
570
578
570
570
4070
2938
2273
2297
2289
570
1555
695
6234
1695
1109
562
1109
1141
570
2164
109
570
570
570
562
562
1125
1102
4898
1508
648
547
539
531
531
1062
516
398
125
1023
508
422
94
1539
1039
1023
1016
508
508
500
508
1023
398
109
8
16
492
1555
1531
508
398
109
391
109
492
992
992
1000
516
523
531
539
906
633
86
1070
1047
516
94
414
508
508
500
516
1008
516
500
242
266
523
508
523
844
211
523
531
539
531
531
523
523
1055
1039
1031
86
23
414
516
1062
250
273
523
523
516
516
516
1039
344
609
617
523
523
531
531
523
531
1094
562
547
562
555
547
555
547
547
555
547
562
570
570
570
1703
562
555
1641
1117
5234
3969
1703
578
2797
4266
109
547
547
2211
562
1117
562
1102
445
3977
1703
1141
578
578
570
2250
1094
547
2789
562
555
2797
1086
2203
555
1078
1070
531
414
2227
547
4367
555
1109
1102
547
539
539
3766
1086
1070
1078
2711
3258
1078
547
1617
539
539
3227
2641
531
4203
1062
4195
2586
508
1531
1023
1039
523
2102
1570
539
1055
531
523
2055
3039
516
1031
1570
1555
1547
516
523
516
2070
930
117
2109
1062
1047
516
516
1039
4828
1055
539
1047
523
516
523
523
1055
1078
3805
1070
2695
539
1594
3148
531
1578
531
1055
531
2992
617
1023
508
500
2547
2102
2070
7234
500
500
1977
508
1016
523
1031
2461
1664
516
1039
4031
1500
3008
492
1961
3430
500
492
1969
2500
1008
4922
2008
3562
3453
94
3000
1453
4445
1523
2023
1031
3531
3602
1562
2094
2102
7656
500
10625
1055
1062
7141
523
6609
500
2047
4102
1055
5852
2664
2602
5680
2266
1625
2117
2617
2594
5672
508
4609
1930
2664
1016
4023
3000
1016
1016
508
2523
1383
594
484
500
2312
102
477
469
1320
578
484
2453
1500
2945
492
484
1930
1438
4297
2422
484
484
961
484
961
1422
945
938
469
477
477
484
953
484
477
477
484
477
7695
1445
1836
3016
6641
938
953
477
938
469
5484
1039
1406
477
461
477
1852
469
2828
961
2867
2828
3773
484
4289
2812
922
938
930
2742
1805
4500
1367
922
469
461
930
1375
453
453
898
2258
898
461
453
453
906
445
453
898
906
438
4492
891
4430
1336
891
2211
438
438
1742
3414
438
430
1297
1289
11328
1320
1773
1773
2664
1781
1766
2203
10336
922
453
461
1383
2289
461
453
914
4148
3734
469
1406
2320
930
6094
477
7102
4219
3773
3727
2336
477
938
938
1398
9273
945
930
3734
1852
2320
1414
2375
477
469
3320
2828
477
477
938
2344
2820
938
3188
1359
469
1367
453
3680
469
469
938
930
477
3312
461
5680
484
1898
1875
6594
1445
1461
961
492
484
484
2898
2383
484
1164
273
945
477
945
477
953
469
477
47
422
477
469
484
484
484
492
484
484
492
484
1445
953
86
398
477
477
477
461
930
461
1859
469
961
484
492
1008
484
1461
2445
484
484
484
484
492
492
1492
1508
492
492
484
8
484
500
492
711
62
711
484
961
477
961
484
1477
1477
1000
492
492
500
500
484
984
2430
938
125
70
727
8
453
461
453
453
4031
445
445
438
445
445
438
3062
438
430
430
438
422
438
852
859
422
1688
414
422
844
1242
414
406
414
812
406
406
406
805
406
391
2828
398
398
1195
398
398
789
398
391
1195
391
1977
398
789
398
391
789
391
781
383
781
391
383
391
1164
391
766
398
383
383
391
773
383
391
383
383
383
391
383
383
383
383
1141
391
375
391
383
766
766
383
766
383
383
391
383
383
383
383
383
766
391
375
758
383
375
383
375
758
1141
383
750
375
383
766
1141
383
383
383
383
1148
758
383
383
375
383
375
375
758
289
94
375
375
375
383
750
383
375
375
375
375
383
375
750
750
1117
375
367
367
375
742
367
375
367
367
375
375
1125
758
375
383
1523
383
383
383
391
383
383
766
3094
391
398
383
789
391
398
391
398
398
391
406
391
398
406
398
398
1211
797
398
398
406
398
406
812
398
1211
406
398
398
406
398
812
406
406
398
406
812
406
406
414
2875
406
414
1227
414
406
414
422
828
414
422
828
2492
422
852
844
422
422
422
422
422
430
422
844
430
430
430
430
438
875
438
1320
445
445
438
1289
1289
422
438
438
438
867
438
875
430
883
445
1352
914
453
445
461
445
453
1805
906
461
453
461
906
461
1328
2242
453
1344
445
445
453
453
1383
461
461
1391
2305
453
453
883
430
438
438
438
1328
453
453
461
445
453
453
453
445
445
898
438
445
891
891
445
438
883
1320
430
1320
438
430
1750
875
1320
438
438
875
875
438
328
117
430
1789
906
445
1344
453
1758
438
445
1773
898
461
469
469
945
477
8
453
1867
1375
461
461
461
477
1406
1414
477
1398
16
938
31
430
930
461
938
477
469
469
477
930
469
469
469
938
477
469
1445
977
984
492
492
969
484
961
484
953
477
484
1922
477
1930
484
477
477
477
477
477
477
469
953
484
484
977
508
992
500
500
1000
492
500
492
1000
2516
516
516
508
516
516
508
508
414
102
508
1023
508
516
2047
523
1031
398
109
1039
523
516
523
523
2625
1016
414
102
523
1039
1031
516
1023
516
523
1570
523
430
109
523
531
523
1047
414
102
516
180
344
508
1023
1023
508
508
406
617
508
516
1016
1016
516
500
1016
1414
594
500
492
500
1008
203
297
2047
508
8
1531
516
516
1555
516
516
508
508
508
508
1570
516
2055
508
47
1484
508
492
500
1500
508
219
273
500
500
1492
992
992
1539
523
2078
1023
508
1508
1008
1016
508
508
1016
1484
1031
555
570
2227
539
531
8
516
1031
516
523
1031
523
508
523
1039
2086
516
508
508
508
1023
508
1016
1531
516
508
516
508
1023
508
508
508
508
1539
508
531
523
234
297
1047
1547
500
1508
2547
523
516
94
414
3172
1055
516
523
1039
1039
1047
531
516
523
1047
539
2641
531
531
539
4250
1055
516
523
1023
2531
523
1047
531
531
531
531
1578
523
523
508
516
1523
516
2078
1570
523
1055
1562
1031
508
508
1547
531
1062
531
961
102
539
39
492
531
1039
508
516
1016
219
289
523
469
508
1516
2023
2492
484
484
484
484
3438
477
477
945
477
2867
484
484
484
484
984
977
1977
492
500
492
1469
969
484
953
945
477
1422
484
2422
1469
492
500
3938
969
484
1922
477
484
3406
484
477
1914
477
1953
1477
1477
492
500
484
2414
969
477
961
477
1398
469
2781
461
461
922
3250
461
922
453
461
1367
453
461
1367
2273
906
8
453
1359
453
453
906
453
898
1344
445
445
4031
1812
1359
453
453
461
453
445
461
898
453
453
453
453
3656
453
461
461
453
453
914
453
1812
1352
453
461
5898
445
453
453
3461
164
445
3562
1328
883
883
445
883
453
1773
891
445
453
445
453
1797
445
2750
922
1375
2797
938
461
6516
930
461
461
1391
461
3188
2766
3656
461
2953
2984
1836
2289
914
453
453
3156
4039
898
453
3141
1797
2258
906
2719
4125
1258
5570
1805
1805
1352
453
5867
1344
4516
891
3523
2664
445
2273
5406
3984
4352
5570
422
2086
406
1242
422
1641
2031
398
2023
2008
406
1609
391
5539
1180
3500
2703
4289
1156
391
3898
1953
1180
1195
2750
781
391
781
7594
2859
2492
398
1250
2961
430
3398
430
422
844
2078
5008
1250
414
836
7523
6555
13492
445
438
3930
891
1797
11484
453
3695
961
945
461
938
6641
3375
2344
938
1883
930
469
938
461
2805
3188
453
445
453
453
453
906
461
1805
461
445
898
445
2250
1336
453
453
914
4664
477
9359
453
469
469
469
8156
477
4945
492
500
977
2422
484
477
961
1406
5281
484
1930
2922
1938
4344
984
492
8398
4484
492
5977
4523
1484
492
4883
1461
961
2867
3352
477
969
5430
1969
9281
977
2969
508
508
516
9133
11055
4109
1547
3586
2516
1016
508
516
523
1578
12914
3055
1500
2047
516
9602
3164
2578
8961
2109
4555
555
5828
1562
4188
1531
1023
1570
523
10320
1078
2125
11734
539
5914
11875
531
3727
5398
3758
1078
1625
4836
4188
1000
500
1000
1562
1633
3242
6883
523
1039
4820
523
1078
1602
3180
1070
1070
8938
1047
2070
3094
2164
531
25500
6219
16898
1609
539
3172
1039
1594
