799
812
804
782
774
772
785
779
783
777
792
796
802
799
818
797
796
783
772
762
777
794
804
796
821
807
784
771
773
783
834
797
804
800
795
775
735
723
707
700
699
723
772
774
780
778
781
763
772
774
761
750
759
781
757
747
751
750
745
749
758
774
756
764
768
768
761
769
768
760
753
769
776
755
751
760
757
761
769
774
765
765
777
772
755
758
772
768
769
780
792
782
794
797
779
798
776
764
757
772
783
764
787
800
799
768
779
782
809
799
785
790
780
778
797
780
780
785
784
767
763
780
767
786
778
780
766
775
759
763
762
760
739
720
716
721
745
744
753
749
754
752
743
732
730
719
717
714
724
762
788
776
809
797
778
764
761
752
753
762
777
792
782
803
840
820
786
778
770
760
755
773
795
792
811
810
784
790
780
767
767
787
780
780
793
810
785
763
764
759
749
735
734
739
760
760
762
768
770
750
736
721
706
715
727
730
744
752
762
746
747
743
739
742
758
762
750
752
747
755
753
739
740
750
743
766
774
771
775
779
787
810
804
788
814
823
828
785
785
799
786
783
792
792
812
798
789
814
828
822
800
817
821
802
784
784
798
806
781
769
779
807
792
794
791
807
807
788
792
809
792
803
781
777
794
785
785
788
760
756
751
751
769
773
797
812
787
782
783
796
770
761
755
753
749
758
772
770
761
732
715
720
734
776
805
795
795
793
770
764
755
763
750
723
705
724
734
777
783
796
818
799
781
767
776
797
817
781
791
790
829
807
800
803
819
800
798
784
802
780
790
790
798
777
769
778
774
768
780
784
785
779
769
783
800
795
784
798
812
790
788
780
779
764
771
800
797
783
786
776
775
772
777
791
763
765
763
775
797
770
767
746
721
711
723
726
751
772
800
784
766
756
744
748
769
772
768
780
797
778
768
758
761
766
765
770
796
774
762
776
780
759
760
762
768
766
777
795
793
779
759
764
781
770
772
772
764
753
761
803
816
805
781
773
777
758
737
719
719
734
760
787
816
788
771
770
789
770
771
763
739
737
775
868
843
862
882
888
848
855
864
837
792
786
784
789
780
774
778
814
816
798
805
808
802
781
783
796
799
780
779
783
796
790
767
761
772
783
776
779
778
789
773
772
779
770
757
767
797
868
785
794
788
768
759
765
764
766
