1270
1197
1248
1261
1262
1313
1179
1300
1278
1237
1317
1245
1252
1335
1303
1323
1216
1299
1232
1221
1270
1221
1360
1255
1271
1321
1210
1300
1287
1286
1269
1164
1269
1315
1264
1260
1314
1271
1231
1325
1311
1226
1264
1219
1182
1275
1276
1177
1283
1301
1234
1287
1234
1172
1288
1210
1281
1229
1292
1199
1211
1310
1202
1208
1229
990
963
1035
1387
1344
1237
1218
1180
1084
1230
1291
1195
1309
1314
1180
1261
1300
1222
1322
1275
1189
1300
1308
1176
1290
1310
1219
1336
1266
1243
1315
1225
1221
1306
1234
1238
1281
1248
1188
1323
1312
1260
1316
1238
1258
1309
1282
1299
1214
1169
1184
1188
1122
1141
1212
1208
1200
1284
1244
1174
1281
1176
1187
1262
1195
1281
1258
1167
1308
1263
1131
1170
1173
1155
1323
1266
1345
1296
1232
1249
1133
1180
1205
1145
1204
1218
1189
1336
1252
1271
1218
1238
1266
1149
1248
1205
1122
1262
1229
1191
1231
1186
1162
1248
1222
1198
1260
1169
1206
1246
1163
1296
1258
1181
1245
1204
1246
1291
1234
1304
1213
1190
1226
1142
1200
1215
1129
1187
1178
991
985
1128
1303
1303
1248
1248
1159
1128
1259
1182
1263
1272
1184
1294
1218
1181
1288
1190
1013
1031
1317
1326
1254
1262
1293
1191
1249
1275
1219
1219
1281
1220
1204
1263
1173
1216
1187
1148
1238
1184
1187
1263
1156
1197
1202
1156
1245
1213
1216
1339
1212
1253
1184
1222
1233
1182
1387
1270
1317
1284
1227
1270
1201
1313
1256
1205
1265
1205
1228
1334
1202
1249
1203
1191
1306
1160
1191
1042
959
1117
1342
1305
1201
1219
1206
1149
1096
1144
1155
1081
1207
1231
1164
1276
1339
1200
1263
1268
1158
1236
1256
1139
1330
1298
1271
1351
1255
1249
1344
1247
1245
1232
1134
1363
1225
1228
1255
1149
1247
1198
1146
1211
1181
1114
1235
1202
1139
1199
1159
1158
1283
1229
1244
1260
1180
1294
1253
1196
1271
1244
1194
1304
1209
1223
1272
1185
1299
1266
1277
1321
1248
1245
1249
1184
1223
1021
984
1079
1324
1260
1153
1162
1133
1046
1081
1204
1270
1223
1332
1258
1241
1301
1205
1292
1312
1197
1305
1271
1196
1254
1221
1154
1255
1230
1131
1211
1234
1212
1211
1349
1170
1221
1212
1096
1191
1248
1175
1252
1190
1189
1183
1050
928
1003
1206
1278
1289
1180
1222
1206
1124
1234
1172
1183
1259
1164
1273
1187
1230
1230
1182
1256
1216
1192
1313
1222
1240
1230
1207
1281
1244
1160
1239
1241
1231
1299
1179
1200
1160
1093
1180
1192
1158
1299
1194
1261
1239
1140
1215
1178
1119
1274
1245
1203
1280
1204
1186
1272
1190
1268
1251
1231
1262
1169
1208
1324
1240
1351
1285
1253
1322
1219
1163
1284
1256
1247
1301
1223
1246
1266
1207
1269
1230
1181
1207
1204
1152
1246
1218
1002
1009
1072
967
1150
1187
1206
1211
1155
1084
1119
1139
1100
1221
1210
1155
1266
1241
1227
1323
1264
1220
1263
1185
1258
1330
1265
1347
