927
918
880
856
872
892
876
884
859
894
884
890
860
869
881
891
895
866
855
880
903
912
883
866
888
904
902
891
887
884
876
873
859
826
803
806
836
856
849
855
867
893
898
885
864
877
877
885
866
865
874
876
873
849
820
793
816
876
886
878
875
858
837
854
876
879
896
884
943
961
970
943
907
890
889
901
889
876
867
893
905
932
917
892
899
902
908
915
888
868
907
898
889
863
841
847
876
895
921
907
879
875
900
927
915
902
896
871
881
898
900
885
864
828
845
873
884
870
855
854
871
884
869
856
890
898
905
902
906
910
917
916
894
870
868
913
913
896
878
888
877
882
856
847
869
871
886
880
868
881
872
866
857
850
831
841
878
901
910
894
868
894
901
912
893
877
876
874
881
868
859
855
878
890
869
852
849
880
867
861
844
838
864
880
893
866
861
892
883
874
853
838
853
886
899
912
934
949
946
939
912
865
861
900
914
905
886
850
856
891
911
896
880
853
865
870
851
847
828
870
877
890
874
851
867
849
870
843
844
887
914
941
917
900
904
918
919
900
885
860
876
907
930
935
915
901
888
891
892
874
899
917
911
878
861
878
880
879
863
827
841
872
863
861
844
881
908
935
941
919
930
932
909
883
883
931
952
958
975
953
925
872
817
783
765
766
784
823
893
967
966
940
926
898
877
851
833
881
918
987
993
969
908
889
895
896
898
899
905
926
954
965
964
912
868
889
903
902
856
818
769
757
813
895
931
957
985
996
1006
993
965
961
950
916
897
907
941
981
992
987
964
925
890
888
879
864
845
860
878
894
904
875
903
902
918
918
903
896
927
926
909
881
876
841
825
835
868
926
945
921
916
927
921
897
879
898
916
921
920
895
905
933
924
889
840
838
845
879
859
854
867
892
966
990
964
944
926
931
943
927
886
855
864
895
937
935
886
857
849
860
863
872
870
857
902
915
891
863
897
919
902
872
869
876
875
875
874
855
886
890
914
869
855
843
850
858
851
833
851
864
875
850
848
873
879
879
876
857
890
898
890
860
840
859
862
874
855
852
885
893
889
872
867
890
893
910
891
868
879
892
900
895
903
899
910
919
892
873
880
906
915
881
867
879
894
919
906
880
891
912
902
906
887
911
923
920
897
874
882
921
927
923
935
991
992
966
932
879
883
908
907
904
