1114
1090
1082
1110
1101
1085
1123
1128
1089
1112
1120
1077
1134
1137
1106
1136
1166
1117
1171
1156
1095
1123
1121
1082
1073
1105
1100
1091
1150
1112
1107
1144
1119
1100
1139
1088
1104
1134
1096
1096
1128
1113
1107
1144
1116
1091
1130
1113
1093
1135
1103
1102
1128
1103
1100
1139
1081
1118
1119
1086
1116
1068
1101
1093
1092
1081
1047
1124
1101
1098
1132
1094
1104
1134
1097
1115
1143
1136
1107
1139
1123
1108
1151
1120
1111
1145
1092
1127
1142
1083
1113
1125
1078
1097
1130
1082
1104
1130
1083
1092
1131
1092
1100
1127
1097
1099
1123
1096
1099
1143
1088
1098
1133
1098
1095
1143
1138
1102
1140
1124
1095
1121
1102
1072
1116
1098
1065
1091
1114
1070
1106
1105
1063
1075
1113
1072
1089
1104
1064
1076
1109
1104
1072
1116
1106
1079
1142
1117
1099
1132
1118
1079
1118
1108
1069
1084
1107
1096
1075
1127
1161
1092
1132
1114
1068
1104
1129
1085
1071
1110
1121
1096
1156
1137
1119
1151
1122
1107
1123
1112
1076
1090
1096
1068
1082
1104
1079
1069
1124
1102
1068
1105
1104
1084
1077
1118
1117
1110
1175
1187
1119
1158
1131
1086
1125
1094
1081
1106
1103
1079
1097
1128
1092
1109
1099
1070
1070
1094
1097
1138
1108
1114
1138
1118
1132
1154
1124
1115
1157
1145
1105
1130
1107
1086
1109
1103
1083
1132
1113
1095
1135
1114
1094
1137
1117
1104
1124
1135
1093
1101
1120
1098
1091
1119
1108
1070
1116
1125
1092
1082
1130
1145
1102
1111
1128
1094
1088
1091
1137
1052
1080
1015
1054
1043
1021
1019
1044
1046
1078
1107
1086
1118
1135
1094
1141
1126
1106
1133
1094
1116
1144
1133
1122
1160
1113
1132
1161
1116
1133
1173
1120
1140
1153
1120
1117
1166
1148
1138
1184
1139
1142
1155
1135
1138
1157
1110
1143
1149
1119
1154
1150
1096
1137
1108
1078
1128
1142
1098
1110
1120
1086
1112
1138
1138
1115
1160
1128
1094
1121
1109
1089
1071
1103
1119
1072
1101
1140
1100
1100
1139
1104
1072
1114
1105
1072
1075
1130
1128
1100
1141
1135
1082
1111
1123
1088
1075
1108
1105
1059
1115
1129
1084
1073
1119
1098
1059
1120
1112
1065
1094
1131
1103
1093
1116
1123
1076
1116
1143
1093
1087
1111
1064
1089
1096
1026
1077
1031
1072
1054
1087
1108
1078
1101
1146
1125
1102
1148
1137
1111
1146
1136
1092
1103
1127
1084
1108
1142
1127
1113
1148
1152
1126
1126
1158
1140
1101
1129
1120
1085
1098
1104
1082
1064
1099
1084
1063
1116
1119
1088
1103
1131
1117
1126
1163
1162
1114
1150
1165
1112
1127
1146
1110
1094
1121
1134
1108
1102
1118
1085
1089
1119
1102
1104
1151
1123
1119
1152
1148
1127
1153
1158
1112
1135
1149
1108
1106
1124
1120
1100
1112
1114
1083
1103
1155
1132
1088
1133
1144
1119
1146
1165
1110
1162
1170
1133
1139
1157
1134
1145
1169
1137
1126
1156
1118
1101
1150
1094
1116
1132
1102
1077
1103
