817
805
802
814
811
798
782
778
808
819
798
794
824
830
807
805
825
812
798
821
831
811
810
836
838
820
821
827
819
795
797
818
822
804
802
828
830
813
798
816
818
797
783
797
798
788
774
804
809
795
782
793
806
789
775
790
808
797
785
792
824
804
793
798
813
799
781
805
826
810
794
810
822
815
808
829
822
816
854
838
828
842
862
828
831
851
829
804
810
806
794
790
808
827
809
809
832
837
808
792
808
804
783
773
790
789
791
789
808
818
813
800
817
830
810
791
794
796
778
764
777
787
779
775
792
816
805
794
843
836
815
805
821
831
805
797
813
819
793
781
801
822
806
802
828
833
797
793
814
807
801
798
823
813
797
821
830
811
784
756
731
727
802
874
813
784
759
798
818
800
802
796
772
773
776
767
764
761
754
770
797
800
786
797
801
804
802
796
810
815
797
797
819
843
815
816
828
838
804
789
798
798
773
770
781
787
761
768
789
792
782
778
800
823
802
801
821
843
824
799
819
808
787
766
770
773
765
754
775
794
772
821
826
801
801
832
822
802
811
813
807
789
811
820
802
800
815
794
785
761
735
719
699
686
722
750
733
737
772
778
767
779
797
808
778
782
794
818
795
792
814
825
814
814
832
842
826
819
833
835
814
812
827
833
812
824
825
838
809
820
820
808
800
808
804
787
796
813
826
800
804
815
819
792
782
821
833
820
795
813
815
797
779
793
805
800
774
792
809
820
799
825
841
832
816
825
841
814
793
807
819
796
789
825
828
813
792
808
820
798
774
790
794
779
760
767
785
786
776
759
770
785
770
762
785
798
783
770
764
779
789
797
778
769
781
782
776
762
776
787
783
765
771
795
791
783
818
819
809
789
802
807
806
789
793
814
790
776
784
785
778
754
767
774
776
766
775
790
778
767
748
755
859
873
833
806
784
758
732
747
752
768
763
769
775
769
768
767
754
765
775
782
780
798
808
816
811
836
831
821
818
841
845
841
818
839
823
815
835
821
802
811
813
810
781
772
747
723
712
782
796
788
805
836
827
800
813
829
809
786
810
825
807
788
812
839
812
804
832
832
816
832
837
826
810
819
827
796
796
811
827
803
815
829
839
826
816
836
835
812
796
804
816
802
795
816
812
791
785
809
817
798
797
818
814
792
802
819
796
789
812
831
