732
723
729
736
757
763
749
751
757
758
728
709
681
687
712
719
725
737
743
736
742
742
732
740
745
761
746
744
749
757
765
768
760
751
747
759
775
781
778
747
739
748
732
721
727
712
708
714
728
749
742
733
734
739
735
741
732
716
732
730
737
740
739
725
723
741
751
759
752
737
739
747
751
763
749
753
748
758
768
780
767
769
758
757
751
770
738
776
767
764
762
758
770
770
740
741
757
762
759
742
739
742
758
764
766
766
786
788
778
766
776
792
786
757
774
783
764
726
709
685
698
729
728
732
762
778
786
789
775
785
810
837
839
849
823
816
823
830
867
871
888
884
835
828
828
832
846
850
836
847
824
826
825
823
826
821
781
789
799
807
798
795
799
796
791
789
758
765
776
800
826
836
820
810
813
822
820
815
795
788
781
803
798
811
791
784
796
809
800
806
813
835
846
823
781
797
834
869
856
824
806
807
807
797
774
781
793
801
794
776
768
773
786
789
773
766
770
790
800
790
763
772
785
792
796
779
762
758
769
778
773
796
807
809
802
790
816
820
806
796
779
783
758
747
745
768
777
794
778
785
793
797
791
760
761
778
787
814
831
834
834
835
849
845
820
833
835
821
795
805
819
846
860
858
861
848
837
822
822
849
866
875
854
851
869
854
840
808
809
824
837
821
811
810
815
805
796
804
827
842
829
803
795
800
802
786
794
809
786
764
763
772
804
799
801
786
791
793
804
805
789
771
779
783
798
798
809
806
790
805
817
817
799
766
778
781
783
784
788
779
802
819
823
818
829
818
798
796
805
808
803
795
783
773
776
799
814
795
781
790
789
772
758
766
773
774
812
792
787
800
792
805
795
791
789
783
801
801
799
792
802
798
812
822
798
799
809
810
793
800
803
819
831
824
842
850
862
867
854
844
823
814
814
793
819
847
876
876
830
822
815
794
790
774
786
799
826
839
823
797
795
809
809
786
769
778
798
795
789
793
812
813
795
786
790
786
786
777
793
801
829
832
823
823
839
864
862
864
834
839
830
828
787
783
780
792
804
792
834
840
844
811
768
760
755
751
748
759
778
804
810
816
804
814
812
808
803
811
841
893
918
880
864
854
860
882
846
825
845
907
909
909
893
890
901
886
844
855
852
832
825
834
859
885
864
873
893
887
875
869
845
850
