901
942
947
881
902
910
875
867
887
891
856
878
910
870
871
898
886
851
885
897
853
861
907
873
854
873
888
844
857
898
882
854
894
906
869
886
911
878
858
887
921
868
869
892
885
849
879
908
881
873
892
906
861
887
903
878
869
910
909
871
888
910
894
857
880
905
873
855
897
928
881
894
938
921
876
928
934
889
908
930
927
888
928
961
928
917
988
982
912
991
990
928
877
924
983
916
901
972
922
888
938
985
913
879
924
945
880
893
943
929
886
925
943
883
898
937
904
880
946
954
895
925
951
929
948
998
1002
934
975
1019
977
930
960
978
926
916
945
963
918
963
1003
951
957
1000
1006
933
979
996
953
968
999
997
939
978
1020
955
967
1006
987
958
1018
1023
971
999
1029
989
973
1022
1014
958
1002
1046
995
961
1024
1019
960
1017
1028
965
1020
1023
957
975
1010
971
953
1000
983
941
973
1008
949
936
992
998
941
977
985
978
941
966
1007
979
950
1021
984
941
982
980
938
957
964
935
923
947
964
931
938
964
965
918
964
965
961
924
932
953
971
932
933
977
1043
1001
960
1025
957
967
1003
941
954
1006
950
949
996
975
931
978
988
930
944
969
923
916
941
945
913
939
952
904
927
956
920
925
945
943
919
940
953
953
925
958
979
950
935
970
986
969
925
968
972
937
962
1002
1009
951
1009
1015
984
958
1013
1033
988
1013
1008
984
903
919
962
868
845
862
864
859
881
880
847
876
909
917
880
860
902
932
951
928
885
934
955
938
902
900
925
948
922
903
922
938
945
907
890
910
914
889
865
899
944
1003
928
965
968
976
937
951
959
970
936
966
971
962
939
973
988
979
963
988
992
960
976
1002
998
953
956
986
970
939
992
1053
937
946
1031
997
904
967
1035
941
936
991
987
939
979
990
952
943
982
980
934
969
987
936
963
993
972
933
993
1004
947
970
998
974
934
1007
1068
933
935
1030
1022
900
919
953
969
929
915
948
960
932
911
932
949
910
894
912
923
897
891
916
924
863
859
889
890
848
859
877
884
852
875
895
866
873
911
916
889
920
938
897
960
973
921
911
944
964
921
956
984
957
962
1056
983
968
1025
1011
973
1054
1089
1004
1041
1080
1017
981
1031
1057
1009
965
1002
995
956
1011
916
929
870
872
923
891
889
973
927
931
967
938
915
950
953
918
930
947
937
917
941
944
917
944
950
915
933
941
909
923
936
920
908
953
