857
865
874
880
872
856
837
825
809
778
774
791
828
849
849
840
827
842
867
874
862
837
817
806
811
827
846
851
848
867
890
910
898
885
877
863
876
877
887
855
833
815
822
853
892
934
919
882
881
877
875
856
851
850
831
815
796
786
801
857
936
942
921
879
869
871
875
861
849
854
856
859
851
846
861
876
891
878
857
879
878
895
898
883
869
875
881
887
861
844
830
844
868
867
838
813
775
756
762
783
804
822
801
810
854
887
909
876
851
856
867
869
872
860
848
877
907
924
903
870
837
821
844
872
879
856
828
819
841
881
917
899
855
822
807
808
817
812
804
802
833
885
935
927
901
908
908
906
913
883
865
877
880
869
851
829
817
835
874
906
871
847
818
823
847
847
846
836
823
807
797
825
862
889
884
866
845
837
843
853
861
854
843
841
853
874
889
886
879
873
885
894
897
889
870
867
873
890
907
892
899
897
893
886
897
904
908
888
874
862
863
867
882
857
833
809
769
746
762
797
813
798
799
826
861
856
849
869
890
908
887
864
865
875
889
897
880
867
886
898
913
890
859
858
868
889
881
856
819
781
768
792
843
841
814
811
839
877
878
859
815
815
829
839
829
806
778
777
817
856
882
878
865
853
862
872
878
868
853
849
860
874
886
891
885
879
887
897
905
908
906
901
886
872
859
869
896
926
941
927
889
854
839
850
867
878
855
828
785
748
749
771
793
806
804
810
843
888
906
893
896
907
910
907
892
865
873
875
885
878
865
873
911
916
884
860
844
852
902
957
962
922
873
854
850
848
837
821
805
812
827
842
838
828
829
844
861
853
842
838
843
856
853
852
866
883
901
892
863
851
844
844
843
838
864
890
900
902
876
839
807
802
819
850
863
863
839
829
840
850
842
832
814
803
811
828
842
847
842
832
824
829
853
872
867
858
865
877
901
901
900
896
896
872
856
857
858
844
831
829
839
847
835
811
775
741
723
703
710
760
795
792
780
814
855
873
860
843
844
861
880
889
863
845
862
872
888
900
896
894
927
947
949
930
890
899
897
879
864
839
849
876
899
875
828
792
752
711
704
717
730
719
712
696
715
730
723
741
733
741
760
771
782
798
800
781
763
733
720
715
708
717
726
733
742
742
730
728
728
710
706
725
748
762
763
753
745
756
795
832
856
862
