827
939
951
848
857
849
883
839
804
870
902
945
846
902
938
944
856
817
856
1055
996
885
903
954
983
886
882
901
945
892
878
884
887
808
852
976
965
852
881
920
898
810
830
843
844
786
776
958
1030
887
839
818
882
820
826
898
969
884
904
1007
999
921
863
908
948
933
855
888
945
957
860
877
909
906
856
940
1043
954
853
865
777
750
977
889
1000
1062
965
903
812
807
803
926
792
763
1169
1048
1010
990
943
910
888
897
939
978
1045
1018
989
974
975
926
871
795
785
806
841
780
808
862
815
757
754
764
797
784
784
807
886
814
773
798
829
861
796
799
867
929
902
797
787
793
819
812
758
777
828
975
891
807
804
814
790
758
776
796
807
783
779
800
879
835
767
770
819
850
859
794
795
817
919
870
785
773
825
879
833
791
827
944
947
828
816
823
827
784
801
856
978
877
826
857
861
816
783
819
923
1033
881
845
857
844
789
801
897
1043
936
854
853
865
861
793
821
880
921
816
789
827
853
769
767
807
840
793
773
834
1108
899
819
805
799
863
811
851
1003
1000
879
888
967
1050
957
858
880
952
1017
918
948
1004
957
890
940
975
868
862
904
974
927
978
1038
1006
919
919
910
888
834
830
804
776
812
1133
921
904
894
811
783
815
927
900
829
851
901
981
857
899
905
895
818
857
956
940
872
902
993
902
813
836
849
847
828
937
1002
946
896
807
808
829
862
811
834
870
812
798
818
947
901
816
800
835
918
835
842
873
924
852
863
880
894
812
808
859
887
834
832
862
870
839
831
918
996
952
865
883
889
910
809
816
840
929
839
830
899
1014
863
842
876
950
865
915
1018
991
919
923
918
966
870
874
970
1016
924
983
1004
961
876
865
895
1047
917
892
903
941
807
804
905
1021
881
912
938
995
911
833
871
1068
1009
916
942
1003
929
845
843
984
1003
929
1007
1012
956
857
850
874
1026
940
896
957
975
863
867
858
878
827
845
970
961
864
825
824
818
775
802
837
910
801
817
813
865
790
806
820
840
779
770
788
833
780
769
796
830
806
774
788
828
866
781
804
829
881
792
805
827
948
832
821
823
848
786
792
822
1085
919
871
857
861
795
811
883
919
854
825
868
954
848
810
808
923
850
807
863
1108
937
879
871
897
928
828
811
861
992
846
842
1097
964
864
848
875
904
831
854
927
893
817
809
834
810
790
819
861
