737
723
710
712
704
708
724
732
721
699
700
704
705
694
685
681
700
726
735
738
755
772
749
721
702
684
686
691
702
701
728
748
753
726
710
710
706
701
680
674
688
692
702
705
697
706
704
697
680
680
702
726
727
716
705
741
748
747
734
717
701
723
723
731
726
708
712
724
718
705
689
682
674
682
677
686
701
717
705
695
705
704
702
701
684
692
711
716
708
699
689
710
708
698
683
672
686
694
695
682
673
687
707
699
692
689
702
699
697
688
687
690
720
728
728
716
709
713
725
737
722
716
713
725
737
746
719
707
713
720
708
698
699
707
712
699
695
693
702
716
737
733
726
704
700
716
745
757
741
728
719
734
723
707
694
697
703
698
684
672
688
701
703
696
680
709
702
685
676
677
701
707
694
689
681
699
714
698
681
659
656
663
657
644
639
646
662
665
670
669
660
675
680
663
651
659
672
681
684
674
664
675
687
700
706
697
688
669
634
609
590
588
608
637
635
637
660
694
743
752
750
722
705
682
684
678
808
815
758
726
691
675
673
676
697
724
737
771
788
774
767
748
728
703
673
663
640
611
605
615
627
643
651
661
675
676
673
693
712
741
740
735
746
754
748
724
714
700
696
700
689
697
725
744
754
751
730
705
710
723
727
723
736
721
710
712
731
741
745
735
732
759
751
753
749
737
719
705
732
735
729
722
718
744
744
762
742
725
727
730
749
744
732
738
749
752
727
718
727
763
774
755
731
718
731
734
727
727
737
750
749
727
711
696
682
729
746
750
730
725
729
752
754
731
719
719
713
724
708
694
681
710
716
705
706
700
718
726
734
716
718
723
716
722
707
697
711
718
712
703
715
725
754
754
730
721
706
721
701
690
684
687
727
744
745
726
725
737
737
717
704
701
720
737
744
746
727
714
740
735
737
716
705
719
723
732
718
718
715
714
721
727
718
717
741
749
762
742
750
729
725
698
682
684
709
736
737
722
709
713
713
698
676
665
677
686
708
720
704
701
713
736
762
746
731
716
724
745
746
733
722
727
735
752
751
747
734
746
749
748
742
721
737
763
767
765
750
735
745
756
759
764
750
737
745
758
748
738
723
735
755
763
753
724
716
733
747
771
768
743
734
764
764
779
754
743
756
771
758
743
735
716
705
697
705
741
795
804
799
768
772
767
