720
748
778
770
757
762
746
720
691
666
655
658
697
812
904
828
760
745
736
727
692
679
670
676
698
704
693
670
683
699
747
734
693
693
699
725
719
681
674
677
702
712
692
674
672
683
716
717
725
713
701
689
694
718
736
732
704
689
692
706
733
735
711
690
688
697
723
742
728
710
687
695
716
737
754
753
735
724
729
762
782
759
739
735
753
792
810
767
732
719
718
733
727
720
703
696
701
737
766
775
757
731
716
721
758
796
830
766
726
703
711
719
766
741
717
723
757
773
807
770
736
721
734
729
712
690
697
724
797
842
776
746
736
750
755
733
751
789
801
786
747
740
733
762
810
871
781
749
754
790
806
832
790
762
750
750
793
787
786
743
732
737
781
827
829
804
769
763
780
779
790
756
722
715
743
802
840
769
747
766
811
830
770
732
721
723
741
739
693
687
694
702
733
750
730
755
824
829
777
734
707
716
735
779
782
747
740
777
785
800
778
750
746
776
806
815
799
759
745
748
776
781
761
724
716
713
739
802
814
797
812
836
803
749
706
685
684
685
697
705
701
699
705
732
745
720
700
688
708
728
707
690
690
696
711
712
678
668
680
678
692
719
683
709
789
866
879
823
782
772
776
731
710
720
750
755
729
715
732
739
750
753
714
695
688
701
709
752
744
729
763
820
844
792
738
705
691
684
683
709
734
779
944
952
863
782
747
723
708
683
674
675
680
706
733
711
697
698
719
709
692
667
663
673
698
716
690
675
686
712
724
698
676
670
683
690
697
694
681
679
697
704
714
683
676
689
720
742
794
764
715
713
720
766
774
778
775
773
789
779
757
776
810
834
819
764
739
739
740
775
757
753
764
836
879
840
778
743
738
755
753
737
734
722
741
813
817
786
763
751
776
790
798
741
715
718
735
781
819
789
773
814
833
798
742
710
704
706
756
790
774
764
795
835
835
758
721
723
732
744
780
744
764
782
753
732
728
746
809
822
812
831
859
817
749
730
735
734
741
721
708
718
729
741
771
776
747
736
767
769
820
812
746
718
706
703
723
751
752
741
747
797
816
835
803
750
730
733
728
746
735
733
713
723
736
775
770
747
759
783
773
731
717
706
704
713
695
680
688
724
732
719
702
712
727
746
726
703
716
730
730
705
679
671
684
691
707
713
704
713
724
720
