933
1006
1022
963
1017
981
929
957
976
965
1019
1050
1029
966
953
894
859
864
876
899
1023
1147
1108
1049
1042
989
950
981
1022
1053
1089
1054
1046
1034
1031
967
965
1003
1030
1088
1118
1096
1100
1088
1045
1049
1081
1103
1094
1114
1093
1025
993
1046
1033
1033
1059
1026
1055
1082
1028
1123
1192
1140
1109
1079
1034
1040
1023
1025
1054
1059
1025
1040
1037
1011
1043
1046
1033
1035
1031
1022
1054
1037
1054
948
853
858
951
989
995
1010
987
932
917
892
847
877
923
985
1027
1086
1104
1064
1050
1024
972
940
958
984
930
914
883
843
802
793
843
842
822
819
835
847
871
902
1007
1049
947
949
955
953
944
1097
1188
1183
1102
1070
1067
1017
1010
1043
1041
1090
1120
1016
1034
1014
922
955
983
919
1015
1053
1015
1114
1123
1014
1044
1045
1096
1158
1190
1114
1072
1086
1113
1098
1053
1043
1021
1044
1010
927
883
929
968
981
978
948
976
982
1035
1022
1068
1092
1103
1034
1131
1053
929
875
901
971
988
1025
1009
993
989
953
942
925
967
991
990
1079
1031
1012
983
999
1022
935
963
972
942
956
891
904
841
874
892
896
997
1082
1117
1103
1022
1004
914
894
899
1013
1206
1186
1169
1124
1090
1067
1032
996
987
947
957
952
945
955
956
1033
968
1088
1077
971
908
838
821
853
939
976
1112
1050
1032
986
892
942
965
1004
1165
1185
1135
1084
1016
992
951
953
1014
1066
1068
1112
1062
994
1187
1204
1180
1134
1005
1035
1120
1158
1173
1124
1133
1182
1176
1183
1208
1168
1140
1100
1090
1037
1094
1081
1080
1056
1033
1029
1090
1097
1093
1048
1030
1006
987
966
975
952
1009
1018
1047
1048
1010
1017
979
964
987
1019
1038
1087
1027
1031
1024
958
940
961
1005
1006
1083
1100
1062
1050
1039
1036
1046
1110
1180
1104
1064
1020
1018
1027
1048
1017
1017
1038
1038
1088
1074
1070
1012
946
983
1001
1014
1056
1109
1040
1078
1096
1095
1036
1034
1060
1058
1091
1069
1053
1061
1071
1073
1084
1046
1004
1075
1097
997
881
821
880
908
925
970
928
879
866
879
921
958
1027
1045
1027
946
992
985
987
1011
1066
1055
1059
1130
1138
1135
1106
1079
1027
1027
1076
1065
1064
1114
1047
976
1024
1045
1012
1046
1081
1089
1092
1137
1148
1164
1127
1081
1102
1131
1144
1054
1076
1149
1120
1120
1040
1005
971
993
998
1191
1211
1172
1126
1096
1073
1066
1042
1029
1054
1041
1068
1103
1139
1074
1033
1038
1106
1098
1169
1105
1020
1065
1058
990
1028
1079
1077
1152
1137
1141
1144
1121
1113
1063
1022
1060
1092
1094
1120
1088
941
951
964
1014
1103
1195
1165
1076
1095
1091
1016
973
1037
1218
1223
1224
1177
1108
1092
1106
1099
1096
1157
1171
1168
1167
1128
