890
861
846
850
847
849
838
842
851
842
853
848
837
852
843
838
831
801
780
801
804
817
821
818
821
839
838
846
850
849
847
861
858
854
851
840
852
858
856
852
842
833
851
847
845
833
833
848
842
852
854
847
864
860
862
866
850
848
856
877
878
882
880
863
864
859
859
855
850
869
860
858
858
855
855
867
871
861
858
853
870
847
834
835
863
878
860
840
841
831
863
857
859
859
856
850
860
858
856
855
847
865
866
862
855
842
849
839
839
831
826
835
831
835
822
826
845
850
848
844
847
855
852
848
849
851
858
851
842
852
856
862
855
853
842
842
846
847
852
838
848
843
848
846
841
856
873
897
901
909
909
914
911
908
903
896
907
894
894
880
886
901
899
882
872
877
876
873
863
867
877
877
870
873
883
889
884
873
881
864
859
855
817
797
829
836
836
843
838
852
850
835
827
821
834
842
851
856
860
885
885
884
872
871
878
870
872
865
859
859
867
857
856
871
872
880
871
881
876
879
856
861
872
867
852
861
866
866
852
863
860
847
843
849
844
836
832
840
837
843
833
832
831
834
834
830
851
845
850
850
863
858
851
841
841
846
845
839
841
851
857
853
881
870
864
856
847
857
856
873
863
861
875
865
858
855
865
860
864
862
854
864
871
868
871
875
873
874
875
881
869
860
867
867
862
857
827
809
869
858
859
857
844
840
837
825
827
837
839
835
847
857
860
862
861
862
866
855
851
851
851
843
838
834
839
834
832
837
835
845
842
839
832
844
854
861
851
841
850
841
839
834
830
832
829
837
835
840
851
846
844
844
846
842
843
843
842
851
858
865
864
856
858
861
859
863
860
864
864
863
864
870
873
876
875
876
886
885
884
871
878
890
890
864
865
866
858
854
853
863
868
868
866
877
880
876
869
870
874
877
863
858
871
862
880
901
882
884
861
819
810
819
841
857
855
864
883
880
867
871
873
860
844
854
846
842
840
849
846
850
858
872
873
849
816
812
814
830
826
836
830
853
847
851
851
863
865
875
868
854
846
856
865
872
857
858
841
845
842
822
832
809
806
805
840
841
837
863
864
864
871
870
876
871
893
913
909
887
906
903
886
900
883
901
902
887
864
868
876
874
873
859
834
870
855
881
887
879
877
878
901
895
883
877
902
890
892
879
