1000
999
1035
1037
1013
1011
1005
979
994
1021
992
992
1020
984
998
979
958
966
995
1007
1025
1021
984
980
979
968
994
1002
972
999
1011
987
997
992
998
1008
980
976
1004
985
999
1024
1025
1044
1047
1018
1014
1024
996
1023
1027
1003
1003
994
982
968
977
951
965
974
987
1001
1031
1001
1018
1019
1004
1024
1008
990
997
979
992
999
982
989
1004
984
975
993
970
989
1013
1006
1009
1006
983
974
989
983
1005
998
986
977
968
978
963
1006
1037
993
1005
1013
996
1008
1014
985
1001
1037
987
994
1002
970
994
1021
1002
1031
1043
1008
1006
1008
1006
1020
1010
978
987
987
978
997
996
960
980
983
968
989
1018
1002
1007
988
978
982
989
965
971
983
958
970
972
957
974
960
966
972
978
976
973
961
952
971
995
976
966
969
951
959
973
966
976
989
983
996
1012
973
978
988
963
968
972
946
960
962
947
936
946
941
933
951
949
932
956
957
930
935
940
919
929
936
923
930
937
924
945
965
954
941
948
942
927
947
963
946
971
960
944
964
953
927
943
933
913
940
940
930
951
947
947
961
944
953
968
932
941
965
942
951
952
936
949
938
920
930
940
937
951
977
985
1007
1017
983
1009
997
980
967
981
981
1014
1004
1001
1020
989
988
992
981
1010
988
969
987
980
962
970
984
974
985
980
957
980
996
981
994
996
994
998
1002
982
1000
979
950
933
947
942
948
966
968
966
991
969
968
970
943
952
977
962
988
981
957
990
980
970
994
990
1008
1002
979
981
979
962
972
978
964
986
1006
972
982
962
937
954
950
954
982
976
985
987
987
996
1025
991
994
996
975
980
973
957
951
968
950
980
1008
998
1002
1020
980
1000
994
954
957
957
917
914
927
932
905
943
973
968
954
977
971
986
976
966
942
966
969
946
970
968
954
951
954
928
956
948
955
893
851
865
918
918
923
937
912
913
933
941
916
939
954
929
936
942
926
935
940
933
924
932
919
931
952
932
940
945
940
947
943
936
946
922
923
914
908
924
936
940
927
921
907
922
912
913
921
946
936
937
937
929
915
914
900
894
863
824
851
919
940
964
1001
984
1005
1007
966
924
891
843
830
856
920
928
877
834
815
796
780
819
880
885
842
907
965
983
1001
994
1013
984
986
992
1001
1004
1000
975
974
957
896
861
931
1007
1039
1021
1035
1044
1018
1013
997
970
983
1001
975
951
976
961
992
1013
1013
982
988
983
957
981
990
980
978
