806
807
802
784
794
788
779
793
789
778
794
805
793
800
801
782
794
806
779
791
798
795
797
811
782
783
788
783
771
794
793
783
784
780
770
779
785
785
803
810
820
767
730
737
752
777
780
782
794
792
781
798
807
781
777
777
757
771
758
751
775
774
773
762
755
743
712
716
716
723
742
737
740
761
757
751
771
769
768
787
797
780
798
799
779
794
809
799
794
805
787
774
804
798
786
821
815
803
824
830
824
815
825
806
814
821
796
811
828
817
819
820
791
775
788
781
761
784
777
766
773
767
765
768
758
765
770
768
765
799
817
800
803
791
792
800
807
794
816
795
812
812
802
818
828
814
817
832
811
815
809
810
820
814
809
803
804
800
807
802
796
792
813
798
794
803
787
782
783
784
778
787
785
780
795
796
790
796
809
793
802
805
792
793
796
780
767
769
777
768
788
799
775
793
808
788
804
803
799
790
803
788
778
792
786
777
794
794
789
810
798
790
809
791
792
805
781
764
770
741
718
732
757
800
818
819
816
840
815
827
841
830
821
831
807
806
812
793
784
785
790
765
787
791
781
783
770
765
784
803
785
799
796
776
781
790
781
771
782
774
770
781
786
772
814
820
801
809
817
793
806
793
788
811
843
817
805
817
801
804
807
818
808
819
813
796
815
811
796
815
810
805
812
829
810
808
817
789
787
792
778
782
799
808
782
800
804
791
792
792
778
793
791
763
778
759
745
736
721
727
752
768
792
790
775
807
798
777
803
795
768
787
782
767
776
787
772
780
790
787
779
799
802
770
790
791
782
784
795
776
787
796
783
784
810
795
784
787
788
779
783
794
782
779
805
792
770
781
783
769
779
786
783
790
798
821
809
826
828
814
823
822
802
799
811
811
792
812
807
809
817
826
819
828
817
806
820
825
828
812
814
812
804
836
829
795
813
809
787
821
812
797
823
813
798
807
817
810
802
801
792
783
807
797
793
807
815
806
819
816
806
816
821
811
814
817
807
812
822
800
811
825
820
811
813
807
795
806
806
791
810
808
788
792
811
799
799
799
788
800
793
792
761
747
744
772
764
778
783
780
801
806
793
793
809
800
775
790
783
791
821
826
802
826
828
797
829
815
783
803
802
792
809
821
799
806
811
782
791
803
788
794
820
810
798
817
829
805
826
831
815
824
