820
849
859
857
835
808
784
769
766
749
753
768
801
816
846
848
843
824
805
791
776
769
759
748
772
787
785
759
769
768
744
766
787
745
713
700
702
697
719
746
769
754
734
740
743
758
763
783
787
791
792
801
801
813
815
810
793
771
756
752
758
782
795
819
844
834
826
813
787
765
751
751
784
796
833
858
858
860
831
811
787
758
743
733
739
744
748
748
753
764
769
791
807
825
837
818
807
778
757
733
722
708
733
727
762
789
801
785
747
726
736
713
691
719
717
737
752
754
747
763
755
743
745
757
764
757
769
768
765
775
776
815
851
880
881
853
842
828
824
817
830
849
841
836
835
835
849
848
835
818
820
814
820
818
819
803
797
811
809
803
808
806
826
831
829
817
819
821
815
814
837
852
848
836
818
808
806
811
820
842
854
865
849
831
818
808
804
804
801
805
807
801
804
799
815
827
850
841
821
818
819
824
825
845
862
862
849
833
817
815
808
810
823
860
880
868
840
820
807
783
781
780
795
807
834
826
822
824
809
799
753
721
720
736
764
785
802
828
848
866
850
846
835
841
852
853
845
845
842
850
863
856
843
834
829
829
833
838
829
816
816
824
827
822
810
803
808
821
823
816
800
784
786
797
804
810
805
790
792
796
800
819
842
836
829
812
814
816
829
838
852
825
772
751
767
785
797
804
811
817
818
815
813
817
809
818
827
837
840
813
802
796
794
814
821
823
812
809
798
796
803
820
818
812
797
790
779
784
802
837
851
851
835
812
818
823
821
815
811
816
831
836
828
833
824
824
823
825
842
858
839
822
815
801
789
807
816
824
823
814
817
804
806
810
816
818
819
813
790
787
779
775
797
827
842
850
853
850
834
818
814
823
833
841
833
829
823
822
838
858
855
842
830
802
782
732
712
692
694
728
750
773
787
828
836
828
812
788
771
770
786
799
827
823
829
816
811
816
823
829
848
840
819
790
751
715
723
747
773
787
804
829
836
839
817
828
816
822
827
819
807
800
800
807
822
817
832
824
837
849
842
839
818
793
787
785
805
818
817
812
805
801
805
813
827
824
826
822
818
824
812
803
804
798
784
781
772
749
709
726
757
787
780
807
815
837
842
826
803
790
788
798
822
825
820
822
828
839
845
837
824
805
794
799
806
820
822
803
804
805
804
809
