880
883
879
885
898
883
877
903
881
881
881
885
876
863
898
883
880
881
900
900
900
902
900
902
881
903
916
882
900
902
920
901
920
920
903
919
921
921
920
903
904
923
934
903
924
956
919
904
903
898
880
901
902
920
901
922
938
903
882
900
899
921
899
904
920
923
920
919
903
921
881
901
918
902
901
900
920
902
901
919
921
903
902
939
921
914
867
837
800
803
823
838
864
919
940
943
957
942
941
940
922
920
918
903
920
919
881
879
880
885
879
878
900
919
901
921
920
920
921
902
917
902
922
919
921
920
902
919
920
902
901
900
919
899
903
903
919
920
924
918
920
920
921
901
921
940
940
939
940
944
955
940
943
943
921
920
922
919
900
920
919
902
920
922
920
922
939
924
916
901
902
899
901
900
896
886
918
877
885
883
894
900
903
915
907
939
943
940
939
941
921
920
918
922
920
921
923
956
922
943
956
962
938
942
943
920
936
923
937
904
941
938
918
926
940
940
940
943
959
956
943
942
940
936
925
960
940
941
922
939
919
914
909
919
921
917
905
939
923
934
924
921
939
902
921
919
921
915
908
917
902
903
882
900
898
860
824
842
837
863
896
883
918
922
919
882
882
881
881
919
901
919
920
904
899
900
901
897
904
917
922
921
940
941
943
937
942
922
919
920
903
898
900
921
920
922
940
958
934
929
940
935
907
918
902
917
904
935
940
925
937
943
961
937
938
925
940
923
936
922
935
908
940
939
923
939
937
941
926
938
959
955
944
940
943
936
923
922
919
920
938
942
955
946
980
979
978
961
963
959
941
939
940
942
934
928
937
921
924
919
937
922
935
906
938
942
942
958
960
942
960
959
937
940
943
960
940
942
938
936
926
937
923
922
937
924
940
940
939
942
933
926
941
936
924
921
920
902
920
901
898
899
903
902
899
900
882
894
886
881
913
885
903
918
898
897
887
881
880
873
905
886
901
899
901
898
863
880
861
895
885
900
902
920
936
924
916
907
918
921
896
884
880
863
877
865
878
879
882
880
879
884
916
885
879
878
877
864
862
857
864
862
858
878
864
878
881
880
897
883
883
898
879
882
877
863
864
878
877
881
885
902
913
885
895
864
846
819
837
841
860
919
923
936
922
921
939
922
900
918
922
905
916
920
921
930
932
918
901
881
899
919
