1344
1337
1315
1456
1458
1360
1219
1260
1328
1276
1357
1287
1264
1302
1239
1282
1394
1387
1317
1263
1374
1350
1335
1342
1290
1308
1253
1241
1442
1392
1428
1299
1270
1368
1318
1278
1320
1249
1279
1329
1313
1443
1375
1488
1486
1358
1339
1290
1275
1353
1329
1278
1257
1274
1268
1300
1236
1221
1288
1227
1277
1245
1226
1251
1227
1256
1281
1234
1280
1313
1281
1310
1290
1222
1318
1280
1268
1331
1307
1311
1322
1222
1311
1327
1277
1329
1297
1224
1315
1294
1384
1368
1309
1308
1385
1261
1295
1266
1223
1298
1316
1346
1410
1326
1361
1390
1376
1275
1359
1339
1398
1394
1279
1300
1215
966
1003
1287
1428
1324
1230
1227
1216
1153
1268
1320
1275
1365
1318
1288
1397
1356
1312
1327
1290
1388
1474
1373
1383
1323
1336
1446
1363
1332
1410
1341
1631
1507
1444
1438
1444
1505
1414
1507
1512
1407
1459
1451
1360
1445
1371
1418
1437
1425
1449
1414
1434
1513
1459
1319
1340
1382
1331
1388
1342
1296
1384
1332
1346
1323
1241
1315
1287
1192
1338
1461
1471
1428
1354
1188
1241
1284
1211
1376
1343
1266
1352
1292
1237
1321
1283
1234
1313
1347
1285
1321
1296
1248
1350
1323
1262
1270
1295
1410
1315
1218
1179
1300
1255
1147
1240
1243
1173
1297
1263
1286
1266
1205
1173
1267
1267
1201
1300
1284
1235
1346
1280
1218
1281
1274
1189
1298
1309
1237
1262
1248
1249
1520
1394
1347
1309
1239
1392
1390
1326
1423
1398
1441
1422
1400
1391
1342
1277
1328
1360
1463
1535
1414
1296
1468
1690
1501
1474
1338
1519
1519
1374
1335
1314
1223
1342
1328
1240
1456
1350
1314
1405
1278
1201
1261
1282
1259
1355
1381
1379
1456
1355
1386
1530
1411
1591
1472
1468
1485
1404
1426
1376
1311
1438
1513
1475
1447
1345
1459
1361
1450
1541
1419
1467
1379
1403
1629
1454
1399
1367
1315
1449
1323
1304
1261
1213
1311
1343
1301
1372
1299
1205
1355
1283
1272
1344
1316
1322
1313
1257
1201
1330
1307
1224
1297
1323
1259
1419
1291
1312
1346
1380
1432
1444
1341
1386
1382
1398
1529
1473
1450
1449
1400
1508
1472
1418
1368
1432
1412
1387
1490
1422
1313
1114
1250
1640
1455
1384
1264
1308
1312
1225
1410
1386
1361
1355
1334
1331
1346
1398
1395
1484
1482
1423
1374
1455
1398
1389
1397
1379
1466
1422
1344
1418
1390
1330
1397
1327
1347
1452
1389
1298
1448
1367
1448
1420
1328
1411
1395
1412
1413
1415
1369
1412
1365
1396
1379
1338
1411
1436
1367
1470
1426
1367
1425
1365
1379
1431
1424
1410
1382
1432
1521
1451
1382
1328
1343
1355
1331
1355
1332
1326
1351
1326
1373
1385
1310
1386
1409
1399
1456
1456
1356
1536
1458
1486
1489
1354
1384
1399
1313
1392
1355
1359
1409
1380
1306
1389
1426
1347
1398
1409
1400
1280
1322
1443
1318
1394
1351
1353
1420
1373
1328
1454
1252
1272
1370
1346
1405
1361
1317
1414
1400
1347
1412
1417
1294
