1014
932
1024
952
911
917
980
921
921
919
1042
993
919
1024
972
914
915
1027
915
877
879
931
996
1081
918
889
910
942
951
934
906
944
1064
1321
1210
1199
1198
1188
1140
1159
1153
1104
1169
1151
1155
1157
1139
1143
1157
1152
1175
1175
1160
1157
1162
1165
1147
1126
1162
1156
1123
1138
1139
1072
938
899
942
976
1032
916
900
930
954
897
862
903
976
894
873
981
936
895
901
975
905
880
924
936
872
891
967
891
872
955
902
860
883
918
875
865
936
895
858
863
919
869
833
897
897
875
849
934
890
848
913
943
886
865
963
895
857
888
938
881
884
914
952
893
876
982
923
885
889
982
904
899
979
932
889
919
983
908
908
997
916
914
995
946
901
979
932
901
961
1011
920
915
1029
917
922
947
929
894
955
991
908
968
947
906
932
960
950
884
993
930
902
1011
1275
1166
1037
1017
940
959
1027
1065
957
1000
1099
1119
959
1003
1086
1061
1013
1059
967
914
941
1027
942
903
927
947
925
858
935
958
900
894
963
989
904
892
978
966
892
929
977
974
913
959
1002
938
896
994
974
923
866
960
949
906
895
975
915
911
977
999
932
923
902
876
859
899
861
854
964
969
906
933
1025
930
916
940
977
906
919
1020
945
929
1045
1023
931
974
1027
958
1001
1218
1259
1198
1144
1184
988
993
928
933
1058
1068
946
991
944
946
940
1069
1137
937
1009
1037
937
934
948
997
928
939
994
953
904
979
1008
954
972
1135
1288
985
1052
957
971
998
964
973
1036
955
924
994
967
921
928
970
901
930
985
932
925
987
942
909
961
970
916
908
993
925
913
1001
1035
917
937
972
912
909
990
921
874
967
960
932
976
962
921
960
995
927
920
995
931
938
984
933
897
1009
1026
936
981
1021
890
890
858
892
932
936
877
950
1025
921
945
1089
1056
904
960
990
898
931
956
961
880
938
1003
934
938
1017
993
913
932
973
902
877
946
948
902
906
957
934
867
920
958
896
879
961
907
877
912
948
885
869
949
888
882
928
962
899
896
983
913
867
919
952
903
912
974
1036
951
959
990
988
906
932
977
920
878
953
974
942
912
945
956
883
931
999
937
904
949
987
926
920
998
941
893
973
909
870
936
937
884
923
1001
945
915
1002
978
906
945
980
958
895
955
999
936
887
939
933
900
911
968
925
888
965
963
881
919
1012
990
920
1012
1071
951
983
1021
932
993
1084
1032
961
1029
952
979
1047
1117
938
1004
937
926
952
1020
958
