915
918
914
889
885
885
889
894
883
856
849
882
899
870
875
881
891
876
881
894
921
917
930
965
990
982
938
911
928
929
940
924
914
928
924
904
921
932
945
929
912
928
936
929
918
938
955
947
932
921
935
940
919
900
926
924
896
896
906
901
883
890
899
884
887
912
909
887
900
914
926
895
902
917
923
904
911
929
938
917
924
938
924
914
930
945
924
918
950
954
929
929
941
943
916
924
931
910
912
918
943
957
946
938
934
933
911
922
907
901
887
874
884
929
960
957
905
920
973
966
973
948
907
920
917
921
903
924
948
963
960
963
956
967
980
985
969
946
963
975
968
954
972
973
965
946
959
972
966
952
964
965
983
969
943
954
953
950
949
949
962
948
933
953
966
939
916
941
938
923
930
937
939
925
940
963
945
946
957
975
949
955
963
939
923
928
906
898
917
892
857
864
873
880
910
936
915
898
915
919
889
901
911
923
910
931
931
925
912
894
910
918
906
903
914
930
968
984
945
921
935
939
899
899
899
900
910
930
939
929
950
966
936
908
922
930
905
899
907
923
914
922
943
932
911
892
917
927
924
898
899
903
892
891
903
916
910
918
931
938
926
925
939
954
933
928
945
963
942
926
942
947
924
911
939
944
930
930
957
969
943
934
955
952
919
917
936
937
931
946
955
931
923
927
918
900
905
902
891
895
908
904
903
918
920
916
916
936
929
927
931
941
915
886
897
952
946
951
920
890
899
912
905
887
915
939
956
960
971
949
936
962
980
998
971
965
975
976
956
966
977
971
949
967
978
966
969
989
1000
961
946
959
986
978
962
969
991
1001
984
959
966
981
979
960
935
912
966
965
967
939
914
921
934
948
949
951
949
927
916
957
964
972
974
962
956
963
950
932
936
970
992
1004
980
950
971
983
978
975
962
981
981
994
953
939
954
956
960
957
982
987
971
945
938
978
1006
988
966
944
960
974
979
964
938
921
958
996
999
992
973
961
962
977
980
977
964
969
975
971
956
969
976
935
930
969
956
942
954
957
934
924
947
954
931
924
945
958
941
942
974
980
960
974
989
982
961
970
991
1004
992
995
1019
990
971
970
1008
1032
1017
1025
1034
1020
982
993
999
980
966
961
981
992
981
966
976
998
987
967
992
1007
984
992
976
950
965
1006
1008
980
984
1007
1015
970
960
973
985
973
