822
808
827
849
838
819
836
835
819
817
829
810
808
823
817
810
816
815
801
802
811
801
799
818
813
802
822
823
809
825
837
824
831
858
841
841
875
857
851
861
875
864
886
902
868
868
874
850
849
850
832
845
876
867
861
881
883
861
855
877
863
849
855
874
878
873
854
875
886
868
868
889
893
873
898
915
884
895
899
869
870
871
844
842
854
834
826
853
850
858
844
839
872
874
848
866
862
834
842
846
820
820
827
821
809
813
818
801
794
807
795
786
794
807
802
794
814
806
790
804
809
798
789
798
797
789
802
810
798
795
808
801
797
815
826
813
809
827
812
800
809
831
827
825
859
855
845
850
855
835
832
845
825
813
831
829
813
836
842
826
822
837
843
818
829
838
835
825
846
852
841
859
866
854
859
865
852
859
881
870
864
878
870
862
881
872
859
870
876
853
866
876
858
848
865
871
851
866
866
847
849
879
885
863
883
875
860
850
872
878
872
897
914
896
881
920
918
887
908
916
922
883
905
900
871
882
885
869
871
879
861
875
883
876
890
909
896
897
903
891
902
905
875
876
891
861
859
883
869
871
903
902
883
911
898
873
886
883
856
861
870
848
846
870
861
847
869
858
843
862
858
846
863
875
856
870
880
855
861
890
870
857
868
862
853
878
876
859
867
874
864
873
869
851
868
868
858
866
877
861
867
880
870
861
883
890
869
898
894
876
892
899
869
861
877
864
851
873
882
862
872
891
858
855
859
843
830
840
836
824
832
837
827
834
851
837
830
853
840
829
841
852
858
871
884
866
877
895
879
913
895
882
894
900
884
896
899
874
885
896
876
897
911
888
893
910
891
898
910
892
902
915
887
897
912
882
883
893
890
880
904
895
882
906
885
870
883
871
868
874
860
855
864
852
864
891
884
876
892
901
884
915
932
912
898
912
892
891
910
899
879
901
914
888
879
893
905
877
890
899
886
899
915
899
881
899
884
865
891
883
864
880
895
873
876
897
899
885
921
929
911
924
951
921
924
936
900
885
888
858
841
865
838
817
832
838
831
836
846
823
815
814
796
785
785
780
766
760
756
747
738
741
742
731
730
742
733
731
732
733
726
720
728
725
716
719
726
728
732
743
734
727
733
739
728
723
724
725
718
712
715
720
717
717
727
737
738
723
739
747
