1001
989
934
926
953
961
937
947
894
816
812
891
1015
949
897
949
955
897
933
974
970
943
975
997
965
965
984
1015
1010
1075
1082
1026
1040
1019
962
973
1006
992
937
945
982
1032
1016
1043
1032
993
1001
946
907
865
864
917
971
1003
978
1022
1018
968
975
972
932
915
967
1010
986
956
977
943
897
907
940
938
926
993
1029
983
985
942
933
894
915
963
1027
986
970
1030
1042
1001
1002
1024
967
936
960
963
952
1015
1004
970
939
976
987
940
943
982
990
928
927
936
951
978
927
981
982
1008
941
932
939
919
890
947
978
1009
964
974
1002
963
914
911
894
868
872
807
754
823
1018
951
976
1025
1002
956
978
972
897
864
874
939
977
983
1037
1056
1028
1048
1055
1031
961
959
983
1012
996
1016
1052
1024
990
1007
989
959
903
908
922
916
892
950
981
972
953
998
1002
945
937
938
914
902
940
968
951
932
987
984
900
893
884
903
882
890
990
1043
1006
1000
932
842
783
758
850
914
897
859
897
906
884
863
936
977
952
887
887
907
891
875
943
965
934
913
910
886
887
814
757
752
816
922
911
938
964
933
885
906
932
912
909
1025
1077
1078
1042
1070
1013
907
813
820
919
973
1013
1101
1056
1014
1045
1009
919
891
887
873
854
885
909
874
852
843
847
801
764
775
785
868
837
837
822
782
799
779
794
819
819
814
832
841
834
824
806
810
816
835
890
932
874
821
787
743
734
826
958
911
942
985
973
920
933
905
856
912
954
959
1020
1060
1098
1105
1088
995
1016
1016
1017
987
1017
1020
985
924
906
814
762
712
694
743
929
1041
976
960
1066
1065
1005
966
971
969
905
837
856
893
968
948
889
837
960
1040
1048
1010
942
991
1000
992
927
923
923
907
863
857
848
872
893
959
1004
994
1004
993
1014
1019
972
961
968
963
909
907
907
926
964
916
953
973
976
931
892
914
932
907
887
913
954
918
912
947
966
954
910
918
945
955
914
897
918
947
951
898
886
878
841
853
881
885
859
886
882
798
747
719
749
797
837
834
905
918
846
876
894
872
909
945
926
947
989
998
943
973
995
960
916
937
949
941
921
957
979
939
903
912
880
848
822
868
958
986
1027
1057
1038
1014
1027
987
908
860
810
832
854
876
866
926
991
983
918
941
939
923
897
941
981
970
941
962
982
954
964
935
855
826
847
892
912
897
941
961
945
924
921
933
905
897
914
903
850
865
874
903
859
858
905
959
935
957
