965
975
955
942
907
918
907
879
880
893
896
876
888
897
887
876
896
914
879
885
902
905
885
905
920
920
900
954
954
948
925
971
968
946
927
924
923
892
896
916
932
919
933
926
924
901
924
923
918
907
930
924
939
940
899
909
911
923
901
894
917
912
899
899
922
923
939
934
917
921
923
927
917
938
960
976
950
951
977
974
926
917
932
924
907
899
910
923
899
887
896
915
924
896
919
934
894
878
853
856
951
912
875
848
833
817
812
826
850
864
874
885
912
920
932
926
925
933
944
915
937
915
914
900
882
878
916
912
909
883
899
913
923
935
920
893
912
914
916
897
903
915
933
927
932
941
960
926
900
917
920
900
894
908
910
887
897
907
958
939
925
953
945
934
901
897
900
929
988
946
927
951
956
911
936
943
902
887
899
898
879
898
909
925
912
900
916
921
896
894
911
921
918
929
933
935
892
917
925
895
887
912
921
915
920
941
942
906
916
924
902
879
901
912
895
892
915
920
884
914
912
909
885
932
943
953
923
905
944
934
900
918
924
934
924
925
925
909
899
924
934
898
925
928
908
896
923
938
928
935
954
952
934
956
952
930
943
957
946
921
934
946
931
916
944
945
906
932
930
910
903
937
963
956
917
939
938
917
910
924
914
925
932
930
908
909
928
937
985
967
971
965
966
942
909
914
929
914
892
927
937
926
917
955
933
910
908
924
932
922
899
932
942
937
898
910
918
900
891
932
944
922
943
982
987
945
925
940
929
914
913
941
957
930
908
930
931
941
895
900
918
941
926
905
931
933
941
918
929
941
904
883
870
866
922
939
923
925
883
871
893
916
934
943
947
959
954
943
945
954
980
992
939
963
953
948
905
938
955
968
944
975
982
971
938
960
958
942
922
933
935
954
958
936
968
962
977
975
957
998
984
949
931
957
958
921
943
961
961
951
967
972
958
922
947
975
1012
994
988
1002
1006
965
982
1007
1003
980
950
973
968
944
940
980
968
932
927
951
973
939
942
950
938
922
963
954
947
937
979
981
957
928
947
943
917
907
940
956
952
939
961
988
978
958
974
970
959
952
972
979
932
906
920
929
904
917
938
925
900
906
921
967
969
929
945
968
964
970
933
953
958
948
903
893
913
955
928
920
940
943
908
953
969
949
942
968
963
944
937
969
966
934
929
974
