906
891
892
895
904
900
899
914
922
883
839
836
862
879
896
909
925
932
907
905
914
914
913
896
825
792
770
742
728
737
806
861
893
842
845
891
922
943
948
947
942
952
957
972
971
980
964
933
918
923
924
919
907
908
912
904
897
906
911
925
918
916
925
918
924
916
918
917
921
922
928
920
910
917
899
889
879
876
871
855
841
855
862
868
907
941
954
921
928
945
955
946
934
948
959
977
964
971
969
961
952
921
893
903
909
923
917
883
840
873
886
902
932
948
942
936
948
957
933
925
929
932
904
905
914
918
920
908
929
932
939
932
921
939
941
942
923
929
936
940
923
920
929
925
929
920
915
919
924
933
912
926
942
951
951
938
937
939
939
914
906
907
917
917
901
911
921
916
904
908
921
929
916
919
935
936
865
868
907
928
941
945
942
916
898
916
941
945
925
920
931
939
930
928
935
944
950
947
963
976
977
952
948
965
971
972
953
935
936
940
966
947
933
937
948
953
951
954
956
950
932
908
904
911
901
863
834
816
837
852
868
875
871
889
886
874
867
862
894
914
934
933
924
946
946
959
942
941
954
947
936
919
932
947
953
955
940
943
949
933
896
867
887
902
892
873
902
910
895
883
905
910
902
889
913
926
933
904
905
910
915
915
914
930
951
936
899
872
884
909
913
917
911
910
905
906
901
892
890
900
882
905
929
928
932
918
888
891
907
917
928
944
916
934
927
910
916
927
940
939
925
933
928
927
875
902
933
947
962
974
983
973
967
968
962
966
959
920
891
899
921
917
892
912
926
920
902
917
937
942
926
932
948
952
951
946
959
969
955
937
902
893
898
901
914
926
923
935
939
953
994
1003
1020
1034
1033
1039
1035
1005
1003
1001
997
1001
998
971
958
968
985
995
986
961
967
980
988
968
944
956
991
995
988
992
1004
988
974
973
931
867
874
906
914
895
897
924
941
924
891
897
900
897
880
902
914
921
921
943
909
907
899
886
879
872
867
843
826
834
842
865
867
872
867
826
846
847
864
881
886
863
877
881
866
877
886
888
880
871
864
859
867
862
863
874
867
871
628
1077
859
863
854
851
849
846
864
866
814
813
817
821
826
838
841
832
814
793
805
823
842
823
839
853
857
857
836
850
838
820
845
863
879
891
879
851
828
830
834
832
831
846
855
867
867
860
827
824
