822
831
867
871
860
841
862
837
829
825
803
781
817
839
819
815
818
809
812
816
831
825
830
851
851
834
841
860
831
809
829
855
849
860
872
848
854
878
872
836
878
874
851
870
851
840
870
908
869
874
884
862
823
851
853
849
867
896
859
843
848
861
833
851
873
867
845
868
889
882
858
866
835
841
863
877
844
853
847
842
884
901
878
849
870
895
885
868
897
875
847
857
883
845
863
872
851
856
873
851
845
885
868
906
875
886
882
873
874
881
829
851
860
860
833
880
875
873
885
883
860
870
874
845
872
914
896
880
878
887
860
847
865
867
827
842
885
848
813
855
878
848
884
912
867
829
880
878
864
875
885
878
878
870
829
830
883
878
849
858
888
873
848
840
871
842
835
886
877
838
883
877
833
829
873
877
849
877
884
868
839
863
871
835
835
843
860
820
862
898
873
843
869
868
860
868
874
858
820
857
902
902
890
878
913
872
847
873
872
836
858
909
932
893
824
810
778
774
768
751
716
699
732
767
770
772
798
764
763
782
794
785
809
831
822
817
852
858
830
856
874
914
903
884
894
878
857
896
915
880
878
905
885
864
881
882
878
880
886
870
862
833
828
821
812
868
869
862
868
924
870
829
834
839
831
830
854
863
831
863
917
900
861
865
850
838
843
892
933
909
913
955
918
877
898
862
836
837
861
871
887
923
894
861
875
918
898
826
850
863
874
923
957
911
884
882
866
835
862
881
898
871
893
933
919
878
856
913
911
881
887
913
891
861
865
899
872
815
840
858
859
837
868
906
865
861
897
898
881
872
893
896
918
934
933
867
870
881
902
864
913
929
979
878
870
879
874
841
900
944
933
872
877
917
899
883
915
943
932
918
857
860
902
862
875
874
848
808
843
885
885
850
876
938
893
838
874
885
874
882
927
915
860
836
884
909
859
829
882
917
904
913
950
902
849
886
917
868
844
885
915
919
882
886
904
848
843
907
930
950
901
897
900
880
860
890
896
879
919
955
954
893
887
901
885
865
856
872
860
851
840
881
865
796
770
757
736
734
711
695
681
702
724
749
792
771
812
827
825
862
895
875
857
867
893
861
872
900
890
870
916
916
879
844
871
907
876
869
926
908
870
907
917
891
885
931
934
903
893
932
896
855
882
933
928
872
862
888
879
874
874
881
