894
905
924
936
926
893
892
950
942
968
970
909
885
889
905
904
897
929
935
897
878
883
924
945
975
965
954
921
914
926
924
917
906
910
882
868
880
935
959
938
933
936
907
879
859
857
878
908
910
892
852
894
945
942
923
932
926
920
907
912
923
911
913
907
918
894
892
935
960
955
930
877
854
894
901
918
908
864
854
859
852
843
826
819
851
854
822
787
772
778
778
773
762
768
852
923
917
907
890
861
823
837
824
806
814
792
773
807
831
845
831
822
838
855
853
872
856
846
886
888
899
909
870
865
893
899
895
857
850
861
888
910
886
861
917
920
934
903
875
854
874
896
928
937
909
865
840
868
883
902
872
849
887
890
889
873
869
848
851
893
917
900
855
843
866
871
878
843
851
896
927
916
909
911
875
861
888
887
888
898
897
865
903
930
925
921
883
873
931
949
940
897
857
848
871
894
897
871
891
945
942
927
877
877
900
913
910
877
865
868
884
916
907
884
861
867
877
885
894
866
872
875
896
874
856
851
878
902
904
879
846
846
870
876
869
858
879
898
899
879
860
888
899
906
882
861
897
923
920
886
863
906
925
924
889
869
931
924
905
880
887
927
931
936
930
892
855
894
922
940
943
894
873
900
899
893
858
838
856
886
904
903
870
860
878
880
865
864
877
905
899
855
828
836
841
850
856
841
845
859
869
847
842
876
890
862
821
794
778
825
882
897
909
891
851
854
854
847
855
855
829
822
861
866
878
861
853
873
871
865
859
832
848
854
865
847
816
818
816
824
820
810
837
846
856
835
829
841
847
844
829
831
845
863
833
826
836
852
849
831
836
870
867
881
860
868
869
864
845
823
841
851
870
858
836
862
878
901
892
842
842
849
852
859
873
912
932
927
896
910
915
912
877
852
878
949
943
885
858
856
899
906
898
877
861
868
812
789
816
864
848
847
893
921
899
893
910
908
869
848
853
845
843
853
876
885
895
897
874
864
879
871
872
856
844
861
871
879
871
854
850
867
877
882
883
877
885
895
892
870
859
877
886
899
892
879
873
893
900
894
875
858
872
881
886
885
877
888
894
884
869
853
876
879
858
825
837
875
879
858
847
838
872
884
875
871
880
905
909
891
862
873
906
940
948
905
872
888
904
907
867
863
880
879
873
854
898
920
945
889
871
898
