1113
1083
1039
1047
1080
1082
1069
1049
1037
1050
1071
1052
996
1003
994
995
992
1005
1018
1016
1016
1013
1034
1045
1064
1093
1199
1193
1154
1167
1163
1112
1064
1081
1107
1120
1102
1079
1094
1105
1088
1040
1119
1154
1156
1138
1147
1141
1156
1128
1140
1163
1160
1168
1156
1136
1125
1125
1072
1064
1062
1130
1149
1177
1127
1091
1098
1125
1120
1098
1074
1091
1115
1110
1087
1095
1123
1129
1114
1105
1097
1094
1104
1122
1103
1063
1082
1328
1221
1160
1137
1129
1117
1083
1086
1113
1111
1124
1105
1101
1150
1137
1128
1150
1132
1121
1116
1102
1109
1102
1095
1117
1134
1124
1138
1122
1113
1128
1139
1132
1150
1146
1094
1071
1096
1121
1071
1018
999
993
994
1007
1015
1013
1060
1154
1203
1185
1146
1160
1142
1149
1150
1141
1119
1092
1085
1095
1088
1068
1054
1069
1121
1144
1137
1122
1104
1078
1084
1098
1089
1088
1075
1069
1090
1097
1100
1086
1114
1121
1124
1128
1105
1085
1108
1104
1098
1119
1130
1127
1130
1129
1135
1131
1144
1149
1138
1080
1061
1090
1110
1148
1126
1087
1083
1110
1118
1108
1122
1126
1128
1124
1120
1122
1120
1123
1117
1115
1093
1093
1140
1176
1173
1129
1119
1158
1154
1136
1144
1131
1124
1114
1118
1119
1111
1112
1119
1120
1107
1126
1143
1128
1093
1070
1105
1147
1157
1129
1114
1085
1097
1109
1116
1099
1118
1137
1138
1118
1127
1140
1150
1112
1097
1142
1139
1143
1148
1148
1136
1127
1129
1131
1133
1128
1129
1115
1069
1045
1057
1083
1102
1083
1072
1088
1077
1020
1259
1165
1168
1135
1109
1113
1121
1128
1129
1125
1128
1129
1140
1153
1138
1102
1118
1130
1143
1106
1032
1029
1054
1082
1075
1134
1231
1232
1204
1183
1169
1154
1141
1139
1113
1087
1070
1082
1097
1089
1174
1141
1069
1039
1101
1166
1150
1144
1145
1134
1132
1114
1089
1101
1096
1101
1114
1108
1112
1118
1131
1135
1129
1124
1142
1134
1130
1122
1121
1118
1122
1116
1130
1118
1113
1135
1142
1124
1156
1162
1163
1158
1171
1149
1171
1131
1150
1133
1105
1119
1117
1083
1199
1121
1073
1077
1155
1167
1139
1116
1092
1107
1135
1132
1128
1113
1120
1111
1108
1104
1072
1087
1090
1087
1084
1072
1075
1099
1105
1124
1134
1137
1130
1135
1115
1085
1102
1113
1131
1139
1107
1103
1125
1149
1142
1144
1148
1142
1135
1134
1136
1138
1146
1159
1129
1126
1138
1119
1133
1084
1060
1082
1148
1160
1153
1125
1100
1114
1126
1103
1092
1119
1142
1131
1140
1153
1136
1126
1125
1123
1136
1127
1121
1126
1133
1125
1113
1108
1085
1096
1135
1168
1143
1114
1130
1141
1150
1159
1181
1176
1172
1159
1163
1154
1161
1157
1165
1152
1152
1131
1151
1155
1121
1211
1132
1085
1079
1117
1128
1111
1111
1117
1075
1077
1079
1108
1112
1108
1081
1091
1109
1104
1106
1131
1129
1138
1139
1137
1140
1140
1137
1124
1133
1130
1127
1152
