755
748
750
674
788
761
771
777
766
756
758
759
757
756
755
730
693
677
767
735
734
761
758
776
760
760
749
753
735
752
764
795
781
780
790
784
792
770
772
780
789
790
809
818
837
809
799
780
766
759
749
753
797
856
847
812
812
811
786
762
769
716
755
698
755
703
777
754
743
715
774
762
766
766
766
766
770
764
764
728
788
782
775
772
776
784
781
771
767
775
778
794
794
796
798
793
783
779
795
793
785
770
781
781
774
782
769
816
822
824
824
821
808
793
739
777
754
765
780
783
787
803
811
799
788
781
775
737
770
709
719
761
790
824
797
746
686
744
704
713
748
753
753
752
720
786
768
763
778
770
738
783
757
753
760
753
788
800
796
783
809
824
791
762
795
737
769
720
772
760
768
803
811
806
823
833
804
780
764
774
765
766
759
772
789
813
825
810
792
793
792
785
793
788
804
799
788
788
810
819
802
764
784
761
768
758
785
794
822
807
814
793
802
776
714
699
805
825
819
805
763
746
725
731
727
738
749
766
763
769
737
687
666
667
674
681
710
677
715
681
677
682
721
663
724
682
740
748
772
756
758
710
753
709
774
763
774
784
781
796
808
795
774
796
804
787
778
772
781
774
784
773
785
780
782
789
801
823
802
794
808
805
787
791
776
792
785
793
811
835
838
843
824
780
778
767
756
765
778
803
829
823
826
809
814
787
779
777
757
744
771
755
764
735
774
753
773
775
776
785
781
766
763
755
765
767
765
769
767
773
778
778
765
781
780
774
752
710
769
754
769
764
759
757
765
750
774
761
759
763
760
781
777
763
757
744
684
674
731
730
733
760
764
762
749
761
739
757
749
762
766
815
828
852
850
835
836
830
795
773
723
733
751
753
765
799
803
803
788
758
713
748
762
918
923
892
840
811
782
762
763
767
779
778
787
781
786
780
762
744
737
752
720
691
664
736
734
734
758
756
755
755
744
743
754
761
747
724
701
671
678
684
715
722
752
799
839
821
809
804
806
810
807
802
797
799
796
795
794
803
797
815
820
825
819
808
803
810
815
806
799
787
797
791
794
802
814
821
822
812
818
805
792
779
770
768
782
805
804
817
837
824
804
798
794
782
753
752
779
778
781
784
784
784
819
807
803
801
791
780
755
755
776
757
740
767
747
777
783
776
766
742
