842
824
818
822
829
832
825
847
865
894
906
922
952
920
933
941
957
935
925
890
874
904
987
1000
981
998
984
970
921
919
943
917
900
861
859
867
890
929
952
916
947
947
946
891
904
914
916
924
935
891
875
862
836
847
855
862
845
809
829
865
887
911
920
867
873
903
936
971
910
907
914
905
894
927
946
942
932
927
908
861
880
879
905
893
932
924
933
907
923
966
976
967
946
930
902
915
923
890
905
910
909
900
899
879
857
877
917
893
929
931
970
958
959
918
878
829
848
845
857
866
899
910
921
876
903
920
929
931
947
937
935
913
915
931
933
924
890
907
901
836
861
861
817
819
837
869
853
915
944
960
963
911
920
925
914
910
913
913
882
877
886
885
882
889
900
891
887
850
825
839
860
923
926
942
972
967
954
901
881
898
905
939
1036
1034
1032
989
951
929
890
901
916
898
996
1007
958
927
919
883
876
859
844
849
861
892
906
887
901
920
908
896
913
921
908
874
889
899
880
916
919
921
916
929
929
898
911
925
957
956
993
976
931
950
947
935
894
906
921
950
964
924
963
970
938
934
951
976
936
945
954
968
930
904
891
853
840
877
926
910
920
962
1001
983
929
916
915
937
953
895
903
912
928
948
893
922
941
950
914
947
955
960
917
918
935
974
968
927
947
945
897
908
923
944
902
954
1003
1001
1002
972
938
933
958
989
998
953
975
968
954
921
931
932
907
883
919
931
944
908
934
951
964
936
932
921
884
835
834
832
858
889
902
925
926
939
948
964
928
977
1000
1006
996
945
941
937
947
952
920
908
935
964
984
998
938
916
921
943
974
948
918
931
948
945
921
941
937
940
886
889
907
919
965
916
910
926
949
924
927
953
949
913
942
953
966
922
890
892
913
943
887
921
939
913
878
846
832
815
819
834
827
827
842
876
924
945
1031
1042
1025
978
977
953
957
949
944
957
948
951
913
929
955
982
963
921
904
931
951
965
960
926
905
920
955
957
902
912
927
949
960
925
946
946
970
825
1223
957
964
953
877
889
887
894
915
890
896
908
942
962
921
933
921
915
929
891
905
929
946
904
893
911
911
953
966
933
939
955
958
908
902
907
920
922
870
878
887
901
898
887
908
926
933
895
902
927
960
944
910
924
927
944
945
913
943
946
908
871
870
905
888
891
885
849
856
869
889
913
