1095
1075
1051
1100
1051
1080
1077
1061
1077
1098
1053
1045
1049
1151
1139
1116
1087
1109
1139
1107
1082
1047
1072
1139
1069
1120
1073
1069
1089
1143
1108
1081
1092
1125
1121
1095
1076
1154
1132
1139
1089
1083
1109
1135
1127
1069
1094
1095
1058
1073
1061
1090
1044
994
943
567
1375
973
981
1029
1069
1154
1117
1158
1107
1114
1133
1120
1089
1072
1098
1086
1087
1072
1059
1140
1102
1141
1089
1121
1118
1117
1159
1101
1056
1107
1055
977
978
1078
1065
1047
1067
1120
1145
1118
1134
1124
1103
1118
1137
1105
1118
1166
1184
1219
1136
1116
1148
1134
1134
1164
1090
1093
1122
1110
1090
1101
1078
1105
1110
1124
1137
1111
1095
1092
1060
1034
981
966
1132
1097
1027
1037
1101
1088
1077
1073
1116
1095
1097
1083
1124
1108
1105
1077
1121
1103
1095
1076
1132
1171
1188
1132
1071
1132
1104
1121
1085
1073
1164
1174
1178
1166
1096
1109
1108
1105
1068
1068
1079
1087
1059
1065
1090
1175
1129
1115
1124
1082
1106
1133
1444
1302
1237
1130
1095
1078
1073
1077
1091
1098
1095
1135
1086
1062
1044
1025
1015
1019
959
939
1072
1100
1019
1057
1106
1084
1074
1078
1107
1133
1139
1179
1107
1088
1111
1118
1093
1074
1075
1118
1110
1093
1053
1057
1069
1080
1075
1096
1058
1113
1052
1036
1022
1028
1074
1066
1096
1096
1061
1041
1109
1165
1133
1081
1098
1119
1072
1095
1101
1110
1099
1073
1109
1099
1053
1050
1102
1137
1155
1070
1047
1059
1143
1082
1113
1153
1049
1068
1125
1115
1086
1092
1048
1055
1118
1063
1079
1045
1076
1070
1079
1082
1049
1056
1062
1095
1059
1057
1041
1080
1047
1081
1182
1180
1137
1096
1121
1169
1346
1224
1127
1092
1088
1036
1067
1147
1090
1059
1115
1081
1107
1056
1088
1129
1092
1028
1023
945
1079
1058
1035
1072
1080
1054
1050
1046
1086
1107
1087
1129
1115
1072
1079
1121
1079
1073
1106
1120
1086
1109
1126
1102
1108
1122
1149
1128
1127
1071
1052
1067
1074
1132
1073
1052
1073
1065
1085
1093
1085
1115
1062
1054
1055
1046
1024
1024
984
988
923
991
999
1074
1048
1019
1040
1076
1083
1089
1087
1102
1103
1083
1045
1143
1126
1045
1082
1086
1058
1100
1095
1082
1048
1043
1051
1079
1028
1054
1215
1208
1134
1233
1217
1152
1107
1068
1101
1077
1068
1064
1059
1083
1101
1088
1239
1132
1091
1067
1099
1073
1079
1063
1072
1101
1236
1303
1234
1152
1097
1086
1069
1066
1052
1028
1067
1118
1118
1075
1124
1136
1144
1091
1071
1064
1052
1080
1070
1068
1078
1068
1079
1078
1062
1040
1063
1079
1043
1002
1040
951
965
1037
1007
991
984
995
1009
1018
1020
1037
1045
1066
1061
1056
1064
1050
1080
1063
1060
1079
1085
1058
1054
1075
1073
1052
1060
1073
1082
1063
1086
1070
1085
1115
1072
1079
1132
1107
1087
1129
1100
1120
1085
1081
1130
1069
1045
1055
1076
1058
