1030
1027
1014
1018
1017
1015
1003
1003
988
991
970
982
968
942
937
935
943
947
957
958
983
1008
1019
1019
1030
1039
1041
1030
1034
1022
1009
1006
1015
1016
1006
1001
992
991
994
995
988
977
959
959
949
943
946
943
940
941
951
958
964
980
991
988
996
1003
1027
1025
1020
1024
1025
1024
1008
1014
1003
1007
1001
1001
991
995
995
992
982
974
968
966
977
990
975
965
977
970
962
970
969
974
986
992
989
987
990
988
987
975
995
1002
1004
991
979
975
975
958
954
955
945
938
932
936
935
926
926
934
938
934
927
943
938
951
956
968
976
967
956
953
939
924
919
920
912
910
903
913
907
897
902
906
902
904
895
899
896
888
886
890
888
887
882
904
920
920
918
919
922
915
904
909
917
919
918
923
932
936
935
944
944
937
934
931
933
922
918
929
934
945
942
965
977
979
970
960
950
940
944
930
933
928
926
922
921
915
903
901
915
932
942
949
963
968
963
956
957
954
951
948
947
945
942
937
943
938
938
936
943
939
936
931
939
939
942
941
952
979
974
974
993
1002
1014
1007
1010
1001
998
1003
1018
1020
1004
1004
995
991
1002
1009
1018
1013
1026
1036
1050
1033
1024
1012
1000
996
984
977
982
989
987
985
983
994
986
982
984
986
983
985
993
990
990
983
990
991
985
980
1003
1000
1013
1012
1014
1019
1011
1001
991
981
975
970
967
966
964
961
961
961
962
955
963
964
955
948
949
950
955
951
962
964
965
974
982
1007
1010
993
1004
1003
1005
994
999
995
991
982
986
994
987
987
1009
1017
1031
1022
1024
1022
1023
1011
1029
1028
1015
1004
1004
998
986
982
982
976
978
975
978
982
980
989
997
1003
1003
997
1002
1005
1023
1013
1014
1013
1010
998
1002
1007
999
995
1005
1001
993
983
982
992
990
976
987
1003
1004
997
1002
1008
1009
992
981
978
971
964
968
972
967
972
975
977
980
971
970
975
971
964
964
963
958
947
949
953
952
954
968
985
987
988
992
997
989
977
981
990
1000
997
1017
1037
1046
1047
1058
1076
1075
1060
1051
1032
1002
985
979
975
982
969
985
983
967
956
964
954
940
927
926
926
926
930
938
942
945
938
938
939
936
929
924
927
937
956
956
959
956
954
956
951
982
989
989
1012
1030
1025
1038
1040
1020
1001
988
950
933
910
908
917
923
917
924
939
943
955
957
958
978
974
975
971
961
967
984
987
1014
1012
1007
1008
1009
1013
1007
1013
1015
1008
1014
976
956
957
940
928
937
946
960
970
