979
977
992
1001
993
978
973
994
1002
996
996
980
969
976
978
978
978
981
980
972
973
993
994
987
975
977
985
985
989
983
981
1005
1003
1007
1009
1012
998
972
958
974
967
963
951
969
985
985
980
962
947
980
983
991
985
980
958
969
969
972
983
975
964
995
994
999
976
948
988
989
987
971
984
985
988
980
976
1007
1009
1009
980
967
1030
1005
1002
1001
999
982
981
997
1010
1013
1019
995
985
1010
1003
1006
1012
1010
1003
969
998
994
997
996
979
973
985
979
988
965
951
973
974
980
957
967
988
993
975
953
1012
1005
1014
975
1020
1007
1004
959
1011
1008
1004
988
971
995
1004
1002
965
997
988
958
964
983
995
992
984
992
996
985
978
974
966
958
938
920
953
952
975
986
984
938
1002
979
968
955
934
974
958
960
951
955
972
986
998
970
968
979
980
1006
964
982
972
980
976
958
972
983
1005
988
954
970
971
991
973
944
970
961
970
949
969
988
994
985
957
953
976
978
980
950
982
987
989
990
944
933
981
966
973
992
981
992
1086
1054
1053
1040
1011
989
1023
1023
1025
1044
1024
1008
1030
1040
1046
1056
1048
1009
1044
1027
1019
1010
984
975
995
998
1000
986
991
978
982
985
977
966
980
981
979
979
969
966
971
978
985
991
982
1008
1002
999
994
977
981
990
990
988
975
953
973
964
962
966
992
1010
1008
973
978
972
971
965
983
987
998
989
974
988
995
990
985
963
961
975
981
988
983
965
983
989
987
980
970
986
983
989
991
971
962
979
981
991
989
1001
1014
1020
1014
999
960
946
960
974
974
975
1009
1003
967
977
977
964
942
986
975
973
950
974
982
977
973
988
984
976
976
988
993
985
950
963
963
966
961
951
975
983
993
966
957
973
973
986
964
1011
1011
1021
1013
992
1012
1013
1005
983
995
995
1002
1001
1002
1017
1015
1011
998
1011
1020
1030
1021
1000
1022
1016
999
983
992
986
973
960
973
971
979
973
979
1001
1015
1023
1017
989
991
994
1005
1008
973
1009
1002
993
984
995
993
966
990
991
983
968
985
998
999
989
1014
1031
1018
994
1016
1011
1011
992
988
1015
1024
1029
1005
1015
1014
1028
1027
1035
1023
992
1007
1009
1005
1014
1031
1008
1018
1012
1014
988
972
989
991
965
961
983
994
983
1005
1002
996
992
1006
1023
1032
1046
1057
1013
1031
1011
988
960
991
999
973
984
993
998
981
969
991
997
980
1004
1001
989
950
989
980
970
972
993
1001
991
998
1005
1008
984
1002
1010
1018
1022
1021
995
