987
1004
917
947
996
925
988
1024
960
1015
1041
976
1010
1006
951
959
944
887
940
984
923
962
1033
948
968
961
882
897
911
864
871
918
912
880
957
970
882
887
922
902
982
1045
963
1014
1020
953
968
974
900
919
966
931
865
888
911
890
937
1021
984
998
1014
958
889
948
1024
976
950
1021
1021
934
958
959
894
902
916
932
871
885
950
959
912
981
1070
968
962
995
984
918
971
1040
1011
943
982
1011
918
996
1036
992
955
957
961
955
1021
1051
932
887
926
942
903
944
1008
962
954
974
912
874
920
927
864
888
960
962
919
1004
1026
952
925
919
925
867
911
976
942
920
994
972
869
898
921
907
920
964
933
874
889
901
855
853
855
841
835
881
912
870
916
926
870
840
849
858
847
826
851
871
863
826
878
880
833
831
857
836
826
863
875
849
885
917
867
878
896
857
838
867
850
827
869
903
866
907
937
895
903
911
890
881
936
968
892
960
994
986
904
924
942
875
892
922
923
884
940
998
940
868
896
919
862
859
907
938
891
933
997
937
900
930
937
868
906
934
903
891
921
907
861
890
915
928
885
907
922
879
867
888
871
856
903
952
912
972
990
901
922
943
895
897
954
958
909
962
990
911
914
964
926
944
1020
1007
990
1084
1083
994
983
1032
955
890
935
975
1011
992
922
928
970
933
863
881
990
1066
950
1032
1065
956
989
981
905
919
955
921
894
920
941
884
883
883
896
883
933
1013
971
973
1020
1004
940
950
914
837
829
830
821
812
867
1067
1022
928
951
932
885
932
974
882
901
891
814
814
790
767
748
752
750
758
778
801
819
789
792
821
811
768
767
782
794
780
803
849
865
834
877
888
837
827
842
840
800
816
838
888
855
877
901
916
834
833
797
791
770
755
767
829
799
833
884
942
890
886
927
949
909
874
918
941
935
923
954
993
925
966
1016
965
912
943
981
902
914
966
970
905
971
1058
948
966
984
931
918
997
1070
1038
1006
1032
1061
979
997
1035
1043
993
988
991
926
874
933
1045
1039
966
1016
1025
977
923
954
1015
1017
916
958
1009
981
915
918
934
892
899
976
1026
986
947
964
965
906
974
1039
1007
910
941
925
951
890
931
945
866
836
858
885
860
924
982
937
919
1014
1009
889
909
912
864
863
908
915
868
887
890
867
894
990
1055
1000
1018
1027
936
948
934
894
864
915
1015
956
961
1021
952
882
913
935
915
856
900
973
969
