848
842
813
839
841
843
829
798
804
809
829
829
820
796
792
815
840
858
845
828
838
844
861
858
836
843
849
881
892
849
868
877
881
882
883
865
898
883
875
862
868
894
883
857
855
885
877
874
867
888
894
879
854
871
882
882
853
860
891
902
889
834
805
775
737
768
805
821
837
855
874
868
841
821
825
844
853
846
833
850
847
868
844
817
839
865
866
875
871
885
904
912
896
859
857
852
878
863
840
834
896
892
880
851
879
880
856
820
849
877
860
858
872
889
910
876
869
886
893
896
860
850
864
895
895
883
915
930
935
933
920
956
944
927
883
846
808
856
927
935
932
872
830
837
831
847
843
807
793
782
778
779
770
737
710
722
737
733
752
788
800
804
795
781
783
797
812
819
814
809
777
795
814
842
821
807
788
809
842
868
852
814
812
838
852
879
864
849
854
873
897
860
855
864
887
901
898
854
879
875
893
877
896
907
922
895
870
869
893
887
884
871
898
914
930
901
875
896
888
902
879
879
912
938
958
926
897
906
933
949
931
926
921
936
964
950
905
831
794
833
928
997
982
910
904
882
850
786
751
714
720
766
830
871
859
818
837
853
865
851
847
863
887
893
866
853
881
913
908
879
873
892
912
920
919
907
927
942
935
889
855
861
902
935
945
917
895
931
924
922
904
875
906
919
927
927
891
809
848
898
930
936
919
953
986
973
939
919
941
929
919
906
891
920
937
953
937
932
955
957
951
898
820
812
814
789
762
816
838
868
941
963
910
874
854
864
878
858
845
832
829
823
804
810
817
848
887
911
902
882
857
839
838
853
867
844
839
818
836
853
868
860
837
823
845
866
883
882
877
899
890
904
885
866
894
934
931
913
858
844
875
877
816
771
804
781
744
759
729
732
750
739
711
732
739
680
676
689
686
693
683
681
694
706
711
692
710
748
774
799
771
747
718
740
762
760
758
737
700
748
723
723
718
761
805
801
792
779
783
774
779
742
721
708
689
695
697
686
724
781
795
784
758
762
714
675
681
655
630
660
642
631
598
629
612
610
602
595
589
584
583
578
581
577
576
584
578
580
595
598
600
595
597
596
593
600
585
590
594
592
602
614
623
639
652
659
662
691
680
695
673
675
672
664
659
654
662
661
676
700
712
708
732
701
726
755
767
787
789
802
794
789
