989
977
978
969
967
986
958
939
918
908
935
942
937
919
923
933
945
928
936
963
975
988
989
959
973
954
993
984
964
965
967
975
958
964
964
949
936
938
971
974
980
961
949
940
953
953
955
970
955
971
953
963
978
995
1012
992
958
913
868
881
898
929
928
920
926
943
960
974
948
961
952
964
980
977
964
986
976
992
992
993
972
959
963
984
978
967
962
965
969
962
960
956
960
938
944
934
945
964
947
944
932
949
939
930
923
960
951
950
938
934
948
952
950
973
968
955
964
952
912
895
920
921
902
935
949
924
934
910
922
964
993
977
955
945
935
916
915
911
911
913
910
904
876
901
893
897
901
911
921
906
891
890
900
900
888
881
887
886
890
893
923
939
935
933
949
954
935
930
916
918
918
910
917
941
907
911
912
925
925
910
893
917
916
909
893
897
931
940
925
919
928
913
913
952
961
970
987
968
975
976
992
981
984
980
972
961
948
953
958
945
945
945
943
926
911
911
945
945
945
928
922
944
931
945
945
944
965
981
994
993
970
981
970
957
948
963
946
933
952
965
950
939
973
961
934
943
974
964
940
939
955
989
975
999
970
965
960
976
958
949
952
947
934
934
950
948
917
939
937
938
934
944
956
955
931
954
927
923
925
949
928
938
961
973
958
956
959
984
985
967
968
979
981
972
957
957
942
941
938
927
927
938
957
950
952
966
964
928
939
953
936
948
975
961
960
978
998
965
968
980
981
974
995
989
985
975
992
996
988
1000
1041
1014
1002
991
1000
1016
1007
1004
996
993
971
974
976
973
985
987
993
1017
1004
979
981
989
1001
1003
983
982
963
949
966
960
942
942
930
908
935
930
923
932
931
926
928
927
935
930
923
913
899
896
887
861
847
835
829
842
836
837
845
839
831
829
835
829
837
849
834
832
841
840
842
850
856
868
869
880
893
897
890
865
850
844
870
868
868
893
925
938
921
943
943
944
964
959
968
954
972
1003
989
991
972
960
960
974
989
1001
1017
1020
1004
997
991
974
964
974
971
948
952
964
967
967
982
951
928
935
941
939
932
936
941
940
942
964
976
973
969
943
886
877
898
928
951
947
942
938
938
929
933
948
944
942
963
991
967
955
942
929
918
925
925
933
928
924
947
937
924
906
917
941
947
936
944
964
968
955
961
965
960
954
957
959
946
955
962
961
