870
902
914
923
894
933
902
892
872
903
899
861
867
885
916
881
867
895
898
903
882
900
918
919
876
902
900
900
889
915
911
905
922
923
930
908
900
909
907
894
895
890
882
862
862
887
891
915
865
892
890
877
890
908
900
884
873
857
872
877
878
873
883
888
897
875
847
858
857
861
827
840
812
819
867
880
872
889
913
900
871
885
891
899
870
890
894
858
852
870
863
854
849
868
872
863
868
889
892
885
875
897
901
874
893
904
924
923
913
872
858
857
871
867
831
878
885
864
875
895
880
886
874
883
886
893
879
889
896
911
869
884
893
882
896
910
890
882
858
845
856
864
876
849
854
824
810
816
853
854
863
862
854
882
879
883
880
845
857
879
894
867
866
889
906
887
858
892
883
879
900
927
912
938
923
922
905
929
926
900
885
902
896
880
897
912
890
883
913
908
900
893
904
917
881
861
916
923
906
874
893
908
910
880
907
923
915
887
915
922
887
893
919
936
908
892
927
915
868
910
917
905
879
896
920
923
918
918
927
922
895
916
928
930
892
919
921
912
886
907
918
899
894
910
916
898
886
900
928
890
916
926
930
946
962
940
922
941
924
902
927
941
935
901
922
945
946
910
911
931
939
936
906
931
923
925
863
851
868
848
808
818
859
891
872
860
870
886
866
863
866
863
868
882
879
859
873
849
856
854
846
863
851
852
839
842
811
816
830
801
780
780
817
840
875
868
860
881
878
863
883
875
881
844
815
845
855
858
846
887
895
907
874
874
841
807
795
776
830
830
831
853
861
838
873
879
871
850
883
862
875
845
835
846
839
859
901
895
918
915
933
923
909
889
881
873
820
804
864
884
911
924
919
901
918
910
861
889
914
905
857
893
910
914
876
865
898
888
912
879
889
910
902
898
871
892
897
906
929
920
898
892
878
916
898
896
908
887
883
927
908
913
896
895
891
873
856
829
866
909
897
893
914
920
902
901
871
876
887
886
890
856
859
891
881
898
915
879
868
846
804
799
824
824
869
902
893
872
900
863
904
938
939
903
920
881
865
849
861
882
871
902
919
883
870
834
804
830
842
861
900
901
907
894
911
908
911
879
875
905
897
897
870
901
893
861
853
877
842
826
836
812
786
803
827
865
900
885
919
901
882
889
868
875
877
865
874
901
909
891
902
894
