1017
1060
1102
1094
1055
997
1033
1100
1105
1081
1039
1077
1089
1068
1051
1002
1003
965
1015
1041
1036
1041
1017
1025
1011
995
973
943
973
1060
1060
1038
1032
990
1028
1069
1061
1041
954
914
1005
1024
933
911
929
942
941
961
1005
1055
1041
1049
1055
1025
990
1057
1085
1093
1088
1048
1001
1058
1073
1029
976
1002
956
1014
1051
1036
977
1042
1060
1048
1006
1008
1056
1047
1028
990
1014
1062
1072
1075
1063
1026
1005
1011
1055
1064
1046
1050
991
978
1046
1066
1088
1088
1021
1004
1066
1108
1076
1070
1048
1021
958
962
976
989
1004
1005
990
920
891
870
940
983
974
947
918
900
900
911
929
950
969
964
983
1017
991
1018
1039
966
955
929
950
1012
1035
1011
1034
1004
968
995
1051
1068
1056
1015
1011
1056
969
1052
1080
1085
1048
959
995
984
989
1031
1042
940
897
903
991
1059
1085
1091
1061
1023
921
954
969
988
1008
1018
959
989
1043
997
1018
967
970
1071
1118
1098
1071
990
976
1010
998
995
1021
986
904
879
917
965
1043
1075
1095
1100
1091
1091
1048
974
963
1051
1104
1108
1119
1097
1072
1041
1089
1099
1074
1062
1079
1082
1062
1113
1124
1111
1034
1038
1014
964
977
952
932
968
990
1013
1036
1016
1021
1026
1021
1015
1003
960
966
1009
1072
1064
1084
1082
1006
951
949
1001
1054
1048
1044
987
977
1032
1059
1051
1052
1041
1045
959
933
911
903
895
877
880
876
927
976
991
995
935
902
933
949
960
958
936
963
1021
1047
1033
977
1009
1054
1028
977
1019
1012
1018
1015
1001
1012
1003
967
1004
1067
1021
1015
985
942
1005
996
964
1006
977
888
878
860
887
904
938
959
982
987
944
966
990
970
979
1000
982
940
954
948
919
1028
1124
1017
928
931
948
1031
1049
1028
1020
1007
1020
1025
1017
1031
1040
1043
1054
1063
1002
1000
953
912
906
904
873
941
1000
978
957
954
941
901
877
856
892
916
978
1039
1049
1069
1079
1066
1069
1062
1030
1067
1102
1080
1066
1048
1037
1031
1027
976
969
967
945
994
1029
1054
1067
1060
1060
1064
1055
1048
1051
1066
1013
984
992
1009
984
940
946
945
930
902
913
931
933
934
930
930
937
946
943
953
956
975
995
1031
1035
962
939
999
1067
1081
978
995
1044
1005
972
993
987
956
963
1001
1001
1025
1015
1000
992
982
986
971
933
879
876
899
947
974
943
944
953
926
942
973
970
962
950
955
963
955
965
982
982
976
1002
1011
956
926
878
847
840
850
870
891
880
890
931
942
929
923
916
878
873
912
953
984
948
971
1027
1011
938
960
982
972
918
947
993
998
961
978
967
923
923
957
974
991
948
