764
770
772
764
749
755
748
740
731
736
740
751
749
766
795
805
805
803
776
775
764
761
771
764
751
753
759
742
735
727
713
699
696
708
732
755
758
765
787
786
774
764
765
758
748
743
752
758
770
760
755
762
768
761
747
749
753
747
751
765
780
778
766
774
779
778
761
770
766
765
748
750
756
759
752
740
736
742
731
717
727
726
730
736
723
734
738
747
738
727
738
733
732
727
722
735
740
755
739
729
736
734
734
728
734
742
750
755
750
757
764
772
757
742
749
754
754
748
739
752
752
758
762
762
763
755
769
764
766
748
724
703
683
679
690
708
737
760
759
766
758
750
727
727
731
741
743
755
750
748
764
780
781
772
765
778
793
796
787
770
766
767
772
767
777
793
780
784
802
826
816
802
808
805
785
792
788
803
774
783
801
797
783
772
786
797
797
775
792
804
810
797
784
787
788
767
759
768
781
786
783
791
813
807
780
788
802
791
778
779
778
789
798
778
792
790
777
774
754
743
746
755
754
746
733
713
710
733
766
775
807
826
841
846
854
863
837
854
838
838
827
824
807
779
802
783
762
772
779
802
803
785
803
780
777
760
763
774
782
764
755
763
760
772
762
765
776
778
782
762
748
745
757
765
759
755
758
773
787
799
783
799
799
786
769
773
774
782
785
796
803
779
774
762
750
746
751
759
745
733
730
739
749
774
773
784
787
801
800
792
752
734
736
742
748
762
761
754
757
754
744
748
753
766
779
791
788
800
789
785
783
782
800
808
790
775
771
771
774
778
781
806
823
842
799
802
796
797
767
751
740
719
705
716
732
740
752
763
761
757
764
762
753
738
738
741
752
764
760
778
793
789
779
777
775
769
770
766
757
763
772
775
770
757
757
757
753
751
741
734
723
722
727
740
750
753
755
752
755
761
764
752
758
766
765
766
781
790
803
787
785
809
807
811
779
775
763
760
737
733
726
719
717
717
714
712
723
725
730
729
725
566
553
1331
740
719
706
693
688
705
697
702
708
734
747
748
749
741
735
729
725
709
712
710
715
725
741
756
771
752
750
746
735
732
727
709
685
679
678
682
690
702
727
738
736
736
732
739
743
738
735
740
737
739
743
741
748
736
740
740
738
726
721
726
728
720
705
711
717
720
723
718
710
704
702
695
699
702
707
712
713
717
