923
915
862
876
893
946
932
922
956
1008
969
926
930
922
880
886
897
949
911
901
899
920
884
880
899
956
1054
983
991
997
920
907
923
964
972
952
977
993
976
944
959
979
968
956
970
988
1007
1012
969
953
974
999
1013
999
1019
1043
1063
1033
1017
1047
1072
1045
1003
1008
1022
1018
1012
965
946
973
996
969
956
908
829
821
828
865
954
966
1021
1017
968
960
988
1004
970
965
994
1007
964
1001
1037
1008
993
1029
1031
982
983
1000
987
973
995
1020
985
976
1006
1019
1014
988
1031
1042
1031
1021
1039
1045
1014
1004
1031
1044
1001
1004
1024
1014
980
987
1011
992
979
1009
1018
992
1008
1027
983
973
984
1012
989
967
994
996
983
957
968
991
983
961
989
1018
1008
981
1015
1031
989
1006
1025
1008
986
1023
1031
1027
985
997
998
993
998
972
955
975
975
982
949
957
998
998
980
963
1006
1012
967
980
1010
998
962
985
1006
979
946
942
922
916
818
775
755
791
797
825
862
945
1059
977
918
950
968
976
918
877
901
957
987
934
966
988
968
949
974
992
967
968
985
993
951
986
1009
1024
1034
1080
1027
1027
1032
1017
978
970
992
968
962
959
984
989
960
892
835
816
746
769
835
926
965
1014
1038
1007
1006
963
971
1000
1025
1001
1020
1052
1055
1007
1054
1070
1062
1038
1045
1065
1059
1040
1069
1078
1070
1050
1065
1071
1028
1046
1048
1043
994
991
1015
1023
997
986
1049
1055
1024
991
1024
1033
1000
986
1008
1025
997
992
1011
1018
981
986
1023
1035
989
972
994
1010
1000
978
982
985
995
974
962
991
1003
984
968
985
982
964
938
957
966
962
936
954
965
961
936
964
967
966
937
961
968
953
936
969
968
922
924
942
943
914
911
842
822
776
813
823
831
863
943
961
928
938
969
910
901
890
932
880
905
986
1099
958
973
946
952
971
960
936
963
985
996
991
962
992
1003
1021
986
991
1025
1034
996
987
1021
1033
1004
995
1021
1033
1006
993
1045
1052
1026
1017
1039
1050
1045
1006
1034
1047
1040
1004
982
1004
1007
1024
1014
1014
1030
1054
1031
995
983
1013
1021
998
980
1009
1024
1014
981
1008
1004
974
979
1011
1020
970
981
985
970
949
968
978
977
945
962
977
940
949
960
971
932
952
963
947
949
986
970
933
956
966
939
961
974
965
935
960
982
947
946
977
981
939
958
965
944
932
961
967
929
926
949
947
917
944
952
943
917
941
982
974
959
966
977
932
825
816
823
824
827
839
900
961
981
947
950
1005
1010
953
915
929
947
1005
1074
1103
