827
814
814
828
832
820
834
853
864
861
839
848
872
867
878
856
853
887
898
912
886
906
925
887
887
928
932
931
892
890
919
943
914
907
944
939
923
894
937
955
956
953
947
934
916
881
924
925
893
908
950
981
1011
924
912
920
905
906
877
921
924
957
959
964
962
967
941
911
924
930
937
942
932
901
906
908
873
872
902
974
943
911
885
919
915
908
904
932
959
964
918
951
917
890
885
907
879
862
872
912
891
881
885
921
895
875
866
901
921
932
895
883
916
918
974
955
910
896
941
987
972
960
935
920
944
948
924
964
933
920
892
913
924
949
964
932
979
975
960
912
898
933
942
953
938
909
939
969
951
956
939
1010
931
899
877
919
919
881
901
906
949
936
945
919
880
883
878
860
847
864
875
855
833
840
845
833
829
834
838
837
848
858
850
836
826
846
829
819
817
846
867
872
867
867
885
907
898
898
897
886
936
925
909
904
939
945
905
895
885
893
916
918
872
868
901
902
895
870
874
886
880
884
873
890
889
870
865
878
872
863
858
880
873
850
849
855
861
844
846
871
881
861
879
901
914
918
889
887
896
905
888
887
909
904
882
873
872
913
908
907
887
896
914
916
893
899
928
939
948
942
938
940
933
922
902
909
954
923
944
904
902
933
898
883
883
888
959
939
906
898
913
921
888
873
881
931
912
905
892
916
957
938
923
915
939
942
942
912
914
941
951
941
932
1000
960
951
930
978
1011
943
918
981
969
979
970
968
941
978
962
954
948
947
947
932
922
939
946
926
917
931
948
939
878
825
837
847
894
934
915
920
988
976
980
936
924
951
948
943
941
950
985
987
965
979
980
989
1001
990
979
962
945
932
924
933
953
950
950
936
917
881
903
949
893
881
876
946
940
940
924
944
992
988
980
1002
1024
993
967
956
928
949
945
953
967
938
945
955
944
929
917
929
913
913
885
881
966
923
906
918
945
970
951
920
921
962
947
937
922
960
952
930
893
889
910
915
923
905
920
914
881
862
872
889
920
899
920
985
944
916
903
853
838
887
940
935
883
913
920
985
918
903
897
901
841
847
842
824
830
840
838
840
835
845
842
833
820
828
846
853
837
833
838
859
850
847
861
880
877
855
844
853
858
849
838
836
845
848
852
837
839
861
863
854
849
855
866
856
842
846
875
879
860
850
