859
1021
921
859
1039
943
979
959
921
1041
961
900
960
921
1059
980
946
979
917
1060
959
983
938
1020
922
962
935
862
1058
925
896
1020
960
862
997
1061
943
979
919
982
999
924
955
959
961
1000
941
943
996
941
959
901
1021
960
980
938
861
1061
938
862
1079
960
945
876
1059
941
959
940
961
961
940
941
980
819
1045
939
836
961
1039
959
939
963
980
899
962
937
959
963
940
958
1001
923
960
998
983
958
957
982
999
939
902
1018
939
983
919
958
924
957
963
938
961
961
937
963
959
939
963
980
936
862
1048
951
979
943
942
978
941
917
943
916
924
939
901
840
1059
926
956
941
917
942
919
841
1002
919
904
933
902
879
1002
840
1005
935
903
939
940
899
941
939
902
926
955
898
842
1020
861
998
941
921
879
982
839
1041
937
924
957
920
937
943
920
859
999
921
859
1020
900
918
939
901
922
938
881
918
902
860
900
898
879
921
903
915
925
899
914
922
882
916
924
900
858
1001
922
937
879
860
961
900
841
1058
922
940
938
921
920
961
901
942
958
879
1022
997
919
961
941
957
941
901
860
1000
905
939
938
920
945
936
920
940
904
941
958
904
957
962
937
961
940
921
940
902
924
934
902
922
920
860
979
904
877
979
921
919
923
879
922
817
984
857
926
897
898
901
938
939
861
980
940
896
923
921
918
881
938
1001
944
955
821
939
1018
920
920
921
882
921
935
920
922
957
962
919
918
920
841
977
941
920
959
940
821
1039
959
904
936
941
900
919
919
902
901
920
897
902
918
881
842
1000
864
897
937
900
940
939
905
877
982
917
920
922
818
980
979
879
905
938
900
818
1039
903
939
942
920
941
939
938
919
941
921
920
939
922
899
901
938
900
906
916
918
882
898
920
841
979
920
802
978
920
905
918
923
899
839
1018
900
925
921
895
921
920
903
899
1019
821
1040
922
883
915
902
800
979
883
898
924
915
884
918
923
877
921
945
936
919
943
938
921
924
935
901
900
902
919
899
939
907
915
924
898
917
942
902
916
882
961
899
898
905
894
879
862
961
1062
1039
1020
982
982
977
976
980
961
942
958
919
942
918
920
922
862
861
895
944
958
920
959
885
935
921
918
880
884
896
881
899
840
960
901
880
878
881
861
843
878
863
1735
820
791
812
843
934
924
960
996
921
945
954
921
922
879
898
880
842
878
841
879
825
877
