1111
1182
1184
1118
1067
1151
1251
1194
1146
1249
1211
1199
1224
1179
1161
1275
1245
1129
1225
1289
1205
1219
1195
1207
1267
1191
1230
1209
1189
1101
1421
1285
1173
1282
1282
1152
1112
1202
1276
1120
1109
1202
1361
1202
1107
1225
1304
1288
1173
1390
1242
1136
1134
1162
1079
1159
1212
1152
1193
1174
1142
1166
1032
1111
1198
1078
1103
1195
1110
1156
1188
1131
1118
1147
1041
968
1109
1230
1189
1085
1123
1173
1072
1129
1142
1052
1031
1098
1091
1117
1124
1060
1102
1124
1069
1060
1097
1008
999
1065
1033
1071
1143
1082
1095
1103
1039
1017
1072
1039
1073
1121
1061
1019
1131
1130
1055
1111
1141
1088
1056
1151
1152
1128
1131
1063
1058
1124
1160
1175
1198
1076
1074
1171
1166
1158
1173
1110
1131
1071
1071
1080
1034
1010
897
863
1130
1051
1164
1167
1110
1163
1127
1124
1087
1081
1176
1142
1180
1230
1113
1069
1113
1240
1147
1210
1262
1183
1204
1140
1167
1216
1078
1010
1094
1185
1173
1221
1250
1166
1196
1112
1126
1223
1201
1255
1160
1054
1131
1357
1284
1279
1261
1120
1182
1143
1012
1091
1124
947
1009
1133
1219
1106
1080
1180
1143
1144
1130
1096
1127
1154
1095
1195
1105
1118
1162
1088
1103
1124
1041
1038
1158
1309
1176
1166
1065
1037
1113
1123
1218
1090
968
917
1175
1030
878
884
1242
1174
1186
1076
1001
1072
1155
1144
1038
991
1035
1023
924
927
1266
1120
1109
1099
1126
1050
1049
1099
1002
975
1047
1045
1071
1202
1108
1076
1068
1050
987
940
1148
1212
1230
1214
1232
1135
1161
1149
1077
1127
1113
1098
1142
1155
1169
1143
1055
1102
1191
1143
1059
1075
1153
1111
1139
1181
1118
1130
1165
1131
1164
1154
1094
1146
1098
1168
1144
1142
1170
1076
1041
1157
1201
1106
1223
1224
1184
1258
1138
1075
1147
1131
1064
1142
1262
1177
1098
1127
1174
1105
1070
989
892
799
857
965
1332
1325
1241
1128
1151
1061
1055
1150
1054
1041
1118
1030
1053
1077
1036
1111
1075
1078
1129
1118
1110
1144
1061
1075
1124
1035
1032
1063
1023
1031
1075
1126
1094
1168
1125
1146
1210
1171
1090
1148
1220
1154
1194
1253
1164
1155
1204
1114
1177
1382
1268
1219
1286
1323
1197
1201
1324
1275
1122
1112
1214
1053
1100
1330
1129
1177
1133
1155
1145
1083
1176
1079
1209
1159
1073
1187
1109
1027
912
977
1331
1166
981
897
1167
1094
1228
1157
1167
1103
1104
1045
962
920
1007
1144
1141
1058
1104
1116
1090
1117
1094
1126
1136
1058
1113
1156
1097
1143
1235
1169
1155
1097
1017
1090
1211
1145
1168
1180
1189
1208
1115
1149
1143
1079
1172
1124
1109
1214
1123
1088
1104
991
947
1084
1357
1253
1217
1239
1173
1050
1024
1113
1342
1293
1162
1165
1145
1139
1199
1178
1222
1251
1248
1249
1142
1150
1080
991
978
1058
1107
963
994
1079
1327
1331
1146
1082
1166
1220
1098
1221
