797
826
835
854
807
764
773
808
800
799
800
777
770
812
853
837
780
774
803
830
845
776
760
776
796
806
791
768
760
795
843
854
786
801
829
798
759
758
786
877
779
760
785
811
778
740
721
738
749
771
739
737
784
824
858
752
740
739
742
727
709
732
763
777
778
738
750
780
771
738
734
746
762
755
731
745
756
771
738
726
752
764
763
732
716
739
754
755
726
737
765
832
827
755
734
747
751
755
731
734
771
816
798
764
762
842
894
818
771
757
796
799
786
760
756
778
800
777
783
818
820
818
755
739
751
752
743
735
754
816
827
766
772
778
792
744
745
791
773
742
722
732
744
752
733
729
780
830
819
756
747
765
789
769
747
743
774
770
759
740
751
779
797
752
742
766
792
792
758
765
802
819
770
770
781
856
816
760
768
788
785
778
751
762
805
823
782
747
746
759
757
730
737
759
822
828
758
733
757
748
791
792
791
790
766
801
807
810
762
743
781
827
813
777
752
784
826
851
788
776
783
788
753
770
803
840
840
779
780
830
808
765
755
794
794
788
758
774
815
812
767
751
789
788
773
734
732
753
761
733
731
765
822
823
775
750
783
794
772
741
751
778
763
739
725
741
751
750
749
747
765
805
872
806
785
842
834
803
769
785
812
797
769
749
768
784
793
771
771
809
829
801
793
818
839
788
793
811
826
826
756
767
771
789
775
748
781
817
831
772
764
817
856
780
759
770
790
843
775
762
788
805
765
755
792
814
779
752
780
800
768
746
760
848
851
810
779
782
832
832
770
758
805
810
792
785
838
848
840
793
813
794
761
776
800
854
842
789
779
809
819
756
756
793
807
821
783
779
825
837
832
784
755
806
811
820
776
775
878
856
813
763
816
840
875
801
767
799
796
778
745
745
784
799
797
775
767
795
808
791
759
785
806
784
768
765
797
794
788
749
733
766
792
817
784
763
788
800
786
758
774
787
827
805
770
792
816
827
785
777
779
810
790
762
741
751
784
782
750
758
782
798
750
738
753
785
769
741
744
757
793
798
783
786
811
801
759
775
808
794
756
743
776
807
801
760
744
756
767
777
746
755
766
785
794
761
762
785
805
787
760
792
811
819
797
762
768
778
785
747
746
789
831
841
811
814
817
816
771
813
820
874
830
796
820
815
819
788
771
781
802
820
