870
850
822
807
829
832
832
855
798
739
723
680
658
765
882
850
825
847
859
866
842
799
821
831
881
868
878
898
917
876
873
881
875
863
865
860
899
937
903
867
875
875
857
834
861
932
930
905
912
917
913
900
829
792
797
871
905
885
913
935
947
907
890
907
883
847
810
814
876
948
936
915
898
881
833
818
846
762
696
764
910
911
899
906
901
857
828
817
841
851
837
858
893
888
865
864
854
845
810
819
842
893
886
868
919
938
914
876
872
899
920
918
899
863
844
876
934
952
924
915
931
933
929
899
867
881
927
929
900
915
879
892
912
937
948
948
948
927
887
860
879
890
874
833
822
840
828
781
779
824
864
806
805
830
838
832
794
793
797
809
782
758
757
800
830
804
809
860
890
865
870
820
830
870
878
844
833
814
728
685
732
842
864
870
851
880
859
847
813
800
841
881
896
877
877
892
884
867
845
871
906
883
858
827
847
873
860
871
898
909
902
863
840
846
860
838
822
866
890
890
864
855
843
853
848
827
840
845
875
839
816
846
849
859
856
822
847
838
855
825
814
831
864
830
787
780
781
788
785
817
842
860
815
806
810
818
793
804
782
802
766
762
773
810
807
782
756
745
761
763
750
749
785
805
804
804
812
810
797
795
784
769
778
781
786
793
822
829
814
801
813
832
813
805
796
842
851
873
860
795
780
812
863
859
798
818
822
890
887
834
831
839
877
851
857
872
885
886
815
781
804
925
888
738
703
817
907
939
964
952
926
880
834
842
838
867
869
864
911
937
913
863
840
864
907
903
882
885
885
878
846
867
892
889
885
879
877
932
952
936
932
906
896
918
946
956
930
894
923
936
942
927
931
909
903
908
889
873
874
897
908
923
899
905
892
872
799
780
820
899
943
928
932
930
933
935
892
867
891
908
898
871
864
897
911
888
855
841
849
882
882
857
885
900
878
845
851
857
883
870
852
818
823
845
820
796
804
828
863
872
825
815
843
909
846
816
839
879
892
905
869
832
810
799
783
761
797
866
883
850
822
816
885
897
871
820
783
792
826
847
812
822
871
901
872
845
843
861
874
847
806
805
857
911
906
876
867
833
704
670
724
863
859
899
948
933
899
907
900
909
899
854
847
880
934
908
870
886
899
932
912
914
942
942
923
880
890
889
888
899
911
908
