942
928
936
946
961
971
944
915
940
1000
1006
1018
1011
992
976
967
954
937
942
952
937
911
909
991
1026
1036
982
953
909
946
951
948
939
911
918
939
1032
1022
996
923
857
841
897
933
938
948
936
916
905
920
967
978
977
962
943
914
928
948
960
973
1004
973
994
1025
1022
987
951
966
987
1015
1032
994
916
940
998
1013
992
955
927
935
959
963
958
929
926
942
941
931
1001
1024
1008
999
974
954
972
961
949
859
845
889
900
956
986
993
961
951
975
989
972
964
953
985
1002
1005
1006
996
990
1022
1003
998
927
899
1019
1083
1030
1008
960
957
898
830
817
871
935
990
991
981
996
995
994
962
939
970
1012
1016
994
981
951
951
1008
1031
1039
974
974
1008
995
969
934
975
1005
1023
981
946
996
990
972
957
950
916
895
911
963
976
982
969
954
923
902
928
982
999
998
998
945
917
963
982
978
963
953
932
940
916
908
950
1045
1053
1052
1014
970
934
932
993
1075
1056
1034
990
973
996
1051
1041
1014
998
944
938
941
942
926
935
960
1015
1024
994
967
938
916
894
933
948
958
964
939
952
954
933
915
921
940
951
949
927
936
931
928
918
902
917
993
998
961
938
938
963
989
976
977
980
970
953
969
996
984
990
986
959
950
952
973
978
953
953
965
968
966
936
923
953
984
1002
973
959
963
949
927
927
973
997
1015
992
986
960
950
917
925
945
1004
981
985
980
976
970
975
982
971
983
973
969
976
957
946
959
971
980
943
944
952
951
942
904
896
907
957
987
957
952
917
913
929
952
946
956
939
922
935
938
933
934
914
905
918
937
934
877
846
824
809
844
896
927
956
938
928
941
932
939
928
930
926
962
999
1017
981
958
946
951
946
937
935
921
911
921
969
997
1034
976
969
959
957
958
958
932
920
917
968
996
979
957
970
939
902
911
907
934
937
953
938
905
882
908
895
869
835
838
886
928
947
952
953
942
951
964
964
986
971
967
966
980
970
927
925
931
922
913
916
905
930
954
970
971
957
944
954
945
939
935
941
976
976
906
857
911
942
935
910
891
878
890
915
923
938
932
956
952
927
948
955
960
961
941
927
922
1070
1040
990
958
928
911
892
906
922
939
935
913
872
887
913
913
906
894
902
896
889
900
894
888
934
975
957
962
942
934
879
888
927
944
953
951
932
932
961
973
969
996
978
954
939
922
910
941
906
878
854
860
