969
937
909
898
932
967
973
977
956
914
919
932
936
938
916
918
939
943
940
908
923
924
933
916
931
955
957
942
957
957
932
897
927
929
952
903
903
905
915
913
947
961
966
939
961
953
931
883
904
913
937
928
895
921
924
925
901
920
920
905
901
909
933
941
937
915
940
940
917
892
886
914
948
957
964
938
932
944
937
936
917
905
945
960
983
957
935
967
970
956
931
943
956
953
934
910
934
937
924
899
902
922
938
910
925
977
978
972
942
959
988
981
940
951
957
952
949
914
911
926
920
921
899
916
944
948
942
938
948
967
983
965
935
945
937
949
922
900
915
912
942
927
933
972
985
997
952
939
955
942
944
917
918
947
951
915
895
941
930
923
906
917
960
971
933
960
962
953
916
932
948
961
953
917
933
932
913
895
920
889
834
792
881
899
960
976
989
947
954
957
961
972
948
937
964
987
1002
955
968
973
975
951
934
959
977
987
942
957
967
994
983
965
972
1005
1002
993
1001
987
937
964
989
1017
1008
973
967
979
996
991
945
955
962
970
961
988
988
978
939
957
976
974
954
940
958
987
991
971
972
974
980
961
967
988
1009
1036
999
912
915
957
981
1032
1048
1020
1031
1056
1026
983
932
948
951
965
950
962
980
1000
957
971
1009
1011
1004
994
944
939
947
948
915
920
938
959
958
915
956
946
937
915
929
945
943
924
932
928
925
894
894
944
962
972
962
929
919
932
957
967
959
911
919
933
950
980
971
952
965
988
976
934
908
926
935
928
906
899
915
941
970
984
952
950
957
971
978
934
947
963
975
986
964
961
989
958
962
925
957
968
994
987
945
940
966
977
986
996
975
924
922
939
973
993
1006
962
953
987
1010
1000
990
929
940
969
991
993
955
943
970
1001
997
985
943
945
973
988
999
970
931
945
976
981
979
968
924
907
918
947
970
952
933
978
999
1001
995
951
926
969
971
989
998
989
944
944
978
985
991
942
928
984
979
972
978
947
919
966
978
973
947
960
979
971
930
936
964
883
857
886
890
929
990
1000
1010
1003
949
967
991
997
989
968
938
971
966
968
928
913
945
975
986
985
943
977
984
977
961
926
941
948
960
953
924
959
951
954
907
891
928
949
948
937
906
903
948
955
976
977
937
947
957
950
924
866
871
841
910
982
955
964
968
961
960
959
1007
978
933
929
957
952
966
945
