780.0
448.0
1108.0
768.0
744.0
752.0
764.0
756.0
760.0
764.0
756.0
748.0
756.0
752.0
752.0
756.0
768.0
780.0
780.0
772.0
760.0
764.0
764.0
764.0
772.0
776.0
772.0
780.0
784.0
768.0
764.0
760.0
764.0
764.0
768.0
760.0
768.0
764.0
756.0
752.0
764.0
752.0
756.0
760.0
744.0
748.0
756.0
744.0
744.0
760.0
756.0
752.0
776.0
768.0
768.0
760.0
768.0
752.0
764.0
776.0
776.0
772.0
768.0
760.0
772.0
764.0
744.0
752.0
756.0
744.0
748.0
756.0
748.0
740.0
756.0
752.0
760.0
764.0
752.0
748.0
764.0
756.0
748.0
760.0
764.0
760.0
772.0
764.0
752.0
748.0
756.0
756.0
748.0
756.0
768.0
764.0
764.0
764.0
764.0
764.0
748.0
760.0
768.0
764.0
752.0
756.0
744.0
744.0
748.0
748.0
760.0
760.0
752.0
752.0
764.0
744.0
744.0
756.0
760.0
756.0
760.0
752.0
756.0
756.0
756.0
756.0
768.0
776.0
764.0
772.0
780.0
768.0
760.0
776.0
756.0
764.0
764.0
756.0
744.0
752.0
752.0
752.0
748.0
748.0
764.0
776.0
764.0
752.0
764.0
760.0
756.0
752.0
740.0
748.0
752.0
752.0
756.0
760.0
752.0
752.0
768.0
772.0
756.0
776.0
784.0
776.0
772.0
768.0
760.0
760.0
764.0
752.0
756.0
768.0
760.0
756.0
780.0
772.0
764.0
776.0
780.0
780.0
772.0
760.0
764.0
764.0
756.0
756.0
772.0
756.0
744.0
760.0
764.0
752.0
752.0
752.0
752.0
756.0
760.0
752.0
756.0
748.0
744.0
756.0
760.0
744.0
756.0
772.0
760.0
764.0
772.0
760.0
756.0
776.0
768.0
764.0
760.0
756.0
752.0
764.0
748.0
744.0
760.0
756.0
744.0
764.0
756.0
748.0
756.0
764.0
760.0
768.0
764.0
748.0
744.0
748.0
740.0
744.0
752.0
760.0
760.0
764.0
752.0
760.0
772.0
768.0
768.0
772.0
776.0
772.0
772.0
772.0
764.0
772.0
768.0
776.0
788.0
768.0
760.0
760.0
744.0
744.0
760.0
756.0
744.0
756.0
768.0
768.0
764.0
768.0
764.0
772.0
780.0
776.0
772.0
776.0
768.0
780.0
776.0
760.0
772.0
784.0
764.0
772.0
784.0
764.0
772.0
788.0
772.0
776.0
792.0
780.0
776.0
788.0
780.0
428.0
1128.0
776.0
776.0
776.0
764.0
772.0
784.0
776.0
768.0
776.0
768.0
764.0
772.0
784.0
780.0
776.0
776.0
776.0
784.0
784.0
796.0
784.0
776.0
764.0
764.0
748.0
740.0
752.0
756.0
764.0
760.0
752.0
760.0
768.0
756.0
760.0
764.0
760.0
756.0
760.0
752.0
732.0
740.0
752.0
732.0
744.0
760.0
752.0
756.0
760.0
768.0
768.0
772.0
768.0
776.0
784.0
764.0
776.0
780.0
780.0
772.0
796.0
772.0
760.0
764.0
752.0
740.0
744.0
748.0
748.0
744.0
752.0
752.0
760.0
752.0
744.0
748.0
760.0
752.0
752.0
768.0
764.0
752.0
760.0
756.0
756.0
768.0
768.0
768.0
760.0
748.0
760.0
756.0
744.0
744.0
748.0
748.0
756.0
768.0
760.0
752.0
776.0
780.0
772.0
768.0
768.0
772.0
768.0
772.0
752.0
764.0
744.0
748.0
748.0
764.0
748.0
740.0
756.0
756.0
752.0
768.0
764.0
768.0
772.0
772.0
476.0
1084.0
764.0
756.0
764.0
748.0
744.0
756.0
748.0
748.0
764.0
764.0
764.0
772.0
780.0
768.0
772.0
772.0
772.0
768.0
764.0
768.0
760.0
756.0
756.0
744.0
744.0
736.0
736.0
736.0
732.0
744.0
760.0
744.0
740.0
760.0
760.0
756.0
760.0
764.0
768.0
768.0
756.0
748.0
760.0
756.0
748.0
744.0
752.0
744.0
744.0
748.0
748.0
744.0
748.0
744.0
748.0
748.0
740.0
736.0
748.0
736.0
740.0
744.0
740.0
740.0
752.0
748.0
408.0
1064.0
760.0
736.0
736.0
752.0
752.0
748.0
756.0
752.0
752.0
760.0
744.0
756.0
764.0
752.0
752.0
768.0
768.0
760.0
776.0
776.0
772.0
784.0
776.0
772.0
764.0
768.0
768.0
768.0
756.0
744.0
744.0
748.0
736.0
736.0
736.0
736.0
748.0
760.0
752.0
760.0
776.0
780.0
772.0
772.0
768.0
760.0
764.0
760.0
760.0
764.0
752.0
744.0
748.0
752.0
752.0
752.0
760.0
744.0
756.0
764.0
752.0
752.0
444.0
1080.0
764.0
764.0
756.0
760.0
764.0
760.0
772.0
788.0
476.0
912.0
508.0
920.0
776.0
792.0
788.0
784.0
788.0
776.0
784.0
792.0
788.0
776.0
780.0
776.0
784.0
792.0
776.0
768.0
768.0
748.0
740.0
752.0
740.0
736.0
756.0
772.0
760.0
760.0
768.0
760.0
760.0
444.0
1076.0
760.0
748.0
752.0
748.0
744.0
736.0
744.0
752.0
752.0
756.0
768.0
768.0
760.0
772.0
420.0
1116.0
780.0
768.0
768.0
760.0
756.0
736.0
736.0
740.0
740.0
744.0
760.0
744.0
752.0
752.0
760.0
760.0
768.0
756.0
768.0
776.0
760.0
760.0
772.0
760.0
748.0
764.0
744.0
732.0
752.0
736.0
724.0
736.0
744.0
716.0
736.0
748.0
740.0
744.0
756.0
760.0
764.0
772.0
768.0
772.0
780.0
760.0
412.0
1108.0
776.0
760.0
776.0
768.0
768.0
776.0
776.0
772.0
764.0
768.0
764.0
768.0
756.0
764.0
772.0
768.0
756.0
768.0
752.0
752.0
756.0
764.0
748.0
772.0
780.0
780.0
772.0
768.0
768.0
780.0
780.0
772.0
784.0
776.0
776.0
772.0
784.0
772.0
760.0
772.0
776.0
764.0
760.0
756.0
768.0
772.0
764.0
772.0
788.0
776.0
776.0
788.0
772.0
768.0
776.0
768.0
764.0
768.0
756.0
756.0
752.0
748.0
748.0
748.0
752.0
748.0
756.0
752.0
744.0
756.0
760.0
756.0
764.0
780.0
792.0
784.0
780.0
772.0
776.0
784.0
776.0
780.0
780.0
772.0
772.0
748.0
744.0
740.0
756.0
752.0
760.0
760.0
768.0
776.0
772.0
760.0
764.0
780.0
772.0
780.0
792.0
768.0
760.0
776.0
760.0
760.0
776.0
772.0
768.0
776.0
772.0
768.0
776.0
764.0
776.0
780.0
772.0
752.0
760.0
764.0
760.0
768.0
784.0
788.0
796.0
796.0
796.0
804.0
800.0
784.0
792.0
788.0
772.0
768.0
760.0
756.0
760.0
756.0
756.0
768.0
760.0
752.0
764.0
772.0
756.0
756.0
776.0
764.0
764.0
772.0
776.0
776.0
768.0
760.0
760.0
692.0
816.0
772.0
768.0
760.0
764.0
772.0
748.0
752.0
760.0
752.0
764.0
784.0
792.0
780.0
780.0
776.0
780.0
804.0
792.0
788.0
792.0
788.0
772.0
768.0
752.0
744.0
752.0
756.0
756.0
756.0
756.0
764.0
772.0
768.0
768.0
780.0
772.0
772.0
772.0
760.0
752.0
756.0
748.0
748.0
760.0
772.0
764.0
764.0
764.0
760.0
756.0
760.0
760.0
768.0
772.0
760.0
768.0
780.0
772.0
768.0
780.0
772.0
776.0
780.0
776.0
768.0
776.0
772.0
776.0
780.0
772.0
776.0
764.0
756.0
752.0
760.0
740.0
748.0
760.0
760.0
756.0
760.0
764.0
756.0
752.0
764.0
768.0
776.0
764.0
768.0
776.0
780.0
764.0
764.0
784.0
768.0
764.0
764.0
752.0
732.0
744.0
728.0
728.0
732.0
724.0
740.0
748.0
736.0
740.0
756.0
764.0
760.0
412.0
1116.0
776.0
772.0
776.0
764.0
768.0
768.0
756.0
764.0
772.0
764.0
768.0
772.0
764.0
752.0
756.0
748.0
760.0
756.0
740.0
748.0
756.0
744.0
748.0
768.0
768.0
772.0
792.0
772.0
772.0
772.0
776.0
772.0
780.0
768.0
772.0
780.0
764.0
756.0
756.0
756.0
740.0
768.0
764.0
760.0
756.0
764.0
756.0
764.0
760.0
760.0
768.0
772.0
760.0
752.0
768.0
764.0
756.0
764.0
760.0
772.0
772.0
760.0
760.0
760.0
756.0
752.0
768.0
764.0
