548.0
588.0
620.0
520.0
520.0
492.0
512.0
556.0
552.0
648.0
584.0
612.0
492.0
576.0
628.0
620.0
568.0
548.0
472.0
540.0
636.0
556.0
712.0
628.0
660.0
504.0
536.0
540.0
688.0
692.0
676.0
572.0
556.0
568.0
528.0
448.0
548.0
688.0
584.0
788.0
660.0
656.0
484.0
668.0
648.0
540.0
564.0
500.0
540.0
588.0
444.0
512.0
608.0
584.0
480.0
628.0
552.0
596.0
524.0
608.0
556.0
604.0
556.0
588.0
600.0
552.0
692.0
680.0
624.0
592.0
664.0
736.0
516.0
512.0
696.0
560.0
588.0
704.0
624.0
720.0
524.0
448.0
476.0
556.0
544.0
592.0
564.0
580.0
572.0
524.0
560.0
580.0
568.0
508.0
556.0
660.0
632.0
564.0
612.0
544.0
668.0
616.0
572.0
588.0
596.0
664.0
684.0
560.0
572.0
620.0
592.0
632.0
600.0
536.0
588.0
492.0
508.0
676.0
536.0
592.0
588.0
544.0
572.0
608.0
588.0
492.0
548.0
548.0
588.0
516.0
556.0
640.0
604.0
600.0
572.0
600.0
744.0
672.0
628.0
600.0
656.0
672.0
716.0
476.0
580.0
500.0
524.0
548.0
500.0
688.0
748.0
604.0
716.0
780.0
604.0
524.0
584.0
544.0
500.0
488.0
688.0
548.0
596.0
500.0
508.0
536.0
548.0
628.0
500.0
552.0
572.0
548.0
596.0
956.0
604.0
616.0
612.0
572.0
596.0
636.0
744.0
488.0
536.0
572.0
584.0
516.0
516.0
592.0
584.0
536.0
676.0
592.0
544.0
536.0
600.0
640.0
540.0
592.0
496.0
632.0
544.0
604.0
420.0
616.0
544.0
572.0
656.0
576.0
576.0
524.0
536.0
476.0
440.0
704.0
744.0
520.0
552.0
588.0
516.0
624.0
572.0
512.0
516.0
584.0
496.0
500.0
540.0
540.0
588.0
624.0
560.0
744.0
520.0
528.0
876.0
640.0
544.0
628.0
580.0
596.0
608.0
660.0
560.0
360.0
300.0
596.0
536.0
576.0
592.0
636.0
652.0
588.0
580.0
604.0
544.0
532.0
772.0
584.0
504.0
680.0
596.0
636.0
576.0
648.0
636.0
752.0
488.0
524.0
640.0
584.0
696.0
552.0
544.0
548.0
460.0
520.0
580.0
680.0
628.0
596.0
532.0
596.0
540.0
476.0
520.0
588.0
636.0
564.0
576.0
600.0
564.0
536.0
616.0
616.0
492.0
536.0
500.0
620.0
600.0
652.0
544.0
588.0
560.0
548.0
464.0
840.0
536.0
516.0
616.0
560.0
540.0
680.0
524.0
620.0
640.0
540.0
572.0
592.0
532.0
532.0
488.0
468.0
584.0
604.0
496.0
612.0
472.0
540.0
476.0
596.0
740.0
548.0
524.0
556.0
640.0
628.0
604.0
604.0
524.0
520.0
584.0
632.0
564.0
540.0
664.0
564.0
564.0
704.0
576.0
584.0
628.0
572.0
548.0
536.0
552.0
568.0
620.0
652.0
568.0
580.0
632.0
656.0
552.0
556.0
604.0
632.0
564.0
572.0
548.0
576.0
520.0
556.0
568.0
584.0
656.0
560.0
588.0
468.0
524.0
688.0
564.0
620.0
640.0
552.0
528.0
628.0
512.0
584.0
636.0
628.0
712.0
580.0
504.0
524.0
652.0
644.0
616.0
564.0
724.0
572.0
612.0
632.0
648.0
532.0
516.0
500.0
616.0
592.0
664.0
600.0
744.0
712.0
536.0
524.0
776.0
608.0
688.0
600.0
628.0
452.0
648.0
588.0
576.0
536.0
576.0
584.0
596.0
516.0
616.0
724.0
524.0
564.0
876.0
528.0
500.0
556.0
620.0
500.0
548.0
536.0
700.0
548.0
496.0
600.0
552.0
276.0
284.0
556.0
556.0
652.0
844.0
544.0
488.0
492.0
800.0
580.0
660.0
644.0
692.0
576.0
992.0
644.0
628.0
608.0
544.0
564.0
588.0
520.0
700.0
596.0
620.0
728.0
620.0
616.0
612.0
628.0
576.0
740.0
608.0
608.0
660.0
704.0
616.0
592.0
604.0
576.0
532.0
808.0
592.0
584.0
592.0
520.0
472.0
724.0
560.0
528.0
548.0
552.0
608.0
548.0
660.0
692.0
568.0
536.0
800.0
564.0
656.0
524.0
556.0
772.0
520.0
608.0
544.0
600.0
500.0
548.0
432.0
528.0
612.0
584.0
712.0
584.0
680.0
592.0
480.0
632.0
672.0
472.0
496.0
608.0
564.0
624.0
576.0
612.0
540.0
704.0
712.0
596.0
628.0
692.0
596.0
664.0
568.0
556.0
548.0
608.0
516.0
548.0
616.0
580.0
500.0
484.0
532.0
520.0
736.0
608.0
552.0
556.0
464.0
552.0
556.0
600.0
632.0
684.0
520.0
628.0
660.0
664.0
640.0
552.0
676.0
588.0
492.0
580.0
608.0
540.0
532.0
568.0
540.0
516.0
668.0
552.0
536.0
552.0
508.0
528.0
616.0
672.0
628.0
600.0
516.0
500.0
644.0
588.0
536.0
480.0
508.0
632.0
712.0
796.0
572.0
568.0
708.0
576.0
752.0
564.0
564.0
604.0
572.0
600.0
656.0
520.0
524.0
680.0
516.0
536.0
688.0
596.0
628.0
772.0
720.0
620.0
624.0
552.0
504.0
540.0
600.0
544.0
660.0
556.0
588.0
552.0
596.0
560.0
536.0
596.0
604.0
568.0
580.0
592.0
668.0
484.0
488.0
604.0
672.0
692.0
488.0
652.0
568.0
740.0
636.0
532.0
472.0
596.0
768.0
568.0
588.0
576.0
528.0
576.0
664.0
568.0
632.0
600.0
532.0
664.0
528.0
592.0
512.0
568.0
540.0
544.0
532.0
560.0
620.0
732.0
524.0
572.0
540.0
640.0
616.0
572.0
644.0
616.0
708.0
640.0
556.0
560.0
620.0
608.0
624.0
616.0
760.0
608.0
556.0
516.0
740.0
568.0
500.0
540.0
596.0
640.0
572.0
540.0
608.0
572.0
532.0
572.0
520.0
660.0
612.0
596.0
648.0
532.0
576.0
616.0
612.0
504.0
692.0
584.0
496.0
568.0
616.0
628.0
608.0
536.0
616.0
732.0
580.0
616.0
624.0
652.0
476.0
532.0
616.0
700.0
664.0
608.0
504.0
556.0
528.0
544.0
516.0
608.0
660.0
656.0
640.0
572.0
508.0
560.0
728.0
500.0
504.0
584.0
516.0
556.0
512.0
620.0
764.0
540.0
536.0
676.0
568.0
564.0
596.0
480.0
528.0
592.0
596.0
532.0
596.0
580.0
556.0
600.0
596.0
620.0
596.0
608.0
560.0
512.0
524.0
700.0
444.0
648.0
476.0
708.0
572.0
556.0
628.0
696.0
572.0
580.0
572.0
528.0
576.0
596.0
324.0
312.0
540.0
276.0
344.0
732.0
596.0
636.0
588.0
468.0
676.0
564.0
636.0
628.0
640.0
448.0
572.0
608.0
544.0
568.0
596.0
688.0
484.0
564.0
524.0
544.0
536.0
604.0
616.0
580.0
588.0
468.0
568.0
512.0
488.0
600.0
568.0
632.0
500.0
508.0
456.0
544.0
564.0
576.0
520.0
660.0
540.0
660.0
560.0
648.0
720.0
528.0
576.0
572.0
560.0
556.0
752.0
704.0
632.0
604.0
588.0
608.0
560.0
508.0
644.0
484.0
580.0
564.0
576.0
416.0
464.0
528.0
764.0
520.0
492.0
528.0
652.0
632.0
508.0
488.0
552.0
528.0
644.0
580.0
628.0
512.0
668.0
480.0
508.0
504.0
520.0
612.0
528.0
504.0
496.0
564.0
520.0
620.0
492.0
548.0
576.0
536.0
540.0
532.0
460.0
544.0
484.0
688.0
524.0
432.0
456.0
592.0
480.0
720.0
496.0
508.0
604.0
440.0
564.0
520.0
492.0
552.0
520.0
524.0
560.0
560.0
552.0
512.0
532.0
524.0
500.0
540.0
408.0
572.0
688.0
532.0
468.0
464.0
512.0
604.0
632.0
500.0
516.0
468.0
572.0
540.0
548.0
524.0
524.0
712.0
612.0
416.0
692.0
532.0
616.0
632.0
472.0
568.0
560.0
548.0
596.0
552.0
636.0
648.0
580.0
572.0
616.0
512.0
464.0
508.0
736.0
484.0
548.0
564.0
464.0
580.0
592.0
600.0
612.0
616.0
576.0
528.0
440.0
440.0
680.0
616.0
604.0
548.0
488.0
584.0
596.0
484.0
528.0
632.0
516.0
480.0
528.0
600.0
520.0
512.0
512.0
500.0
584.0
464.0
