1076.0
1116.0
1116.0
1072.0
1076.0
1108.0
1068.0
1092.0
1156.0
1088.0
1116.0
1164.0
1128.0
1072.0
1156.0
1132.0
1068.0
1104.0
1192.0
1120.0
1164.0
1164.0
1108.0
1152.0
1140.0
1124.0
1152.0
1108.0
1060.0
1104.0
1120.0
1072.0
1072.0
1208.0
1152.0
1088.0
1112.0
1100.0
1112.0
1176.0
1132.0
1180.0
1168.0
1140.0
1144.0
1144.0
1096.0
1096.0
1128.0
1108.0
1044.0
1124.0
1180.0
1120.0
1156.0
1132.0
1104.0
1128.0
1168.0
1052.0
1112.0
1112.0
1108.0
1168.0
1196.0
1100.0
1176.0
1144.0
1088.0
1096.0
1108.0
1096.0
1116.0
1164.0
1108.0
1148.0
1168.0
1120.0
1108.0
1136.0
1096.0
1092.0
1132.0
1168.0
1112.0
1164.0
1140.0
1088.0
1104.0
1120.0
1072.0
1108.0
1164.0
1112.0
1128.0
1140.0
1108.0
1116.0
1156.0
1112.0
1120.0
1152.0
1084.0
1088.0
1116.0
1104.0
1096.0
1104.0
1120.0
1096.0
1132.0
1144.0
1088.0
1132.0
1124.0
1084.0
1128.0
1172.0
1120.0
1136.0
1120.0
1080.0
1108.0
1140.0
1092.0
1132.0
1156.0
1136.0
1096.0
1116.0
1120.0
1088.0
1108.0
1120.0
1056.0
1108.0
1160.0
1088.0
1072.0
1112.0
1128.0
1080.0
1152.0
1152.0
1088.0
1084.0
1080.0
1064.0
1068.0
1136.0
1128.0
1196.0
1168.0
1128.0
1152.0
1152.0
1096.0
1124.0
1116.0
1128.0
1136.0
1180.0
1108.0
1152.0
1156.0
1096.0
1100.0
1128.0
1096.0
1116.0
1136.0
1100.0
1124.0
1168.0
1064.0
1084.0
1112.0
1124.0
1140.0
1124.0
1144.0
1076.0
1168.0
1176.0
1128.0
1168.0
1204.0
1144.0
1184.0
1208.0
1120.0
1168.0
1184.0
1096.0
1116.0
1120.0
1124.0
1084.0
1116.0
1116.0
1064.0
1148.0
1160.0
1096.0
1128.0
1172.0
1088.0
1144.0
1144.0
1108.0
1144.0
1152.0
1092.0
1092.0
1120.0
1112.0
1108.0
1144.0
1132.0
1100.0
1152.0
1136.0
1108.0
1148.0
1152.0
1104.0
1156.0
1184.0
1108.0
1112.0
1164.0
1128.0
1100.0
1144.0
1136.0
1100.0
1168.0
1196.0
1096.0
1108.0
1180.0
1104.0
1144.0
1184.0
1128.0
1136.0
1172.0
1164.0
1128.0
1164.0
1148.0
1096.0
1172.0
1132.0
1084.0
1100.0
1172.0
1140.0
1076.0
1092.0
1136.0
1104.0
1144.0
1164.0
1116.0
1168.0
1204.0
1104.0
1116.0
1164.0
1116.0
1108.0
1140.0
1136.0
1084.0
1160.0
1160.0
1096.0
1140.0
1208.0
1124.0
1116.0
1128.0
1100.0
1112.0
1128.0
1108.0
1108.0
1140.0
1084.0
1128.0
1188.0
1128.0
1160.0
1148.0
1096.0
1140.0
1188.0
1132.0
1148.0
1204.0
1136.0
1144.0
1160.0
1112.0
1108.0
1172.0
1124.0
1108.0
1120.0
1116.0
1072.0
1128.0
1124.0
1080.0
1112.0
1148.0
1116.0
1120.0
1176.0
1164.0
1148.0
1128.0
1108.0
1096.0
1136.0
1112.0
1108.0
1104.0
1152.0
1104.0
1140.0
1140.0
1124.0
1128.0
1156.0
1148.0
1072.0
1136.0
1132.0
1068.0
1092.0
1088.0
1040.0
1120.0
1104.0
1152.0
1084.0
1112.0
1120.0
1096.0
1168.0
1184.0
1108.0
1088.0
1092.0
1080.0
1028.0
1124.0
1180.0
1080.0
1148.0
1156.0
1124.0
1128.0
1176.0
1108.0
1172.0
1132.0
1108.0
1100.0
1160.0
1108.0
1128.0
1148.0
1124.0
1108.0
1164.0
1144.0
1108.0
1148.0
1144.0
1064.0
1080.0
1112.0
1100.0
1132.0
1156.0
1124.0
1128.0
1164.0
1104.0
1136.0
1192.0
1140.0
1148.0
1144.0
1112.0
1116.0
1120.0
1124.0
1092.0
1136.0
1088.0
1044.0
1120.0
1096.0
1084.0
1136.0
1164.0
1064.0
1100.0
1156.0
1132.0
1088.0
1160.0
1160.0
1088.0
1156.0
1200.0
1068.0
1100.0
1132.0
1144.0
1172.0
1184.0
1096.0
1156.0
1192.0
1116.0
1148.0
1172.0
1128.0
1080.0
1128.0
1140.0
1072.0
1152.0
1184.0
1096.0
1156.0
1172.0
1116.0
1120.0
1172.0
1120.0
1156.0
1156.0
1080.0
1108.0
1128.0
1100.0
1144.0
1128.0
1116.0
1160.0
1160.0
1152.0
1100.0
1156.0
1172.0
1108.0
1112.0
1136.0
1124.0
1120.0
1176.0
1128.0
1124.0
1152.0
1124.0
1152.0
1140.0
1148.0
1096.0
1172.0
1160.0
1108.0
1136.0
1160.0
1088.0
1148.0
1160.0
1116.0
1124.0
1152.0
1088.0
1128.0
1144.0
1120.0
1068.0
1108.0
1116.0
1052.0
1084.0
1140.0
1072.0
1132.0
1188.0
1124.0
1148.0
1136.0
1056.0
1116.0
1136.0
1116.0
1180.0
1196.0
1100.0
1144.0
1184.0
1108.0
1112.0
1104.0
1060.0
1096.0
1124.0
1096.0
1068.0
1132.0
1092.0
1120.0
1152.0
1136.0
1068.0
1152.0
1164.0
1124.0
1136.0
1164.0
1112.0
1116.0
1136.0
1112.0
1112.0
1148.0
1116.0
1104.0
1088.0
1108.0
1080.0
1124.0
1160.0
1112.0
1156.0
1152.0
1104.0
1164.0
1164.0
1108.0
1132.0
1136.0
1092.0
1104.0
1120.0
1104.0
1076.0
1140.0
1180.0
1132.0
1184.0
1200.0
1124.0
1124.0
1144.0
1120.0
1152.0
1168.0
1108.0
1076.0
1136.0
1148.0
1080.0
1112.0
1140.0
1084.0
1084.0
1100.0
1076.0
1128.0
1144.0
1104.0
1132.0
1148.0
1124.0
1156.0
1164.0
1120.0
1140.0
1168.0
1104.0
1112.0
1192.0
1144.0
1128.0
1148.0
1120.0
1088.0
1152.0
1116.0
1128.0
1128.0
1152.0
1084.0
1144.0
1152.0
1080.0
1104.0
1124.0
1080.0
1092.0
1128.0
1096.0
1100.0
1120.0
1132.0
1076.0
1192.0
1164.0
1144.0
1152.0
1216.0
1132.0
1120.0
1164.0
1120.0
1092.0
1104.0
1088.0
1076.0
1140.0
1212.0
1092.0
1168.0
1124.0
1092.0
1124.0
1120.0
1112.0
1112.0
1176.0
1104.0
1124.0
1128.0
1100.0
1092.0
1180.0
1152.0
1128.0
1172.0
1208.0
1092.0
1132.0
1164.0
1108.0
1132.0
1160.0
1104.0
1112.0
1160.0
1116.0
1176.0
1192.0
1132.0
1132.0
1108.0
1108.0
1068.0
1120.0
1108.0
1144.0
1136.0
1152.0
1112.0
1132.0
1184.0
1104.0
1140.0
1148.0
1076.0
1068.0
1100.0
1044.0
1024.0
1128.0
1148.0
1112.0
1180.0
1156.0
1104.0
1152.0
1160.0
1096.0
1144.0
1192.0
1132.0
1216.0
1160.0
1080.0
1092.0
1160.0
1148.0
1120.0
1168.0
1156.0
1156.0
1176.0
1144.0
1132.0
1188.0
1156.0
1104.0
1148.0
1176.0
1148.0
1172.0
1204.0
1172.0
1176.0
1176.0
1120.0
1156.0
1160.0
1128.0
1196.0
1108.0
1120.0
1100.0
1196.0
1204.0
1124.0
1128.0
1164.0
1112.0
1140.0
1204.0
1116.0
1124.0
1148.0
1136.0
1084.0
1112.0
1156.0
1084.0
1136.0
1176.0
1100.0
1160.0
1168.0
1112.0
1148.0
1184.0
1160.0
1184.0
1180.0
1168.0
1128.0
1128.0
1100.0
1056.0
1088.0
1128.0
1124.0
1224.0
1212.0
1128.0
1076.0
1076.0
1132.0
1128.0
1168.0
1200.0
1104.0
1168.0
1176.0
1096.0
1152.0
1160.0
1116.0
1152.0
1124.0
1116.0
1156.0
1176.0
1104.0
1112.0
1156.0
1088.0
1160.0
1144.0
1100.0
1112.0
1160.0
1084.0
1124.0
1120.0
1104.0
1124.0
1164.0
1088.0
1112.0
1132.0
1112.0
1184.0
1148.0
1120.0
1152.0
1132.0
1088.0
1108.0
1152.0
1148.0
1076.0
1148.0
1156.0
1080.0
1124.0
1144.0
1084.0
1156.0
1168.0
1096.0
1156.0
1144.0
1088.0
1168.0
1188.0
1116.0
1148.0
1168.0
1088.0
1084.0
1108.0
1060.0
1108.0
1104.0
1092.0
1084.0
1152.0
1068.0
996.0
992.0
968.0
928.0
936.0
912.0
904.0
868.0
1744.0
864.0
848.0
816.0
808.0
804.0
788.0
488.0
424.0
884.0
472.0
388.0
888.0
808.0
788.0
460.0
432.0
556.0
428.0
668.0
940.0
952.0
1076.0
1060.0
1112.0
1080.0
1008.0
968.0
1004.0
1148.0
1080.0
1164.0
1240.0
1152.0
1184.0
1196.0
1096.0
1140.0
1196.0
1104.0
1120.0
1236.0
1032.0
1060.0
1056.0
1036.0
1032.0
1036.0
976.0
928.0
912.0
952.0
996.0
960.0
1016.0
1088.0
1068.0
1036.0
1072.0
1092.0
1060.0
1100.0
1108.0
1096.0
1064.0
1084.0
1160.0
1108.0
1108.0
1108.0
1068.0
996.0
1028.0
1020.0
1012.0
1072.0
1228.0
1224.0
1120.0
1128.0
1140.0
1116.0
1084.0
1124.0
1128.0
1052.0
1036.0
1064.0
996.0
1112.0
1116.0
1060.0
988.0
1040.0
1048.0
1016.0
1036.0
1088.0
1068.0
1080.0
1128.0
1152.0
1108.0
1084.0
1088.0
1048.0
1132.0
1160.0
1084.0
1148.0
1132.0
1104.0
1108.0
1104.0
1076.0
1100.0
1148.0
1148.0
1108.0
1168.0
1216.0
1120.0
1132.0
1180.0
1124.0
1164.0
1152.0
1108.0
1168.0
1236.0
1100.0
1080.0
1076.0
1028.0
1096.0
1104.0
1072.0
1064.0
1116.0
1092.0
1092.0
1152.0
1176.0
1128.0
1200.0
1220.0
1072.0
1068.0
1120.0
1120.0
1168.0
1172.0
