788.0
784.0
784.0
492.0
1096.0
792.0
804.0
800.0
796.0
792.0
796.0
804.0
792.0
792.0
804.0
808.0
808.0
828.0
832.0
824.0
844.0
844.0
836.0
840.0
852.0
848.0
844.0
836.0
808.0
800.0
804.0
800.0
784.0
756.0
772.0
776.0
776.0
772.0
784.0
788.0
788.0
784.0
792.0
796.0
788.0
792.0
796.0
800.0
792.0
784.0
804.0
800.0
796.0
796.0
816.0
820.0
812.0
832.0
832.0
828.0
820.0
828.0
816.0
820.0
824.0
824.0
812.0
816.0
820.0
808.0
816.0
824.0
832.0
828.0
824.0
820.0
820.0
796.0
800.0
812.0
812.0
808.0
820.0
816.0
812.0
820.0
824.0
812.0
804.0
804.0
812.0
796.0
812.0
832.0
828.0
824.0
824.0
828.0
808.0
816.0
816.0
796.0
812.0
812.0
784.0
796.0
796.0
788.0
788.0
804.0
808.0
804.0
804.0
812.0
808.0
804.0
816.0
812.0
800.0
800.0
800.0
808.0
800.0
796.0
804.0
792.0
804.0
804.0
808.0
808.0
808.0
820.0
796.0
796.0
804.0
780.0
788.0
796.0
784.0
812.0
816.0
808.0
804.0
808.0
792.0
780.0
800.0
804.0
784.0
796.0
800.0
780.0
788.0
784.0
776.0
780.0
792.0
800.0
804.0
800.0
816.0
816.0
808.0
808.0
820.0
820.0
816.0
820.0
820.0
824.0
824.0
824.0
820.0
804.0
812.0
820.0
820.0
812.0
820.0
804.0
804.0
808.0
788.0
796.0
796.0
812.0
812.0
812.0
800.0
784.0
804.0
796.0
780.0
792.0
800.0
816.0
808.0
812.0
816.0
816.0
800.0
796.0
804.0
796.0
800.0
816.0
824.0
804.0
816.0
788.0
784.0
780.0
780.0
780.0
784.0
800.0
804.0
792.0
792.0
800.0
796.0
788.0
796.0
808.0
796.0
808.0
808.0
812.0
788.0
792.0
796.0
788.0
780.0
784.0
784.0
776.0
792.0
800.0
792.0
788.0
792.0
808.0
804.0
796.0
812.0
804.0
804.0
792.0
796.0
780.0
788.0
792.0
804.0
788.0
804.0
812.0
828.0
824.0
820.0
812.0
824.0
828.0
816.0
824.0
828.0
796.0
804.0
788.0
780.0
784.0
784.0
780.0
792.0
808.0
800.0
800.0
796.0
796.0
780.0
788.0
784.0
792.0
808.0
796.0
808.0
808.0
796.0
804.0
804.0
804.0
804.0
812.0
824.0
808.0
812.0
804.0
816.0
800.0
796.0
812.0
808.0
800.0
808.0
812.0
804.0
792.0
804.0
812.0
792.0
788.0
804.0
804.0
792.0
792.0
792.0
780.0
772.0
784.0
784.0
764.0
768.0
768.0
768.0
772.0
772.0
784.0
776.0
772.0
792.0
780.0
780.0
788.0
784.0
784.0
776.0
784.0
776.0
768.0
788.0
788.0
792.0
804.0
816.0
820.0
800.0
812.0
820.0
832.0
816.0
820.0
828.0
828.0
812.0
808.0
808.0
812.0
800.0
816.0
832.0
820.0
804.0
808.0
808.0
780.0
792.0
796.0
780.0
796.0
792.0
804.0
792.0
792.0
796.0
804.0
784.0
788.0
800.0
784.0
788.0
800.0
800.0
780.0
784.0
788.0
772.0
764.0
768.0
780.0
776.0
780.0
788.0
792.0
776.0
788.0
796.0
788.0
792.0
808.0
820.0
816.0
820.0
812.0
824.0
832.0
816.0
820.0
832.0
836.0
828.0
828.0
824.0
808.0
796.0
796.0
792.0
792.0
792.0
808.0
804.0
788.0
804.0
812.0
812.0
816.0
816.0
824.0
808.0
808.0
808.0
784.0
792.0
792.0
780.0
784.0
792.0
772.0
780.0
788.0
796.0
772.0
780.0
784.0
764.0
776.0
772.0
784.0
784.0
780.0
792.0
808.0
804.0
796.0
812.0
820.0
824.0
820.0
828.0
816.0
812.0
808.0
804.0
788.0
788.0
796.0
812.0
800.0
796.0
804.0
804.0
772.0
792.0
780.0
768.0
776.0
792.0
768.0
788.0
788.0
784.0
784.0
788.0
780.0
768.0
788.0
792.0
792.0
780.0
788.0
776.0
776.0
772.0
780.0
780.0
780.0
800.0
812.0
800.0
796.0
792.0
800.0
468.0
1108.0
792.0
784.0
792.0
800.0
784.0
788.0
800.0
816.0
820.0
828.0
836.0
824.0
824.0
824.0
804.0
796.0
796.0
772.0
440.0
1116.0
784.0
724.0
772.0
776.0
788.0
772.0
772.0
776.0
788.0
780.0
780.0
804.0
812.0
808.0
732.0
812.0
804.0
792.0
792.0
816.0
800.0
800.0
796.0
808.0
796.0
792.0
804.0
820.0
824.0
824.0
824.0
804.0
796.0
792.0
784.0
784.0
772.0
796.0
796.0
796.0
800.0
800.0
780.0
788.0
800.0
792.0
784.0
788.0
796.0
788.0
788.0
792.0
796.0
784.0
780.0
776.0
780.0
772.0
788.0
796.0
796.0
808.0
800.0
796.0
792.0
788.0
788.0
804.0
796.0
796.0
780.0
784.0
780.0
788.0
764.0
784.0
792.0
776.0
780.0
800.0
788.0
776.0
788.0
788.0
784.0
788.0
792.0
780.0
792.0
800.0
796.0
788.0
780.0
784.0
784.0
800.0
784.0
796.0
808.0
804.0
792.0
796.0
776.0
788.0
784.0
796.0
792.0
784.0
788.0
784.0
784.0
784.0
788.0
780.0
780.0
796.0
792.0
788.0
796.0
808.0
796.0
800.0
808.0
788.0
780.0
796.0
792.0
788.0
788.0
800.0
788.0
792.0
792.0
788.0
776.0
784.0
788.0
788.0
788.0
796.0
784.0
780.0
788.0
788.0
776.0
788.0
800.0
796.0
792.0
788.0
800.0
800.0
784.0
788.0
792.0
816.0
784.0
796.0
772.0
776.0
784.0
784.0
784.0
780.0
796.0
800.0
796.0
792.0
808.0
804.0
784.0
796.0
804.0
796.0
788.0
800.0
804.0
796.0
796.0
796.0
788.0
780.0
796.0
796.0
788.0
800.0
796.0
784.0
780.0
788.0
772.0
776.0
784.0
776.0
768.0
788.0
788.0
788.0
796.0
800.0
784.0
780.0
784.0
796.0
788.0
784.0
792.0
804.0
792.0
776.0
780.0
776.0
776.0
780.0
784.0
776.0
776.0
772.0
788.0
780.0
780.0
788.0
800.0
796.0
800.0
808.0
796.0
796.0
808.0
804.0
788.0
792.0
792.0
788.0
776.0
780.0
780.0
764.0
768.0
776.0
768.0
760.0
768.0
788.0
776.0
788.0
796.0
792.0
788.0
796.0
800.0
784.0
792.0
812.0
820.0
816.0
808.0
804.0
808.0
784.0
784.0
788.0
796.0
776.0
788.0
784.0
776.0
768.0
772.0
780.0
784.0
768.0
780.0
760.0
780.0
780.0
784.0
772.0
768.0
784.0
788.0
776.0
784.0
784.0
788.0
772.0
772.0
776.0
768.0
776.0
780.0
796.0
788.0
788.0
792.0
788.0
772.0
772.0
776.0
776.0
780.0
776.0
784.0
780.0
784.0
788.0
800.0
788.0
792.0
808.0
812.0
436.0
1184.0
808.0
780.0
788.0
788.0
780.0
780.0
792.0
800.0
776.0
792.0
800.0
800.0
788.0
792.0
788.0
776.0
780.0
796.0
780.0
796.0
804.0
780.0
772.0
780.0
764.0
760.0
772.0
776.0
772.0
772.0
780.0
772.0
768.0
772.0
780.0
772.0
760.0
776.0
788.0
788.0
784.0
788.0
780.0
788.0
772.0
780.0
788.0
792.0
780.0
780.0
796.0
800.0
788.0
796.0
804.0
796.0
796.0
800.0
800.0
804.0
796.0
796.0
804.0
768.0
788.0
788.0
788.0
788.0
800.0
800.0
788.0
788.0
792.0
780.0
784.0
796.0
796.0
792.0
804.0
812.0
808.0
816.0
816.0
800.0
796.0
808.0
808.0
796.0
804.0
796.0
776.0
776.0
776.0
748.0
756.0
776.0
756.0
764.0
768.0
772.0
768.0
768.0
776.0
780.0
772.0
772.0
780.0
780.0
764.0
768.0
780.0
772.0
772.0
764.0
788.0
784.0
780.0
780.0
788.0
792.0
784.0
800.0
816.0
804.0
812.0
816.0
812.0
808.0
812.0
800.0
796.0
796.0
788.0
784.0
784.0
796.0
788.0
788.0
796.0
788.0
776.0
788.0
796.0
792.0
784.0
796.0
812.0
800.0
788.0
788.0
788.0
788.0
780.0
792.0
788.0
792.0
788.0
796.0
784.0
776.0
784.0
792.0
784.0
792.0
800.0
