932.0
516.0
1172.0
712.0
1100.0
900.0
708.0
788.0
1448.0
1048.0
700.0
1104.0
828.0
992.0
868.0
972.0
984.0
1124.0
700.0
884.0
728.0
768.0
816.0
1180.0
956.0
820.0
1148.0
488.0
912.0
1088.0
776.0
848.0
900.0
1308.0
536.0
968.0
1364.0
704.0
984.0
520.0
1336.0
712.0
1168.0
692.0
624.0
1108.0
524.0
924.0
696.0
608.0
880.0
532.0
952.0
1144.0
512.0
1080.0
1120.0
484.0
696.0
776.0
612.0
740.0
996.0
480.0
868.0
620.0
896.0
660.0
740.0
536.0
996.0
756.0
636.0
900.0
900.0
200.0
1240.0
956.0
728.0
652.0
688.0
968.0
896.0
828.0
940.0
916.0
688.0
1336.0
472.0
992.0
612.0
1364.0
888.0
876.0
628.0
756.0
784.0
876.0
1216.0
516.0
1204.0
888.0
728.0
732.0
1340.0
852.0
1104.0
708.0
812.0
944.0
960.0
556.0
692.0
976.0
640.0
968.0
996.0
692.0
984.0
508.0
1120.0
688.0
732.0
1088.0
524.0
872.0
652.0
772.0
524.0
1220.0
800.0
1084.0
484.0
832.0
500.0
988.0
876.0
856.0
556.0
1024.0
860.0
548.0
940.0
668.0
740.0
572.0
984.0
612.0
944.0
884.0
620.0
1040.0
488.0
828.0
520.0
848.0
832.0
688.0
1044.0
728.0
852.0
516.0
852.0
844.0
644.0
2356.0
844.0
1172.0
756.0
720.0
620.0
948.0
696.0
928.0
912.0
824.0
832.0
732.0
748.0
1024.0
744.0
1196.0
1148.0
900.0
1032.0
1024.0
660.0
680.0
668.0
848.0
1140.0
548.0
900.0
804.0
620.0
580.0
960.0
632.0
816.0
744.0
1020.0
728.0
664.0
944.0
536.0
980.0
780.0
1012.0
468.0
740.0
536.0
888.0
1076.0
472.0
688.0
556.0
200.0
1076.0
736.0
916.0
496.0
748.0
488.0
1208.0
1064.0
496.0
1108.0
688.0
748.0
700.0
1080.0
780.0
612.0
688.0
820.0
996.0
504.0
984.0
924.0
624.0
684.0
880.0
1000.0
504.0
996.0
604.0
708.0
688.0
1168.0
1256.0
496.0
1328.0
916.0
992.0
776.0
868.0
848.0
1136.0
828.0
1028.0
972.0
748.0
788.0
728.0
884.0
616.0
804.0
1440.0
784.0
788.0
696.0
1048.0
972.0
756.0
792.0
952.0
704.0
916.0
1460.0
884.0
904.0
668.0
904.0
1008.0
784.0
676.0
956.0
524.0
852.0
520.0
868.0
520.0
884.0
516.0
1192.0
688.0
644.0
816.0
744.0
532.0
684.0
516.0
1308.0
532.0
1208.0
848.0
912.0
520.0
1052.0
776.0
788.0
856.0
668.0
772.0
560.0
832.0
508.0
972.0
800.0
588.0
860.0
472.0
1132.0
584.0
692.0
536.0
968.0
1036.0
512.0
792.0
1304.0
664.0
1300.0
1056.0
820.0
908.0
796.0
1028.0
524.0
1048.0
780.0
884.0
1108.0
520.0
1028.0
904.0
760.0
940.0
1000.0
624.0
980.0
520.0
1096.0
1236.0
528.0
872.0
1492.0
920.0
1032.0
800.0
796.0
1204.0
508.0
980.0
1132.0
528.0
980.0
492.0
836.0
512.0
844.0
764.0
832.0
508.0
940.0
512.0
1000.0
1008.0
496.0
896.0
508.0
1004.0
656.0
672.0
1040.0
504.0
704.0
628.0
1064.0
864.0
1024.0
488.0
1264.0
1004.0
540.0
1032.0
792.0
784.0
724.0
788.0
524.0
1392.0
1436.0
652.0
812.0
508.0
792.0
800.0
916.0
516.0
1016.0
932.0
972.0
520.0
860.0
656.0
728.0
1112.0
1240.0
492.0
1220.0
912.0
720.0
836.0
1028.0
540.0
1144.0
780.0
756.0
768.0
916.0
1244.0
528.0
1128.0
704.0
680.0
896.0
528.0
2140.0
680.0
740.0
1284.0
752.0
1020.0
524.0
868.0
492.0
1128.0
1292.0
516.0
608.0
712.0
988.0
508.0
852.0
656.0
1124.0
976.0
552.0
1180.0
712.0
600.0
924.0
508.0
948.0
1016.0
508.0
1080.0
960.0
544.0
988.0
848.0
468.0
1336.0
936.0
528.0
1056.0
896.0
656.0
824.0
1052.0
480.0
1064.0
848.0
1032.0
496.0
924.0
1300.0
1168.0
516.0
1176.0
672.0
600.0
1444.0
452.0
1012.0
1156.0
656.0
1000.0
900.0
636.0
700.0
1016.0
548.0
1264.0
628.0
1068.0
896.0
708.0
712.0
1028.0
524.0
840.0
1544.0
2068.0
1816.0
892.0
736.0
740.0
960.0
752.0
932.0
520.0
844.0
480.0
1088.0
672.0
1100.0
532.0
1056.0
840.0
892.0
536.0
980.0
704.0
752.0
1332.0
1040.0
540.0
1280.0
856.0
700.0
1044.0
508.0
1388.0
1256.0
512.0
1164.0
864.0
936.0
832.0
604.0
716.0
916.0
836.0
760.0
1012.0
520.0
1192.0
788.0
724.0
720.0
1016.0
1100.0
980.0
1072.0
664.0
824.0
864.0
1292.0
708.0
976.0
852.0
872.0
712.0
948.0
1204.0
1356.0
864.0
908.0
944.0
948.0
732.0
864.0
1232.0
492.0
804.0
480.0
1204.0
1140.0
716.0
684.0
1280.0
1336.0
532.0
1316.0
1560.0
504.0
1228.0
800.0
852.0
696.0
1084.0
528.0
1060.0
836.0
1136.0
524.0
836.0
524.0
1236.0
996.0
564.0
760.0
484.0
1056.0
1032.0
520.0
1024.0
756.0
868.0
528.0
1100.0
1196.0
488.0
1288.0
596.0
1144.0
712.0
636.0
664.0
1012.0
1276.0
1084.0
532.0
1124.0
964.0
696.0
912.0
988.0
704.0
740.0
976.0
704.0
720.0
840.0
836.0
876.0
900.0
1020.0
828.0
892.0
1548.0
1316.0
828.0
1040.0
1108.0
668.0
788.0
1004.0
1376.0
596.0
1088.0
500.0
876.0
1168.0
808.0
1008.0
536.0
912.0
800.0
924.0
1264.0
720.0
1068.0
500.0
1120.0
900.0
836.0
768.0
740.0
1208.0
724.0
1036.0
484.0
644.0
864.0
788.0
1052.0
1228.0
488.0
1276.0
1180.0
628.0
920.0
532.0
1116.0
964.0
1156.0
804.0
788.0
1040.0
916.0
764.0
360.0
1364.0
1072.0
1348.0
1088.0
700.0
732.0
696.0
636.0
640.0
728.0
684.0
872.0
1008.0
1008.0
996.0
1068.0
1008.0
972.0
1016.0
1088.0
752.0
832.0
852.0
928.0
716.0
1188.0
984.0
748.0
1200.0
1320.0
692.0
724.0
740.0
676.0
972.0
696.0
1032.0
828.0
716.0
692.0
608.0
1072.0
768.0
1144.0
1004.0
728.0
980.0
516.0
1344.0
1336.0
964.0
724.0
692.0
824.0
840.0
692.0
832.0
536.0
920.0
936.0
556.0
1076.0
1008.0
516.0
912.0
700.0
1356.0
1336.0
512.0
984.0
1080.0
524.0
836.0
1208.0
836.0
1136.0
516.0
976.0
1020.0
1228.0
896.0
732.0
1036.0
804.0
724.0
564.0
756.0
704.0
760.0
852.0
1032.0
1320.0
728.0
696.0
908.0
648.0
956.0
1532.0
812.0
872.0
1216.0
976.0
1100.0
852.0
812.0
644.0
864.0
752.0
824.0
1068.0
724.0
924.0
540.0
984.0
940.0
704.0
1032.0
496.0
1216.0
744.0
1424.0
720.0
904.0
548.0
760.0
888.0
756.0
936.0
532.0
1020.0
700.0
1212.0
984.0
1004.0
548.0
924.0
788.0
904.0
520.0
1036.0
1072.0
484.0
1068.0
688.0
924.0
932.0
692.0
676.0
1032.0
992.0
548.0
928.0
1048.0
640.0
808.0
1120.0
804.0
792.0
904.0
552.0
952.0
1312.0
960.0
824.0
964.0
1056.0
652.0
1276.0
656.0
1108.0
736.0
624.0
1204.0
1356.0
748.0
716.0
1244.0
792.0
644.0
1020.0
1420.0
500.0
1136.0
776.0
832.0
1080.0
1408.0
496.0
1048.0
676.0
1000.0
920.0
996.0
924.0
968.0
1072.0
712.0
692.0
704.0
668.0
604.0
720.0
952.0
500.0
888.0
632.0
672.0
808.0
996.0
500.0
1104.0
1144.0
488.0
1016.0
576.0
832.0
708.0
688.0
1148.0
928.0
972.0
528.0
1032.0
740.0
676.0
636.0
816.0
1212.0
1152.0
496.0
1148.0
804.0
688.0
936.0
1076.0
512.0
840.0
1216.0
728.0
772.0
692.0
744.0
876.0
988.0
532.0
1204.0
1044.0
976.0
1228.0
528.0
936.0
1356.0
1104.0
760.0
924.0
744.0
908.0
1228.0
552.0
852.0
728.0
1020.0
1212.0
544.0
1084.0
1304.0
1020.0
936.0
720.0
800.0
892.0
796.0
988.0
532.0
1140.0
744.0
776.0
1048.0
532.0
1068.0
944.0
700.0
1288.0
720.0
672.0
1044.0
880.0
772.0
1200.0
900.0
700.0
676.0
1076.0
684.0
980.0
