744.0
792.0
768.0
764.0
780.0
772.0
768.0
792.0
764.0
736.0
780.0
784.0
792.0
792.0
752.0
772.0
812.0
792.0
812.0
796.0
764.0
788.0
800.0
796.0
800.0
784.0
816.0
816.0
792.0
800.0
780.0
804.0
828.0
788.0
784.0
776.0
772.0
808.0
792.0
768.0
776.0
760.0
776.0
800.0
764.0
780.0
796.0
804.0
820.0
808.0
756.0
796.0
820.0
796.0
796.0
780.0
756.0
796.0
796.0
776.0
784.0
772.0
768.0
792.0
776.0
736.0
756.0
796.0
784.0
772.0
780.0
752.0
768.0
808.0
792.0
768.0
784.0
760.0
772.0
820.0
784.0
788.0
812.0
820.0
812.0
800.0
788.0
792.0
848.0
832.0
796.0
804.0
796.0
804.0
836.0
836.0
800.0
832.0
848.0
820.0
824.0
840.0
812.0
828.0
848.0
796.0
780.0
836.0
840.0
816.0
828.0
812.0
772.0
824.0
828.0
788.0
796.0
816.0
812.0
792.0
784.0
800.0
788.0
792.0
820.0
804.0
464.0
912.0
904.0
848.0
812.0
808.0
800.0
800.0
820.0
776.0
776.0
804.0
824.0
816.0
800.0
792.0
816.0
840.0
816.0
792.0
652.0
884.0
804.0
800.0
804.0
776.0
780.0
776.0
804.0
808.0
780.0
796.0
812.0
796.0
792.0
772.0
772.0
692.0
920.0
820.0
820.0
792.0
808.0
844.0
808.0
816.0
812.0
796.0
808.0
800.0
768.0
776.0
816.0
804.0
804.0
800.0
772.0
792.0
1328.0
352.0
1508.0
728.0
840.0
768.0
744.0
784.0
772.0
776.0
788.0
760.0
748.0
776.0
784.0
800.0
788.0
756.0
764.0
792.0
788.0
792.0
796.0
780.0
804.0
808.0
784.0
760.0
764.0
788.0
796.0
788.0
772.0
756.0
784.0
792.0
776.0
772.0
752.0
760.0
784.0
768.0
760.0
752.0
748.0
472.0
588.0
952.0
836.0
796.0
800.0
788.0
796.0
800.0
772.0
296.0
512.0
832.0
812.0
808.0
804.0
384.0
292.0
944.0
668.0
932.0
800.0
824.0
812.0
824.0
872.0
836.0
664.0
828.0
816.0
780.0
780.0
776.0
804.0
816.0
804.0
780.0
356.0
524.0
808.0
724.0
964.0
576.0
760.0
780.0
812.0
776.0
760.0
796.0
812.0
812.0
840.0
796.0
788.0
808.0
796.0
800.0
412.0
1152.0
784.0
860.0
696.0
328.0
444.0
1508.0
792.0
788.0
780.0
756.0
756.0
792.0
796.0
788.0
784.0
780.0
772.0
784.0
780.0
772.0
788.0
816.0
816.0
792.0
792.0
796.0
788.0
816.0
808.0
772.0
772.0
792.0
868.0
784.0
768.0
768.0
772.0
756.0
836.0
788.0
692.0
780.0
788.0
872.0
416.0
940.0
960.0
780.0
836.0
804.0
768.0
768.0
804.0
800.0
788.0
804.0
792.0
816.0
832.0
808.0
808.0
828.0
848.0
836.0
808.0
756.0
836.0
824.0
836.0
812.0
804.0
832.0
812.0
820.0
824.0
812.0
808.0
884.0
816.0
804.0
776.0
812.0
764.0
832.0
792.0
780.0
780.0
820.0
760.0
920.0
804.0
744.0
852.0
900.0
800.0
752.0
832.0
916.0
752.0
828.0
900.0
820.0
760.0
852.0
888.0
724.0
840.0
920.0
732.0
820.0
832.0
816.0
832.0
832.0
808.0
804.0
828.0
848.0
892.0
712.0
816.0
824.0
812.0
820.0
820.0
804.0
820.0
840.0
820.0
800.0
816.0
848.0
832.0
804.0
796.0
820.0
900.0
820.0
740.0
808.0
884.0
732.0
840.0
836.0
816.0
816.0
848.0
836.0
804.0
808.0
840.0
836.0
844.0
828.0
796.0
812.0
832.0
848.0
804.0
796.0
832.0
840.0
816.0
828.0
836.0
832.0
848.0
848.0
820.0
804.0
832.0
884.0
928.0
740.0
840.0
856.0
832.0
840.0
856.0
840.0
852.0
492.0
972.0
908.0
848.0
876.0
872.0
816.0
808.0
852.0
840.0
828.0
836.0
840.0
832.0
824.0
836.0
816.0
804.0
832.0
872.0
832.0
824.0
852.0
848.0
856.0
848.0
828.0
812.0
856.0
864.0
852.0
852.0
856.0
832.0
824.0
836.0
824.0
828.0
864.0
852.0
812.0
828.0
860.0
844.0
836.0
480.0
960.0
916.0
884.0
872.0
852.0
840.0
856.0
868.0
836.0
828.0
852.0
864.0
840.0
824.0
828.0
840.0
844.0
868.0
848.0
812.0
840.0
864.0
848.0
824.0
836.0
876.0
864.0
836.0
828.0
828.0
832.0
852.0
836.0
804.0
812.0
860.0
852.0
836.0
848.0
868.0
852.0
844.0
852.0
920.0
768.0
872.0
848.0
804.0
820.0
872.0
876.0
840.0
820.0
840.0
828.0
832.0
828.0
828.0
816.0
836.0
840.0
820.0
808.0
824.0
864.0
844.0
820.0
848.0
848.0
840.0
832.0
824.0
804.0
836.0
916.0
720.0
788.0
788.0
820.0
880.0
756.0
788.0
788.0
844.0
812.0
824.0
784.0
752.0
776.0
768.0
784.0
748.0
748.0
756.0
764.0
752.0
736.0
724.0
728.0
744.0
760.0
736.0
724.0
712.0
720.0
740.0
760.0
748.0
728.0
748.0
752.0
764.0
780.0
784.0
784.0
804.0
820.0
804.0
776.0
780.0
800.0
824.0
800.0
780.0
784.0
776.0
804.0
828.0
812.0
792.0
808.0
828.0
812.0
788.0
784.0
816.0
832.0
808.0
796.0
800.0
804.0
824.0
844.0
820.0
800.0
808.0
840.0
840.0
808.0
808.0
844.0
488.0
1148.0
792.0
784.0
804.0
824.0
820.0
800.0
788.0
796.0
840.0
828.0
808.0
812.0
832.0
820.0
820.0
824.0
492.0
1024.0
1008.0
932.0
856.0
844.0
868.0
868.0
824.0
824.0
828.0
840.0
836.0
828.0
828.0
840.0
840.0
808.0
792.0
788.0
816.0
832.0
800.0
780.0
784.0
796.0
832.0
832.0
812.0
820.0
828.0
828.0
848.0
844.0
840.0
864.0
876.0
872.0
836.0
828.0
876.0
888.0
836.0
828.0
844.0
868.0
852.0
844.0
836.0
836.0
840.0
860.0
832.0
816.0
864.0
872.0
836.0
836.0
836.0
840.0
860.0
848.0
832.0
840.0
864.0
860.0
828.0
828.0
864.0
860.0
836.0
816.0
832.0
856.0
548.0
1092.0
1004.0
908.0
888.0
888.0
856.0
840.0
848.0
852.0
852.0
820.0
820.0
864.0
864.0
836.0
844.0
844.0
848.0
868.0
860.0
832.0
832.0
864.0
876.0
828.0
832.0
864.0
852.0
852.0
848.0
832.0
844.0
880.0
880.0
836.0
824.0
852.0
876.0
840.0
832.0
848.0
852.0
848.0
840.0
836.0
840.0
840.0
836.0
836.0
820.0
824.0
864.0
848.0
820.0
836.0
836.0
840.0
844.0
840.0
816.0
828.0
848.0
832.0
800.0
816.0
856.0
852.0
828.0
816.0
848.0
864.0
864.0
872.0
852.0
828.0
848.0
884.0
856.0
820.0
832.0
864.0
852.0
812.0
808.0
844.0
868.0
836.0
812.0
820.0
844.0
840.0
824.0
824.0
576.0
464.0
652.0
1052.0
1000.0
924.0
944.0
952.0
884.0
828.0
840.0
864.0
860.0
848.0
840.0
836.0
868.0
872.0
828.0
820.0
848.0
860.0
828.0
796.0
828.0
860.0
856.0
840.0
840.0
808.0
828.0
848.0
844.0
488.0
956.0
956.0
912.0
840.0
828.0
840.0
844.0
824.0
792.0
796.0
824.0
828.0
840.0
836.0
816.0
816.0
844.0
840.0
840.0
832.0
836.0
860.0
844.0
812.0
852.0
500.0
1016.0
976.0
912.0
888.0
888.0
884.0
892.0
852.0
836.0
868.0
868.0
824.0
836.0
876.0
864.0
848.0
836.0
832.0
844.0
864.0
860.0
812.0
812.0
860.0
864.0
844.0
832.0
856.0
888.0
848.0
832.0
868.0
888.0
876.0
844.0
824.0
848.0
856.0
852.0
852.0
840.0
828.0
828.0
848.0
840.0
832.0
820.0
848.0
848.0
808.0
796.0
816.0
852.0
848.0
808.0
820.0
840.0
848.0
820.0
824.0
820.0
832.0
832.0
828.0
824.0
824.0
824.0
852.0
844.0
808.0
828.0
876.0
864.0
840.0
824.0
836.0
828.0
820.0
828.0
824.0
824.0
856.0
864.0
816.0
820.0
852.0
856.0
852.0
