804.0
744.0
728.0
724.0
1212.0
796.0
728.0
716.0
720.0
728.0
732.0
488.0
856.0
736.0
736.0
728.0
732.0
720.0
724.0
732.0
736.0
740.0
736.0
740.0
728.0
732.0
736.0
1164.0
856.0
732.0
732.0
736.0
736.0
736.0
736.0
728.0
732.0
728.0
736.0
744.0
740.0
748.0
740.0
740.0
744.0
744.0
744.0
752.0
748.0
744.0
748.0
740.0
744.0
748.0
748.0
740.0
740.0
744.0
744.0
744.0
732.0
736.0
732.0
744.0
744.0
740.0
732.0
732.0
732.0
740.0
740.0
1260.0
1272.0
560.0
876.0
760.0
740.0
736.0
740.0
744.0
740.0
748.0
748.0
752.0
756.0
752.0
752.0
752.0
752.0
752.0
764.0
760.0
760.0
752.0
752.0
764.0
760.0
764.0
756.0
760.0
752.0
748.0
752.0
744.0
748.0
752.0
748.0
748.0
744.0
740.0
744.0
756.0
756.0
752.0
748.0
744.0
736.0
736.0
740.0
744.0
744.0
748.0
740.0
736.0
740.0
740.0
740.0
748.0
744.0
740.0
744.0
748.0
748.0
744.0
748.0
740.0
744.0
748.0
744.0
748.0
756.0
752.0
740.0
748.0
744.0
748.0
740.0
748.0
740.0
740.0
740.0
736.0
740.0
744.0
740.0
732.0
736.0
736.0
736.0
740.0
744.0
724.0
728.0
732.0
728.0
736.0
736.0
736.0
728.0
732.0
736.0
740.0
736.0
732.0
728.0
728.0
728.0
736.0
732.0
724.0
720.0
728.0
728.0
736.0
728.0
732.0
728.0
732.0
736.0
732.0
744.0
744.0
756.0
764.0
784.0
780.0
764.0
768.0
760.0
760.0
756.0
756.0
752.0
748.0
732.0
728.0
728.0
736.0
736.0
744.0
732.0
728.0
736.0
736.0
744.0
744.0
736.0
732.0
728.0
740.0
740.0
736.0
752.0
744.0
740.0
740.0
740.0
740.0
736.0
740.0
740.0
748.0
756.0
752.0
744.0
744.0
740.0
740.0
748.0
740.0
736.0
740.0
740.0
740.0
744.0
744.0
736.0
740.0
744.0
744.0
748.0
748.0
748.0
740.0
744.0
744.0
752.0
756.0
748.0
748.0
752.0
748.0
748.0
748.0
756.0
752.0
748.0
748.0
752.0
752.0
756.0
756.0
748.0
752.0
744.0
748.0
748.0
736.0
748.0
740.0
744.0
744.0
748.0
748.0
748.0
748.0
748.0
748.0
752.0
748.0
748.0
748.0
736.0
736.0
740.0
740.0
740.0
744.0
740.0
728.0
728.0
736.0
732.0
740.0
740.0
732.0
732.0
736.0
736.0
736.0
740.0
732.0
732.0
736.0
736.0
732.0
736.0
736.0
732.0
732.0
736.0
736.0
732.0
744.0
728.0
732.0
736.0
740.0
740.0
744.0
736.0
732.0
732.0
732.0
732.0
744.0
736.0
724.0
720.0
728.0
724.0
724.0
728.0
732.0
716.0
720.0
720.0
724.0
724.0
732.0
732.0
724.0
736.0
728.0
736.0
740.0
396.0
1044.0
744.0
724.0
724.0
724.0
728.0
732.0
720.0
720.0
728.0
724.0
736.0
740.0
736.0
728.0
736.0
736.0
736.0
744.0
736.0
744.0
748.0
744.0
736.0
748.0
744.0
732.0
740.0
744.0
740.0
748.0
744.0
740.0
740.0
740.0
736.0
740.0
744.0
736.0
736.0
452.0
1012.0
748.0
744.0
736.0
1260.0
1248.0
844.0
752.0
740.0
736.0
732.0
740.0
744.0
748.0
752.0
740.0
748.0
752.0
748.0
752.0
748.0
732.0
740.0
744.0
740.0
744.0
744.0
744.0
736.0
740.0
736.0
740.0
744.0
748.0
744.0
736.0
732.0
736.0
732.0
736.0
736.0
728.0
728.0
728.0
728.0
736.0
736.0
744.0
728.0
740.0
740.0
748.0
744.0
400.0
1076.0
748.0
732.0
748.0
740.0
736.0
744.0
732.0
736.0
736.0
736.0
736.0
736.0
736.0
736.0
732.0
728.0
728.0
732.0
492.0
844.0
732.0
736.0
732.0
724.0
716.0
724.0
728.0
728.0
728.0
720.0
728.0
732.0
732.0
720.0
720.0
724.0
736.0
736.0
732.0
736.0
740.0
732.0
732.0
744.0
748.0
736.0
732.0
736.0
740.0
744.0
740.0
740.0
744.0
744.0
740.0
736.0
740.0
736.0
724.0
740.0
728.0
724.0
724.0
724.0
724.0
724.0
728.0
740.0
736.0
728.0
720.0
724.0
732.0
496.0
964.0
736.0
732.0
476.0
844.0
732.0
728.0
720.0
736.0
736.0
724.0
716.0
720.0
440.0
980.0
740.0
720.0
716.0
712.0
712.0
712.0
468.0
980.0
724.0
712.0
704.0
708.0
720.0
724.0
716.0
716.0
728.0
720.0
736.0
736.0
748.0
736.0
744.0
744.0
744.0
748.0
744.0
744.0
744.0
748.0
740.0
744.0
412.0
1068.0
756.0
740.0
740.0
740.0
736.0
736.0
732.0
732.0
740.0
740.0
732.0
732.0
732.0
732.0
436.0
1024.0
752.0
740.0
732.0
732.0
740.0
736.0
732.0
732.0
732.0
736.0
724.0
728.0
728.0
716.0
716.0
704.0
720.0
724.0
720.0
716.0
728.0
736.0
732.0
732.0
736.0
732.0
736.0
740.0
732.0
728.0
728.0
728.0
732.0
732.0
728.0
732.0
740.0
736.0
736.0
740.0
736.0
740.0
744.0
748.0
736.0
740.0
736.0
740.0
740.0
744.0
740.0
740.0
744.0
740.0
732.0
732.0
736.0
732.0
732.0
736.0
736.0
736.0
740.0
724.0
732.0
736.0
736.0
736.0
732.0
732.0
728.0
744.0
728.0
732.0
740.0
736.0
744.0
740.0
732.0
732.0
736.0
740.0
744.0
744.0
740.0
732.0
740.0
732.0
720.0
720.0
716.0
724.0
712.0
716.0
724.0
716.0
724.0
1260.0
772.0
732.0
728.0
728.0
712.0
716.0
712.0
716.0
716.0
712.0
700.0
700.0
708.0
700.0
696.0
692.0
708.0
704.0
700.0
696.0
708.0
696.0
696.0
688.0
696.0
708.0
712.0
708.0
716.0
708.0
708.0
716.0
712.0
704.0
700.0
708.0
712.0
716.0
712.0
716.0
716.0
716.0
716.0
716.0
724.0
724.0
728.0
728.0
724.0
728.0
732.0
740.0
732.0
736.0
736.0
736.0
740.0
740.0
732.0
744.0
744.0
740.0
736.0
736.0
736.0
736.0
740.0
736.0
736.0
740.0
744.0
736.0
736.0
740.0
748.0
740.0
740.0
744.0
740.0
748.0
740.0
740.0
740.0
744.0
736.0
736.0
732.0
740.0
736.0
736.0
732.0
732.0
736.0
736.0
728.0
732.0
732.0
732.0
744.0
724.0
728.0
728.0
732.0
724.0
716.0
724.0
716.0
712.0
708.0
704.0
704.0
720.0
716.0
708.0
712.0
720.0
716.0
728.0
724.0
720.0
712.0
716.0
728.0
728.0
732.0
720.0
732.0
732.0
724.0
724.0
728.0
728.0
732.0
728.0
740.0
736.0
740.0
436.0
1040.0
748.0
732.0
720.0
728.0
728.0
720.0
720.0
728.0
728.0
732.0
728.0
732.0
732.0
736.0
732.0
732.0
728.0
736.0
740.0
732.0
728.0
728.0
728.0
744.0
740.0
732.0
732.0
740.0
732.0
740.0
732.0
732.0
728.0
740.0
736.0
728.0
728.0
724.0
724.0
732.0
724.0
716.0
720.0
720.0
728.0
720.0
724.0
716.0
720.0
728.0
716.0
712.0
724.0
720.0
720.0
716.0
716.0
720.0
724.0
724.0
712.0
720.0
724.0
728.0
716.0
716.0
720.0
720.0
728.0
436.0
984.0
728.0
720.0
720.0
712.0
712.0
712.0
716.0
732.0
720.0
728.0
724.0
732.0
732.0
728.0
732.0
736.0
732.0
736.0
740.0
724.0
724.0
736.0
724.0
716.0
720.0
712.0
708.0
708.0
704.0
712.0
716.0
716.0
708.0
708.0
712.0
708.0
708.0
708.0
708.0
708.0
716.0
712.0
704.0
712.0
708.0
720.0
716.0
716.0
724.0
720.0
732.0
728.0
736.0
732.0
736.0
740.0
736.0
732.0
732.0
740.0
736.0
736.0
724.0
724.0
400.0
1040.0
736.0
720.0
720.0
732.0
732.0
724.0
724.0
728.0
732.0
740.0
732.0
732.0
728.0
736.0
736.0
740.0
732.0
728.0
728.0
732.0
736.0
728.0
732.0
728.0
732.0
736.0
736.0
724.0
732.0
732.0
740.0
748.0
740.0
736.0
