996.0
848.0
1000.0
808.0
988.0
812.0
988.0
816.0
1008.0
820.0
980.0
812.0
828.0
836.0
848.0
836.0
840.0
972.0
804.0
968.0
824.0
1008.0
804.0
1000.0
844.0
976.0
824.0
1000.0
808.0
980.0
828.0
1012.0
832.0
1024.0
864.0
980.0
872.0
644.0
588.0
1024.0
656.0
1092.0
984.0
980.0
884.0
996.0
860.0
1020.0
824.0
1000.0
848.0
1012.0
840.0
1020.0
868.0
1004.0
836.0
980.0
816.0
984.0
812.0
972.0
836.0
1008.0
836.0
992.0
828.0
996.0
804.0
1032.0
880.0
980.0
864.0
1016.0
820.0
1008.0
844.0
1008.0
820.0
1028.0
836.0
996.0
820.0
1012.0
816.0
864.0
1000.0
816.0
856.0
1020.0
816.0
868.0
1020.0
836.0
1004.0
840.0
992.0
816.0
984.0
808.0
972.0
812.0
988.0
808.0
1000.0
824.0
980.0
844.0
988.0
836.0
1016.0
828.0
988.0
872.0
1016.0
860.0
1000.0
876.0
984.0
856.0
1008.0
836.0
988.0
828.0
992.0
812.0
1016.0
828.0
864.0
1020.0
856.0
872.0
1008.0
816.0
856.0
996.0
816.0
856.0
1004.0
812.0
980.0
836.0
992.0
812.0
972.0
812.0
844.0
972.0
812.0
848.0
980.0
824.0
564.0
1020.0
988.0
860.0
988.0
836.0
1000.0
820.0
860.0
1004.0
812.0
984.0
824.0
1008.0
808.0
1008.0
824.0
984.0
820.0
1012.0
812.0
996.0
828.0
988.0
800.0
1004.0
820.0
976.0
836.0
992.0
796.0
4268.0
784.0
816.0
976.0
792.0
968.0
808.0
996.0
808.0
988.0
836.0
1004.0
808.0
1012.0
816.0
1012.0
824.0
1036.0
820.0
1000.0
832.0
1004.0
812.0
1016.0
832.0
992.0
828.0
1020.0
820.0
1004.0
836.0
856.0
864.0
848.0
984.0
808.0
836.0
972.0
816.0
968.0
800.0
1008.0
808.0
988.0
844.0
1016.0
836.0
984.0
820.0
996.0
804.0
976.0
824.0
996.0
812.0
992.0
816.0
856.0
992.0
832.0
864.0
944.0
1020.0
836.0
1016.0
820.0
1016.0
812.0
864.0
1024.0
848.0
864.0
996.0
816.0
852.0
992.0
816.0
856.0
872.0
1004.0
804.0
860.0
1016.0
816.0
980.0
824.0
848.0
852.0
988.0
812.0
968.0
808.0
1004.0
828.0
984.0
832.0
1036.0
828.0
1008.0
864.0
1016.0
840.0
1020.0
872.0
980.0
880.0
1000.0
868.0
980.0
900.0
984.0
872.0
1004.0
980.0
852.0
996.0
972.0
868.0
976.0
860.0
852.0
840.0
972.0
816.0
828.0
844.0
988.0
804.0
844.0
972.0
832.0
964.0
844.0
976.0
876.0
952.0
884.0
972.0
844.0
868.0
992.0
816.0
968.0
840.0
856.0
856.0
980.0
820.0
976.0
836.0
996.0
812.0
976.0
844.0
976.0
824.0
988.0
860.0
960.0
844.0
984.0
808.0
992.0
832.0
972.0
852.0
988.0
816.0
1000.0
844.0
972.0
836.0
1008.0
816.0
980.0
840.0
868.0
856.0
992.0
812.0
840.0
972.0
808.0
972.0
816.0
992.0
824.0
860.0
992.0
820.0
848.0
988.0
800.0
840.0
856.0
992.0
800.0
972.0
816.0
968.0
812.0
996.0
812.0
848.0
992.0
840.0
968.0
840.0
1004.0
836.0
856.0
988.0
832.0
852.0
972.0
608.0
1032.0
952.0
960.0
856.0
968.0
848.0
972.0
832.0
988.0
804.0
848.0
984.0
820.0
848.0
992.0
820.0
988.0
812.0
1000.0
824.0
856.0
1000.0
808.0
992.0
832.0
996.0
804.0
996.0
816.0
984.0
824.0
1008.0
828.0
628.0
1052.0
980.0
948.0
860.0
988.0
836.0
864.0
996.0
812.0
848.0
852.0
840.0
832.0
972.0
804.0
964.0
800.0
992.0
804.0
848.0
984.0
828.0
852.0
996.0
844.0
976.0
840.0
996.0
816.0
852.0
1000.0
844.0
868.0
880.0
992.0
816.0
984.0
848.0
872.0
880.0
996.0
824.0
872.0
988.0
844.0
864.0
984.0
852.0
976.0
864.0
988.0
824.0
980.0
832.0
960.0
828.0
984.0
804.0
856.0
976.0
820.0
968.0
808.0
1000.0
804.0
852.0
984.0
828.0
852.0
860.0
980.0
816.0
860.0
976.0
804.0
844.0
980.0
844.0
844.0
972.0
844.0
868.0
876.0
980.0
844.0
868.0
864.0
984.0
836.0
848.0
980.0
816.0
848.0
984.0
848.0
888.0
852.0
1000.0
816.0
976.0
832.0
988.0
808.0
856.0
992.0
804.0
968.0
824.0
984.0
796.0
980.0
820.0
972.0
812.0
980.0
808.0
848.0
848.0
844.0
820.0
844.0
968.0
800.0
984.0
808.0
980.0
828.0
848.0
840.0
1684.0
852.0
848.0
852.0
848.0
848.0
852.0
860.0
860.0
972.0
828.0
984.0
796.0
864.0
848.0
844.0
832.0
832.0
816.0
816.0
808.0
816.0
808.0
812.0
816.0
812.0
816.0
800.0
796.0
808.0
796.0
788.0
800.0
792.0
796.0
804.0
804.0
792.0
1608.0
940.0
756.0
952.0
768.0
804.0
812.0
824.0
820.0
824.0
824.0
816.0
948.0
780.0
832.0
840.0
844.0
836.0
844.0
844.0
836.0
1012.0
816.0
996.0
828.0
952.0
856.0
1020.0
820.0
856.0
984.0
792.0
844.0
984.0
796.0
836.0
840.0
832.0
828.0
960.0
784.0
828.0
960.0
780.0
828.0
988.0
800.0
984.0
816.0
984.0
816.0
1020.0
812.0
1024.0
980.0
836.0
1064.0
976.0
992.0
972.0
956.0
956.0
960.0
968.0
940.0
904.0
888.0
864.0
840.0
836.0
840.0
844.0
808.0
800.0
820.0
816.0
804.0
808.0
808.0
804.0
796.0
800.0
784.0
776.0
804.0
936.0
772.0
944.0
800.0
968.0
796.0
960.0
800.0
968.0
784.0
848.0
968.0
800.0
980.0
820.0
988.0
800.0
984.0
816.0
996.0
808.0
996.0
808.0
860.0
988.0
800.0
840.0
848.0
844.0
832.0
824.0
848.0
960.0
792.0
960.0
796.0
968.0
792.0
988.0
800.0
976.0
1168.0
1016.0
1008.0
892.0
1000.0
820.0
1020.0
812.0
996.0
808.0
992.0
800.0
852.0
988.0
812.0
988.0
816.0
1004.0
800.0
988.0
808.0
968.0
812.0
984.0
804.0
980.0
804.0
968.0
788.0
832.0
828.0
3408.0
840.0
820.0
828.0
828.0
960.0
796.0
968.0
788.0
956.0
808.0
984.0
812.0
992.0
844.0
1012.0
816.0
984.0
804.0
856.0
996.0
804.0
960.0
804.0
964.0
800.0
984.0
816.0
992.0
820.0
1016.0
824.0
1000.0
848.0
1036.0
856.0
1016.0
852.0
1036.0
844.0
1036.0
840.0
1012.0
868.0
1032.0
836.0
1008.0
852.0
1012.0
828.0
1024.0
836.0
988.0
844.0
1008.0
816.0
1012.0
844.0
1000.0
868.0
1036.0
848.0
996.0
884.0
1032.0
852.0
1024.0
864.0
1000.0
824.0
1000.0
832.0
1004.0
828.0
1020.0
820.0
1020.0
840.0
1000.0
832.0
1012.0
816.0
1016.0
816.0
984.0
820.0
1016.0
820.0
1012.0
856.0
1012.0
844.0
1036.0
860.0
1016.0
1008.0
892.0
1024.0
1000.0
1000.0
860.0
1008.0
848.0
1024.0
840.0
1008.0
852.0
996.0
820.0
980.0
844.0
1008.0
840.0
984.0
816.0
1020.0
820.0
980.0
808.0
988.0
792.0
848.0
844.0
836.0
984.0
824.0
988.0
816.0
1008.0
824.0
992.0
844.0
1032.0
836.0
1036.0
868.0
1000.0
872.0
1008.0
836.0
1004.0
844.0
1024.0
888.0
1012.0
872.0
988.0
852.0
1000.0
828.0
1016.0
832.0
992.0
832.0
1016.0
820.0
1016.0
832.0
1004.0
836.0
1052.0
860.0
1016.0
884.0
1032.0
856.0
1008.0
848.0
1000.0
816.0
996.0
824.0
984.0
828.0
972.0
808.0
956.0
800.0
956.0
804.0
964.0
804.0
964.0
804.0
992.0
820.0
1004.0
860.0
1020.0
852.0
1040.0
856.0
1004.0
836.0
1000.0
812.0
272.0
724.0
824.0
984.0
828.0
1000.0
824.0
984.0
816.0
972.0
804.0
980.0
808.0
1000.0
820.0
996.0
856.0
1020.0
848.0
988.0
848.0
996.0
840.0
1020.0
820.0
1004.0
844.0
1020.0
812.0
1028.0
840.0
1004.0
836.0
1028.0
836.0
1036.0
864.0
1024.0
836.0
1016.0
832.0
1020.0
832.0
1040.0
848.0
1004.0
860.0
