636.0
716.0
628.0
716.0
624.0
552.0
760.0
716.0
728.0
752.0
584.0
704.0
668.0
532.0
532.0
704.0
552.0
608.0
528.0
684.0
712.0
840.0
748.0
756.0
684.0
676.0
588.0
548.0
616.0
848.0
636.0
628.0
528.0
628.0
768.0
744.0
728.0
636.0
1140.0
624.0
624.0
620.0
708.0
840.0
700.0
760.0
628.0
972.0
760.0
816.0
692.0
660.0
604.0
936.0
752.0
540.0
536.0
892.0
644.0
596.0
728.0
656.0
524.0
536.0
732.0
628.0
696.0
692.0
740.0
604.0
664.0
584.0
768.0
856.0
556.0
576.0
504.0
856.0
724.0
732.0
488.0
532.0
700.0
704.0
652.0
788.0
692.0
568.0
476.0
520.0
624.0
684.0
776.0
572.0
624.0
752.0
772.0
640.0
708.0
724.0
536.0
564.0
588.0
684.0
724.0
700.0
528.0
732.0
688.0
792.0
672.0
688.0
640.0
648.0
696.0
524.0
600.0
852.0
844.0
632.0
632.0
816.0
808.0
664.0
740.0
752.0
632.0
716.0
576.0
700.0
696.0
684.0
628.0
676.0
724.0
772.0
648.0
788.0
796.0
768.0
524.0
568.0
488.0
636.0
668.0
524.0
800.0
772.0
648.0
528.0
656.0
844.0
752.0
700.0
636.0
680.0
632.0
648.0
660.0
568.0
636.0
632.0
680.0
568.0
512.0
788.0
544.0
680.0
668.0
416.0
896.0
600.0
728.0
584.0
660.0
840.0
752.0
768.0
784.0
416.0
744.0
564.0
636.0
504.0
664.0
572.0
636.0
760.0
732.0
700.0
732.0
636.0
768.0
628.0
796.0
516.0
452.0
596.0
692.0
720.0
552.0
664.0
832.0
776.0
704.0
728.0
1012.0
672.0
692.0
568.0
620.0
692.0
732.0
784.0
692.0
536.0
696.0
672.0
540.0
620.0
700.0
548.0
664.0
720.0
736.0
736.0
564.0
616.0
628.0
564.0
636.0
680.0
544.0
728.0
676.0
908.0
644.0
476.0
832.0
700.0
736.0
820.0
732.0
652.0
524.0
612.0
552.0
704.0
804.0
500.0
1080.0
764.0
540.0
524.0
524.0
620.0
680.0
488.0
632.0
820.0
788.0
592.0
656.0
508.0
852.0
760.0
680.0
836.0
752.0
656.0
628.0
824.0
620.0
548.0
672.0
672.0
644.0
824.0
680.0
660.0
684.0
528.0
624.0
660.0
672.0
692.0
676.0
700.0
548.0
636.0
772.0
664.0
828.0
648.0
604.0
512.0
584.0
608.0
908.0
484.0
752.0
736.0
704.0
784.0
532.0
696.0
648.0
488.0
760.0
668.0
732.0
504.0
548.0
732.0
616.0
728.0
544.0
484.0
748.0
564.0
600.0
680.0
644.0
580.0
648.0
632.0
524.0
724.0
784.0
720.0
692.0
488.0
556.0
676.0
796.0
692.0
612.0
812.0
532.0
624.0
616.0
532.0
880.0
820.0
800.0
612.0
600.0
780.0
560.0
416.0
936.0
664.0
632.0
672.0
596.0
712.0
496.0
684.0
784.0
720.0
540.0
752.0
612.0
652.0
572.0
600.0
712.0
584.0
552.0
668.0
684.0
700.0
684.0
608.0
800.0
648.0
900.0
648.0
748.0
708.0
740.0
584.0
552.0
864.0
692.0
452.0
860.0
696.0
616.0
784.0
540.0
460.0
860.0
644.0
716.0
716.0
724.0
732.0
776.0
948.0
636.0
652.0
680.0
712.0
648.0
524.0
732.0
680.0
660.0
480.0
704.0
684.0
520.0
668.0
824.0
652.0
664.0
916.0
524.0
808.0
708.0
688.0
628.0
816.0
560.0
528.0
700.0
668.0
856.0
764.0
776.0
556.0
620.0
692.0
1016.0
484.0
884.0
556.0
584.0
624.0
748.0
724.0
748.0
724.0
812.0
672.0
756.0
668.0
708.0
692.0
620.0
740.0
528.0
760.0
704.0
704.0
884.0
672.0
620.0
656.0
648.0
632.0
828.0
636.0
556.0
576.0
628.0
636.0
624.0
636.0
748.0
616.0
760.0
508.0
988.0
672.0
808.0
772.0
816.0
540.0
600.0
704.0
712.0
508.0
564.0
632.0
616.0
704.0
628.0
488.0
664.0
672.0
704.0
760.0
772.0
628.0
700.0
636.0
520.0
652.0
644.0
712.0
580.0
628.0
620.0
708.0
748.0
564.0
448.0
540.0
792.0
776.0
760.0
756.0
748.0
760.0
672.0
692.0
500.0
704.0
716.0
668.0
480.0
576.0
492.0
772.0
688.0
560.0
732.0
488.0
644.0
836.0
664.0
640.0
712.0
524.0
628.0
508.0
504.0
636.0
616.0
668.0
664.0
552.0
668.0
560.0
676.0
568.0
684.0
816.0
740.0
940.0
536.0
492.0
668.0
480.0
720.0
560.0
740.0
484.0
436.0
416.0
408.0
408.0
488.0
500.0
392.0
760.0
468.0
432.0
412.0
492.0
772.0
508.0
744.0
552.0
772.0
556.0
784.0
720.0
520.0
476.0
452.0
408.0
388.0
436.0
728.0
820.0
480.0
1096.0
596.0
700.0
972.0
792.0
504.0
760.0
532.0
752.0
792.0
808.0
596.0
480.0
596.0
840.0
748.0
516.0
764.0
728.0
540.0
744.0
812.0
552.0
784.0
696.0
516.0
628.0
556.0
492.0
780.0
792.0
732.0
868.0
560.0
800.0
716.0
560.0
736.0
516.0
732.0
800.0
832.0
532.0
704.0
828.0
792.0
592.0
368.0
784.0
832.0
764.0
536.0
752.0
780.0
596.0
632.0
836.0
760.0
604.0
616.0
520.0
780.0
768.0
564.0
772.0
752.0
548.0
692.0
884.0
756.0
540.0
864.0
664.0
844.0
792.0
788.0
528.0
732.0
708.0
568.0
548.0
792.0
784.0
620.0
704.0
836.0
544.0
796.0
860.0
704.0
716.0
688.0
816.0
712.0
728.0
812.0
552.0
832.0
532.0
476.0
428.0
432.0
484.0
460.0
480.0
472.0
456.0
668.0
708.0
740.0
596.0
916.0
656.0
468.0
576.0
776.0
796.0
676.0
648.0
516.0
488.0
428.0
980.0
776.0
748.0
548.0
588.0
612.0
480.0
556.0
532.0
724.0
600.0
744.0
564.0
516.0
472.0
564.0
736.0
720.0
680.0
612.0
724.0
776.0
724.0
532.0
672.0
528.0
736.0
924.0
660.0
640.0
712.0
556.0
768.0
512.0
792.0
764.0
524.0
644.0
804.0
788.0
560.0
652.0
532.0
620.0
680.0
760.0
668.0
848.0
872.0
520.0
592.0
784.0
820.0
756.0
764.0
724.0
588.0
520.0
608.0
736.0
592.0
796.0
768.0
564.0
692.0
636.0
544.0
652.0
536.0
516.0
740.0
764.0
800.0
788.0
832.0
856.0
792.0
764.0
1020.0
432.0
916.0
532.0
712.0
768.0
736.0
512.0
776.0
768.0
432.0
792.0
752.0
820.0
548.0
536.0
584.0
632.0
504.0
476.0
660.0
788.0
944.0
680.0
716.0
796.0
900.0
732.0
484.0
740.0
828.0
756.0
508.0
684.0
484.0
524.0
624.0
496.0
728.0
876.0
720.0
488.0
496.0
644.0
636.0
572.0
524.0
720.0
748.0
540.0
612.0
728.0
956.0
708.0
740.0
496.0
632.0
860.0
564.0
700.0
540.0
672.0
504.0
808.0
764.0
540.0
644.0
788.0
864.0
652.0
712.0
768.0
760.0
736.0
696.0
728.0
764.0
476.0
444.0
756.0
728.0
552.0
688.0
504.0
676.0
820.0
744.0
524.0
528.0
652.0
712.0
776.0
804.0
792.0
768.0
808.0
756.0
860.0
768.0
736.0
520.0
676.0
524.0
644.0
640.0
568.0
800.0
752.0
580.0
640.0
784.0
784.0
768.0
504.0
980.0
660.0
632.0
780.0
732.0
520.0
904.0
672.0
660.0
508.0
488.0
644.0
772.0
732.0
584.0
636.0
536.0
616.0
516.0
864.0
1048.0
744.0
756.0
784.0
800.0
572.0
680.0
704.0
744.0
792.0
752.0
508.0
700.0
720.0
748.0
760.0
696.0
660.0
644.0
676.0
528.0
624.0
556.0
496.0
736.0
720.0
480.0
688.0
748.0
520.0
696.0
768.0
740.0
516.0
648.0
760.0
656.0
732.0
612.0
644.0
784.0
812.0
696.0
716.0
732.0
592.0
708.0
680.0
644.0
608.0
564.0
576.0
760.0
528.0
664.0
708.0
736.0
764.0
680.0
528.0
492.0
576.0
892.0
728.0
620.0
816.0
536.0
648.0
656.0
776.0
520.0
644.0
800.0
512.0
664.0
712.0
644.0
