588.0
1072.0
620.0
368.0
700.0
612.0
596.0
596.0
592.0
588.0
592.0
596.0
596.0
592.0
592.0
588.0
592.0
584.0
592.0
584.0
592.0
588.0
592.0
592.0
588.0
584.0
584.0
584.0
588.0
588.0
588.0
592.0
584.0
584.0
584.0
588.0
588.0
584.0
580.0
368.0
696.0
616.0
600.0
592.0
588.0
588.0
584.0
580.0
584.0
476.0
668.0
592.0
588.0
584.0
588.0
584.0
588.0
584.0
588.0
588.0
584.0
588.0
372.0
692.0
608.0
588.0
324.0
260.0
580.0
580.0
608.0
552.0
472.0
660.0
600.0
580.0
580.0
580.0
580.0
584.0
580.0
580.0
584.0
580.0
584.0
584.0
584.0
580.0
580.0
580.0
580.0
576.0
368.0
700.0
608.0
584.0
588.0
580.0
580.0
584.0
584.0
588.0
588.0
588.0
580.0
584.0
584.0
580.0
580.0
576.0
572.0
580.0
580.0
588.0
580.0
580.0
576.0
576.0
584.0
580.0
580.0
580.0
584.0
580.0
580.0
580.0
576.0
580.0
580.0
580.0
576.0
580.0
368.0
688.0
604.0
584.0
576.0
576.0
572.0
576.0
576.0
576.0
576.0
572.0
576.0
568.0
568.0
568.0
572.0
472.0
640.0
368.0
668.0
584.0
568.0
576.0
572.0
568.0
568.0
564.0
360.0
660.0
580.0
600.0
540.0
560.0
364.0
664.0
580.0
568.0
560.0
564.0
564.0
564.0
560.0
564.0
560.0
560.0
564.0
560.0
556.0
556.0
560.0
556.0
560.0
556.0
560.0
560.0
552.0
552.0
556.0
556.0
560.0
560.0
564.0
560.0
488.0
616.0
564.0
556.0
556.0
556.0
556.0
560.0
560.0
556.0
480.0
608.0
568.0
556.0
560.0
552.0
552.0
556.0
560.0
556.0
476.0
352.0
656.0
572.0
560.0
560.0
552.0
556.0
552.0
552.0
552.0
556.0
548.0
552.0
556.0
552.0
584.0
544.0
524.0
352.0
664.0
576.0
592.0
524.0
556.0
548.0
552.0
552.0
548.0
556.0
552.0
552.0
548.0
552.0
552.0
552.0
552.0
556.0
552.0
548.0
556.0
544.0
552.0
556.0
552.0
696.0
408.0
548.0
548.0
548.0
544.0
548.0
552.0
356.0
648.0
564.0
552.0
552.0
552.0
552.0
552.0
548.0
548.0
548.0
548.0
548.0
552.0
548.0
544.0
544.0
548.0
544.0
548.0
1012.0
576.0
552.0
544.0
544.0
548.0
548.0
548.0
548.0
556.0
548.0
548.0
544.0
552.0
544.0
548.0
548.0
544.0
544.0
548.0
552.0
552.0
548.0
544.0
548.0
544.0
548.0
544.0
552.0
548.0
580.0
524.0
544.0
548.0
544.0
548.0
540.0
548.0
544.0
536.0
548.0
548.0
544.0
548.0
544.0
548.0
544.0
544.0
544.0
544.0
544.0
552.0
552.0
548.0
544.0
544.0
544.0
540.0
544.0
544.0
548.0
548.0
544.0
544.0
548.0
544.0
548.0
544.0
544.0
544.0
544.0
544.0
544.0
548.0
544.0
548.0
544.0
548.0
548.0
548.0
576.0
520.0
544.0
548.0
540.0
548.0
548.0
552.0
544.0
548.0
356.0
648.0
564.0
548.0
556.0
552.0
548.0
548.0
548.0
544.0
548.0
544.0
548.0
548.0
552.0
556.0
552.0
552.0
548.0
548.0
552.0
548.0
552.0
544.0
544.0
548.0
552.0
548.0
548.0
552.0
552.0
552.0
548.0
548.0
552.0
548.0
556.0
552.0
548.0
548.0
572.0
520.0
544.0
552.0
544.0
352.0
760.0
456.0
552.0
552.0
552.0
556.0
544.0
224.0
324.0
544.0
548.0
556.0
552.0
552.0
560.0
556.0
548.0
552.0
556.0
548.0
556.0
552.0
552.0
556.0
552.0
552.0
560.0
556.0
564.0
556.0
556.0
556.0
556.0
560.0
568.0
560.0
560.0
556.0
556.0
556.0
552.0
556.0
564.0
560.0
556.0
560.0
556.0
552.0
564.0
564.0
556.0
556.0
560.0
560.0
560.0
560.0
560.0
560.0
560.0
560.0
556.0
552.0
556.0
592.0
532.0
564.0
560.0
556.0
556.0
556.0
560.0
556.0
560.0
564.0
560.0
560.0
560.0
564.0
560.0
560.0
556.0
560.0
556.0
560.0
564.0
568.0
568.0
564.0
568.0
556.0
560.0
564.0
564.0
564.0
572.0
572.0
564.0
568.0
564.0
564.0
564.0
564.0
568.0
568.0
564.0
564.0
572.0
576.0
568.0
572.0
568.0
568.0
568.0
568.0
568.0
568.0
568.0
568.0
568.0
572.0
568.0
572.0
564.0
568.0
572.0
700.0
444.0
572.0
572.0
572.0
572.0
576.0
568.0
568.0
572.0
572.0
572.0
568.0
568.0
576.0
572.0
568.0
568.0
576.0
576.0
572.0
568.0
572.0
576.0
572.0
572.0
572.0
568.0
572.0
572.0
568.0
568.0
576.0
568.0
572.0
572.0
568.0
564.0
576.0
576.0
576.0
576.0
580.0
576.0
572.0
572.0
576.0
576.0
576.0
572.0
568.0
572.0
576.0
576.0
576.0
572.0
580.0
576.0
576.0
572.0
580.0
584.0
580.0
580.0
580.0
576.0
580.0
576.0
580.0
576.0
576.0
576.0
580.0
576.0
576.0
584.0
580.0
580.0
576.0
580.0
584.0
588.0
584.0
584.0
580.0
576.0
580.0
580.0
580.0
576.0
580.0
580.0
576.0
576.0
588.0
580.0
584.0
576.0
580.0
576.0
580.0
580.0
584.0
584.0
584.0
580.0
580.0
580.0
580.0
584.0
588.0
584.0
584.0
588.0
580.0
584.0
580.0
584.0
584.0
584.0
580.0
588.0
588.0
584.0
588.0
584.0
580.0
580.0
580.0
580.0
584.0
588.0
588.0
588.0
584.0
584.0
584.0
588.0
588.0
584.0
584.0
584.0
584.0
588.0
588.0
580.0
584.0
580.0
584.0
584.0
588.0
588.0
588.0
584.0
588.0
588.0
584.0
584.0
588.0
588.0
584.0
588.0
588.0
584.0
588.0
588.0
588.0
584.0
588.0
588.0
584.0
588.0
592.0
588.0
592.0
584.0
584.0
584.0
588.0
588.0
584.0
588.0
588.0
588.0
588.0
592.0
584.0
588.0
588.0
584.0
592.0
592.0
592.0
592.0
584.0
584.0
588.0
588.0
588.0
584.0
592.0
588.0
592.0
588.0
588.0
592.0
588.0
592.0
592.0
592.0
596.0
588.0
596.0
588.0
592.0
592.0
592.0
584.0
588.0
596.0
600.0
596.0
592.0
588.0
592.0
588.0
588.0
592.0
588.0
596.0
596.0
588.0
592.0
592.0
588.0
592.0
588.0
584.0
592.0
584.0
592.0
596.0
592.0
596.0
592.0
592.0
592.0
592.0
596.0
596.0
592.0
596.0
596.0
588.0
596.0
588.0
592.0
592.0
588.0
596.0
596.0
596.0
596.0
600.0
592.0
596.0
596.0
588.0
596.0
596.0
596.0
588.0
592.0
592.0
596.0
592.0
588.0
588.0
588.0
592.0
588.0
592.0
592.0
588.0
592.0
592.0
588.0
596.0
592.0
596.0
596.0
592.0
588.0
592.0
592.0
592.0
596.0
596.0
592.0
596.0
592.0
592.0
596.0
596.0
592.0
592.0
592.0
592.0
592.0
600.0
592.0
596.0
596.0
592.0
596.0
596.0
596.0
600.0
608.0
596.0
600.0
596.0
596.0
596.0
596.0
596.0
592.0
600.0
604.0
600.0
596.0
596.0
596.0
600.0
596.0
592.0
600.0
600.0
604.0
600.0
596.0
596.0
596.0
596.0
596.0
596.0
592.0
596.0
596.0
600.0
596.0
596.0
596.0
600.0
596.0
596.0
600.0
604.0
604.0
600.0
600.0
600.0
596.0
600.0
592.0
600.0
596.0
592.0
600.0
600.0
596.0
600.0
600.0
596.0
600.0
600.0
600.0
600.0
600.0
596.0
596.0
596.0
596.0
592.0
596.0
596.0
596.0
596.0
600.0
596.0
596.0
604.0
600.0
600.0
600.0
600.0
608.0
600.0
600.0
600.0
592.0
596.0
596.0
592.0
592.0
604.0
600.0
604.0
600.0
600.0
600.0
604.0
600.0
604.0
596.0
600.0
604.0
604.0
600.0
600.0
600.0
596.0
600.0
596.0
600.0
604.0
604.0
604.0
600.0
596.0
600.0
604.0
600.0
600.0
600.0
604.0
604.0
604.0
600.0
604.0
600.0
596.0
600.0
600.0
600.0
600.0
604.0
608.0
600.0
600.0
