1036.0
1032.0
1040.0
1036.0
1036.0
1040.0
1044.0
1040.0
1036.0
1044.0
1040.0
1044.0
1040.0
1052.0
1052.0
1048.0
1060.0
1048.0
1064.0
1036.0
1056.0
1048.0
1060.0
1056.0
1048.0
1076.0
1076.0
1060.0
1060.0
1068.0
1064.0
1060.0
1064.0
1072.0
1064.0
1056.0
1048.0
1056.0
1036.0
1060.0
1048.0
1056.0
1048.0
1044.0
1060.0
1056.0
1044.0
1052.0
1060.0
1052.0
1048.0
1048.0
1048.0
1044.0
940.0
1128.0
1056.0
1028.0
756.0
1316.0
1052.0
1024.0
1048.0
1036.0
1044.0
1028.0
1040.0
1048.0
1044.0
1056.0
1036.0
1060.0
1060.0
1052.0
1068.0
1068.0
1072.0
1056.0
1060.0
1064.0
1068.0
1072.0
1068.0
1068.0
1064.0
1080.0
1076.0
1068.0
1060.0
1060.0
1052.0
1092.0
1052.0
1056.0
1056.0
1068.0
1060.0
1060.0
1056.0
1068.0
1064.0
1068.0
1084.0
1064.0
692.0
1452.0
1072.0
1080.0
1052.0
1048.0
1052.0
1040.0
1068.0
1048.0
1068.0
1064.0
1060.0
1072.0
1040.0
1072.0
1068.0
1072.0
1064.0
1056.0
1060.0
1064.0
1064.0
1056.0
1068.0
1068.0
1064.0
1064.0
1080.0
1068.0
1064.0
1076.0
1080.0
1076.0
1064.0
1076.0
1076.0
1092.0
1076.0
1080.0
1076.0
1072.0
1068.0
1072.0
1068.0
1052.0
1068.0
1064.0
1068.0
1048.0
1060.0
1060.0
1068.0
1052.0
1068.0
1068.0
1052.0
1060.0
1064.0
1064.0
1068.0
1072.0
1068.0
1084.0
1068.0
1064.0
1080.0
1068.0
1060.0
1084.0
1072.0
1060.0
1060.0
1064.0
1068.0
1056.0
1056.0
1064.0
1060.0
1072.0
1060.0
1068.0
1056.0
1064.0
1056.0
1064.0
1052.0
1048.0
1056.0
1052.0
1052.0
1052.0
1056.0
1052.0
1064.0
1044.0
1068.0
1064.0
1056.0
1056.0
1056.0
1060.0
1036.0
1052.0
780.0
1356.0
1048.0
1040.0
1048.0
1044.0
1048.0
1032.0
1048.0
1044.0
1040.0
1064.0
1060.0
1044.0
1032.0
1048.0
1048.0
1052.0
1060.0
1060.0
1052.0
1064.0
1064.0
1068.0
1092.0
1084.0
1100.0
1100.0
1116.0
1116.0
1128.0
1128.0
1128.0
1120.0
1128.0
1120.0
680.0
1540.0
1120.0
1088.0
1140.0
1116.0
1112.0
1084.0
1100.0
1112.0
1108.0
1116.0
1116.0
1128.0
1132.0
1136.0
1140.0
1144.0
1120.0
1156.0
1140.0
1124.0
1108.0
1116.0
1108.0
1104.0
1080.0
1084.0
1100.0
1076.0
1080.0
1060.0
1080.0
1064.0
1076.0
1052.0
1056.0
1036.0
1048.0
1036.0
1032.0
1024.0
1032.0
1036.0
1024.0
1024.0
1028.0
1032.0
1024.0
1036.0
1032.0
1024.0
1032.0
1020.0
1048.0
1020.0
1024.0
1020.0
1020.0
1040.0
1016.0
1040.0
1020.0
1012.0
1008.0
1012.0
1012.0
1008.0
1016.0
996.0
1012.0
1004.0
1000.0
992.0
1004.0
992.0
992.0
992.0
988.0
992.0
984.0
984.0
1000.0
1000.0
996.0
996.0
1000.0
1012.0
996.0
1008.0
1000.0
1012.0
996.0
1004.0
1016.0
1008.0
1012.0
1004.0
1020.0
1024.0
1016.0
1016.0
1020.0
1032.0
776.0
1280.0
1032.0
1036.0
1024.0
1032.0
1036.0
1036.0
1040.0
1036.0
1052.0
1044.0
1048.0
1056.0
1060.0
1056.0
1068.0
1064.0
1076.0
1068.0
1060.0
1092.0
1064.0
1080.0
1060.0
1084.0
1064.0
1068.0
1056.0
1060.0
1052.0
1044.0
1068.0
1044.0
1056.0
1052.0
1052.0
1052.0
1056.0
1052.0
1072.0
1084.0
676.0
1464.0
1096.0
1100.0
1068.0
1092.0
1084.0
1096.0
1076.0
1096.0
1096.0
1080.0
1084.0
1076.0
1092.0
1072.0
1068.0
1064.0
1052.0
1060.0
1056.0
1060.0
1048.0
1068.0
1056.0
1068.0
1064.0
1056.0
1084.0
1080.0
1060.0
1072.0
1068.0
1072.0
1060.0
1064.0
1064.0
1060.0
1052.0
1044.0
1064.0
1048.0
1052.0
1056.0
1048.0
1052.0
1036.0
1056.0
1040.0
1040.0
1032.0
1036.0
1040.0
1028.0
1032.0
1036.0
1032.0
1024.0
1020.0
1024.0
1024.0
1016.0
1020.0
1020.0
1016.0
1016.0
1000.0
1016.0
1004.0
1008.0
1000.0
1012.0
1012.0
1004.0
996.0
1016.0
1000.0
1004.0
992.0
1000.0
1000.0
1000.0
1000.0
1004.0
1008.0
996.0
1012.0
1004.0
1024.0
1008.0
1004.0
1016.0
1016.0
1020.0
1004.0
1028.0
1012.0
1012.0
1020.0
1016.0
1028.0
1008.0
1020.0
1020.0
1020.0
1016.0
1020.0
1024.0
1024.0
1036.0
748.0
1312.0
1036.0
1024.0
692.0
1392.0
1044.0
1024.0
1032.0
1028.0
1032.0
1020.0
1032.0
1032.0
1032.0
1036.0
1036.0
1052.0
1084.0
1064.0
1056.0
1068.0
1060.0
1052.0
1064.0
1056.0
1040.0
1052.0
1056.0
1052.0
1048.0
1040.0
1040.0
1052.0
1016.0
1036.0
1028.0
1028.0
1032.0
1020.0
712.0
1384.0
1060.0
1020.0
1028.0
1028.0
1020.0
1004.0
1020.0
1012.0
1004.0
1016.0
1032.0
1016.0
1016.0
1020.0
1032.0
1032.0
1020.0
1008.0
1032.0
1008.0
1028.0
1012.0
1036.0
1016.0
1024.0
1032.0
1032.0
1040.0
1024.0
1056.0
1036.0
1048.0
1036.0
1040.0
1052.0
1024.0
1040.0
1028.0
1040.0
1020.0
1020.0
1044.0
1032.0
1036.0
1020.0
1048.0
1028.0
1036.0
1028.0
1044.0
1036.0
1028.0
1036.0
1032.0
1040.0
1012.0
1036.0
1024.0
1040.0
1024.0
1028.0
1036.0
1036.0
1040.0
1028.0
1044.0
1028.0
1036.0
1040.0
1048.0
1048.0
1032.0
1056.0
1048.0
1052.0
1052.0
1048.0
1068.0
1048.0
1076.0
1060.0
1068.0
1060.0
1072.0
1072.0
1060.0
1064.0
1068.0
796.0
1360.0
1096.0
1068.0
676.0
1480.0
1084.0
1072.0
1064.0
1060.0
1064.0
1056.0
1076.0
1040.0
1064.0
1064.0
1064.0
1044.0
1032.0
1044.0
1016.0
1008.0
1028.0
1016.0
1020.0
1000.0
1028.0
1016.0
1020.0
1016.0
1016.0
1028.0
1008.0
1012.0
1012.0
1032.0
1020.0
1008.0
1024.0
1028.0
1012.0
1024.0
1028.0
1024.0
1016.0
1008.0
1020.0
1024.0
1020.0
1016.0
1016.0
1012.0
1024.0
1004.0
1020.0
1012.0
700.0
1332.0
1032.0
1020.0
1008.0
1024.0
1012.0
1012.0
1000.0
1008.0
1000.0
1032.0
1008.0
1016.0
1016.0
1012.0
1004.0
1008.0
1012.0
1008.0
1020.0
1016.0
1024.0
1024.0
1016.0
1032.0
1028.0
1020.0
1020.0
1016.0
1044.0
1028.0
1012.0
1036.0
1040.0
1028.0
1020.0
1020.0
1036.0
1028.0
1008.0
1048.0
1032.0
1028.0
1040.0
1024.0
1040.0
1024.0
1020.0
1028.0
1032.0
1004.0
1036.0
1012.0
1020.0
1008.0
1016.0
1012.0
1000.0
1020.0
1004.0
1012.0
1012.0
1000.0
1000.0
1000.0
1012.0
1004.0
996.0
996.0
992.0
1008.0
984.0
1020.0
1004.0
996.0
996.0
1008.0
1008.0
996.0
992.0
1020.0
1004.0
1000.0
1008.0
1016.0
1000.0
1004.0
1004.0
1000.0
1004.0
996.0
1004.0
992.0
1000.0
996.0
992.0
988.0
1004.0
1004.0
976.0
1000.0
984.0
1000.0
980.0
1012.0
1012.0
992.0
992.0
992.0
1000.0
1016.0
988.0
988.0
988.0
996.0
984.0
1004.0
996.0
988.0
984.0
992.0
988.0
1008.0
984.0
992.0
992.0
996.0
988.0
984.0
1008.0
988.0
1000.0
988.0
992.0
996.0
984.0
1000.0
1000.0
992.0
1000.0
988.0
992.0
996.0
1004.0
996.0
760.0
1252.0
1032.0
1000.0
1008.0
1016.0
1000.0
1004.0
1016.0
1016.0
1008.0
1004.0
1024.0
1016.0
1012.0
1024.0
1024.0
1020.0
1028.0
1020.0
1036.0
1036.0
1032.0
1040.0
1056.0
1048.0
1040.0
1048.0
1060.0
1064.0
1064.0
1068.0
1072.0
1080.0
1072.0
1076.0
1096.0
1084.0
1080.0
1080.0
696.0
1484.0
1080.0
1080.0
1064.0
1068.0
1044.0
1076.0
1056.0
1072.0
1060.0
1056.0
1056.0
1040.0
1064.0
1060.0
1056.0
1072.0
1072.0
1088.0
1084.0
1092.0
1092.0
1100.0
1096.0
1104.0
1108.0
1104.0
1108.0
1112.0
1124.0
1104.0
1108.0
1116.0
1112.0
1108.0
1112.0
1116.0
1100.0
1124.0
1104.0
1112.0
1100.0
1088.0
1116.0
1088.0
1092.0
1084.0
1120.0
1096.0
1120.0
1116.0
1128.0
1112.0
1128.0
1136.0
1132.0
1124.0
1148.0
1156.0
1156.0
1140.0
1164.0
1144.0
1168.0
1136.0
1172.0
1136.0
1160.0
1128.0
1152.0
1120.0
1132.0
1128.0
1132.0
1140.0
1132.0
1148.0
1124.0
1132.0
1124.0
1148.0
1140.0
1132.0
1124.0
1108.0
1112.0
1108.0
1116.0
1128.0
1124.0
1144.0
1136.0
1164.0
1152.0
1176.0
688.0
600.0
1036.0
1184.0
1204.0
1172.0
1228.0
1160.0
1176.0
1152.0
1172.0
1144.0
1160.0
1140.0
1144.0
1132.0
1140.0
1116.0
1128.0
1104.0
1136.0
1124.0
1140.0
1116.0
1136.0
1116.0
1136.0
1124.0
1140.0
1120.0
1132.0
1132.0
