588.0
552.0
476.0
492.0
532.0
516.0
776.0
584.0
568.0
716.0
1036.0
604.0
820.0
520.0
904.0
648.0
632.0
840.0
576.0
752.0
540.0
544.0
724.0
1056.0
868.0
732.0
660.0
704.0
672.0
660.0
736.0
512.0
716.0
1000.0
1060.0
988.0
884.0
904.0
588.0
580.0
956.0
736.0
556.0
916.0
596.0
528.0
672.0
724.0
924.0
676.0
692.0
684.0
1212.0
1212.0
844.0
1092.0
580.0
536.0
552.0
912.0
872.0
728.0
776.0
748.0
580.0
680.0
556.0
712.0
1016.0
572.0
740.0
896.0
812.0
680.0
584.0
912.0
836.0
580.0
720.0
676.0
536.0
572.0
820.0
692.0
608.0
992.0
1052.0
820.0
728.0
764.0
540.0
528.0
888.0
764.0
676.0
556.0
528.0
1544.0
640.0
556.0
816.0
588.0
520.0
548.0
776.0
724.0
572.0
780.0
916.0
596.0
728.0
600.0
868.0
1196.0
824.0
664.0
548.0
744.0
764.0
776.0
604.0
548.0
508.0
640.0
516.0
904.0
832.0
832.0
796.0
644.0
1492.0
612.0
684.0
772.0
552.0
776.0
564.0
524.0
988.0
516.0
832.0
732.0
808.0
700.0
756.0
684.0
816.0
820.0
808.0
680.0
716.0
888.0
828.0
616.0
960.0
720.0
768.0
588.0
652.0
772.0
540.0
568.0
856.0
564.0
528.0
964.0
832.0
548.0
552.0
584.0
516.0
612.0
668.0
660.0
572.0
728.0
716.0
652.0
628.0
524.0
676.0
544.0
720.0
1032.0
640.0
664.0
740.0
916.0
876.0
732.0
760.0
552.0
856.0
848.0
924.0
692.0
564.0
584.0
504.0
764.0
556.0
784.0
712.0
644.0
752.0
1208.0
768.0
684.0
712.0
848.0
868.0
576.0
848.0
1056.0
660.0
760.0
544.0
600.0
536.0
812.0
788.0
608.0
912.0
752.0
692.0
728.0
616.0
600.0
700.0
628.0
548.0
788.0
876.0
632.0
716.0
620.0
780.0
604.0
952.0
1008.0
940.0
748.0
516.0
544.0
960.0
572.0
804.0
784.0
668.0
568.0
556.0
728.0
620.0
948.0
564.0
552.0
900.0
648.0
680.0
608.0
836.0
836.0
820.0
752.0
788.0
612.0
716.0
540.0
704.0
900.0
596.0
808.0
1104.0
860.0
912.0
612.0
708.0
940.0
824.0
764.0
968.0
864.0
708.0
564.0
500.0
560.0
800.0
1236.0
1024.0
968.0
572.0
540.0
904.0
676.0
616.0
672.0
808.0
764.0
780.0
732.0
536.0
860.0
1064.0
984.0
804.0
788.0
856.0
712.0
948.0
660.0
512.0
568.0
864.0
784.0
908.0
900.0
760.0
812.0
800.0
680.0
644.0
612.0
632.0
780.0
600.0
640.0
568.0
776.0
536.0
1048.0
636.0
616.0
552.0
648.0
796.0
896.0
620.0
520.0
564.0
820.0
580.0
820.0
944.0
796.0
636.0
732.0
604.0
1140.0
572.0
816.0
604.0
692.0
688.0
1012.0
572.0
780.0
1040.0
924.0
580.0
956.0
932.0
832.0
636.0
764.0
744.0
744.0
656.0
600.0
840.0
548.0
792.0
744.0
848.0
544.0
900.0
560.0
1088.0
572.0
544.0
592.0
884.0
580.0
816.0
648.0
568.0
668.0
1088.0
556.0
1044.0
888.0
992.0
700.0
892.0
768.0
772.0
676.0
576.0
732.0
772.0
812.0
712.0
548.0
800.0
968.0
736.0
672.0
660.0
764.0
684.0
804.0
672.0
1004.0
1060.0
552.0
752.0
532.0
636.0
592.0
572.0
596.0
560.0
856.0
700.0
924.0
1032.0
884.0
636.0
760.0
988.0
952.0
584.0
804.0
788.0
624.0
852.0
828.0
608.0
876.0
664.0
800.0
780.0
608.0
884.0
600.0
856.0
1020.0
884.0
836.0
596.0
552.0
708.0
552.0
752.0
856.0
568.0
600.0
564.0
520.0
792.0
796.0
872.0
648.0
800.0
744.0
772.0
556.0
740.0
636.0
568.0
904.0
568.0
600.0
796.0
772.0
936.0
584.0
684.0
808.0
772.0
600.0
852.0
1024.0
592.0
992.0
736.0
540.0
784.0
632.0
692.0
752.0
632.0
992.0
932.0
572.0
600.0
568.0
648.0
680.0
628.0
792.0
860.0
744.0
608.0
1140.0
768.0
816.0
572.0
736.0
860.0
872.0
884.0
800.0
644.0
716.0
632.0
564.0
740.0
800.0
680.0
796.0
704.0
872.0
708.0
692.0
536.0
568.0
760.0
772.0
800.0
744.0
576.0
984.0
992.0
760.0
724.0
660.0
552.0
1024.0
752.0
620.0
852.0
620.0
1024.0
972.0
548.0
868.0
784.0
832.0
760.0
824.0
736.0
540.0
728.0
556.0
756.0
928.0
736.0
744.0
928.0
784.0
592.0
924.0
1128.0
940.0
816.0
1000.0
752.0
572.0
916.0
788.0
856.0
1024.0
772.0
1020.0
532.0
676.0
772.0
828.0
664.0
532.0
592.0
572.0
756.0
856.0
608.0
824.0
596.0
900.0
916.0
592.0
960.0
572.0
616.0
1248.0
604.0
916.0
768.0
796.0
932.0
656.0
704.0
840.0
652.0
832.0
1076.0
572.0
816.0
1192.0
584.0
676.0
828.0
924.0
772.0
708.0
884.0
620.0
948.0
628.0
736.0
888.0
908.0
724.0
880.0
656.0
860.0
880.0
960.0
564.0
720.0
920.0
616.0
832.0
944.0
556.0
1008.0
852.0
608.0
656.0
788.0
624.0
564.0
992.0
700.0
940.0
1648.0
1100.0
840.0
652.0
780.0
1292.0
916.0
1120.0
560.0
900.0
652.0
908.0
892.0
584.0
560.0
616.0
952.0
628.0
884.0
836.0
880.0
908.0
800.0
928.0
860.0
612.0
1056.0
584.0
524.0
720.0
780.0
580.0
1092.0
580.0
752.0
564.0
596.0
728.0
868.0
948.0
668.0
1056.0
744.0
772.0
764.0
544.0
928.0
596.0
868.0
548.0
664.0
800.0
596.0
732.0
564.0
648.0
568.0
1232.0
1044.0
680.0
616.0
920.0
592.0
528.0
908.0
648.0
1024.0
736.0
1220.0
544.0
732.0
548.0
808.0
548.0
500.0
612.0
1092.0
828.0
572.0
1004.0
584.0
572.0
1152.0
580.0
860.0
848.0
548.0
616.0
696.0
596.0
568.0
812.0
960.0
832.0
888.0
876.0
764.0
784.0
800.0
884.0
840.0
588.0
776.0
804.0
1140.0
736.0
716.0
544.0
800.0
740.0
728.0
808.0
548.0
828.0
844.0
696.0
796.0
844.0
616.0
576.0
1000.0
876.0
588.0
888.0
528.0
536.0
624.0
976.0
972.0
828.0
552.0
568.0
720.0
628.0
944.0
600.0
1080.0
836.0
568.0
824.0
880.0
896.0
1232.0
1268.0
836.0
1424.0
644.0
604.0
532.0
788.0
1052.0
724.0
576.0
1132.0
760.0
740.0
732.0
796.0
816.0
860.0
948.0
644.0
904.0
584.0
964.0
608.0
824.0
700.0
788.0
728.0
840.0
808.0
832.0
612.0
572.0
676.0
532.0
900.0
1076.0
636.0
916.0
980.0
624.0
968.0
524.0
896.0
660.0
560.0
636.0
896.0
736.0
728.0
736.0
804.0
560.0
964.0
776.0
748.0
644.0
612.0
912.0
672.0
784.0
720.0
796.0
676.0
980.0
764.0
908.0
596.0
644.0
604.0
860.0
544.0
944.0
580.0
836.0
552.0
728.0
600.0
640.0
1060.0
940.0
680.0
540.0
808.0
828.0
872.0
948.0
744.0
592.0
720.0
756.0
588.0
880.0
556.0
1020.0
704.0
680.0
1004.0
540.0
1020.0
892.0
876.0
540.0
708.0
596.0
872.0
772.0
728.0
756.0
556.0
552.0
716.0
988.0
528.0
536.0
736.0
960.0
864.0
656.0
1048.0
572.0
584.0
624.0
736.0
552.0
700.0
552.0
752.0
960.0
816.0
1272.0
572.0
580.0
736.0
632.0
576.0
656.0
560.0
824.0
804.0
668.0
792.0
724.0
548.0
612.0
744.0
1008.0
540.0
748.0
660.0
856.0
904.0
544.0
700.0
680.0
808.0
752.0
532.0
528.0
524.0
840.0
640.0
864.0
580.0
872.0
628.0
948.0
1020.0
824.0
676.0
868.0
692.0
772.0
524.0
672.0
608.0
904.0
884.0
584.0
728.0
788.0
572.0
556.0
552.0
768.0
700.0
644.0
912.0
1152.0
872.0
600.0
828.0
632.0
1228.0
880.0
1132.0
548.0
780.0
544.0
552.0
1108.0
904.0
776.0
540.0
512.0
560.0
776.0
592.0
776.0
804.0
900.0
840.0
596.0
552.0
