812.0
840.0
824.0
792.0
820.0
832.0
816.0
820.0
812.0
816.0
828.0
820.0
792.0
792.0
788.0
808.0
804.0
848.0
800.0
800.0
808.0
812.0
808.0
780.0
800.0
820.0
804.0
820.0
800.0
796.0
832.0
820.0
804.0
804.0
808.0
824.0
816.0
812.0
808.0
812.0
812.0
816.0
828.0
812.0
820.0
824.0
824.0
820.0
804.0
800.0
836.0
828.0
808.0
808.0
804.0
836.0
840.0
808.0
788.0
816.0
840.0
840.0
828.0
808.0
820.0
832.0
820.0
788.0
796.0
796.0
820.0
820.0
812.0
816.0
816.0
840.0
836.0
800.0
808.0
832.0
824.0
828.0
820.0
796.0
812.0
812.0
804.0
800.0
812.0
828.0
844.0
828.0
828.0
836.0
840.0
844.0
836.0
820.0
812.0
832.0
820.0
824.0
816.0
808.0
832.0
844.0
828.0
828.0
828.0
824.0
840.0
820.0
800.0
804.0
808.0
824.0
820.0
796.0
804.0
824.0
808.0
768.0
784.0
800.0
824.0
832.0
796.0
808.0
820.0
828.0
836.0
820.0
800.0
816.0
844.0
844.0
824.0
820.0
828.0
844.0
832.0
808.0
816.0
800.0
816.0
828.0
804.0
800.0
828.0
828.0
848.0
820.0
812.0
832.0
844.0
836.0
808.0
796.0
816.0
848.0
804.0
804.0
824.0
812.0
852.0
824.0
808.0
824.0
836.0
840.0
832.0
796.0
816.0
832.0
844.0
824.0
828.0
808.0
844.0
840.0
828.0
820.0
836.0
832.0
860.0
824.0
792.0
820.0
820.0
836.0
828.0
796.0
808.0
844.0
836.0
824.0
820.0
824.0
844.0
840.0
828.0
832.0
848.0
848.0
848.0
828.0
828.0
852.0
860.0
824.0
836.0
812.0
836.0
840.0
832.0
836.0
836.0
848.0
860.0
824.0
832.0
844.0
840.0
844.0
848.0
820.0
860.0
872.0
836.0
848.0
836.0
844.0
872.0
848.0
812.0
852.0
848.0
852.0
848.0
812.0
844.0
848.0
852.0
836.0
816.0
828.0
856.0
848.0
828.0
820.0
832.0
852.0
836.0
832.0
824.0
820.0
852.0
844.0
812.0
824.0
852.0
848.0
828.0
844.0
844.0
856.0
864.0
836.0
820.0
840.0
844.0
848.0
828.0
816.0
852.0
840.0
848.0
844.0
836.0
856.0
852.0
856.0
852.0
844.0
852.0
856.0
852.0
832.0
860.0
864.0
860.0
860.0
836.0
868.0
864.0
840.0
832.0
844.0
848.0
876.0
844.0
844.0
852.0
860.0
872.0
848.0
820.0
856.0
868.0
604.0
1096.0
868.0
856.0
848.0
832.0
844.0
828.0
844.0
864.0
848.0
832.0
836.0
840.0
832.0
860.0
816.0
844.0
844.0
856.0
848.0
828.0
828.0
860.0
844.0
836.0
820.0
832.0
852.0
844.0
832.0
832.0
832.0
852.0
840.0
836.0
824.0
852.0
848.0
848.0
836.0
820.0
856.0
848.0
820.0
824.0
832.0
840.0
856.0
824.0
824.0
836.0
840.0
848.0
820.0
820.0
836.0
856.0
848.0
840.0
824.0
816.0
872.0
844.0
824.0
840.0
836.0
840.0
852.0
816.0
820.0
844.0
848.0
840.0
836.0
836.0
856.0
844.0
840.0
828.0
828.0
852.0
844.0
836.0
828.0
832.0
856.0
856.0
824.0
824.0
836.0
860.0
820.0
836.0
832.0
844.0
848.0
840.0
836.0
836.0
852.0
864.0
836.0
844.0
844.0
864.0
856.0
844.0
836.0
848.0
624.0
1096.0
856.0
828.0
852.0
868.0
848.0
840.0
848.0
840.0
864.0
828.0
820.0
856.0
864.0
864.0
852.0
848.0
856.0
868.0
860.0
844.0
852.0
848.0
852.0
868.0
836.0
856.0
856.0
880.0
856.0
828.0
852.0
852.0
836.0
832.0
832.0
820.0
872.0
856.0
832.0
848.0
860.0
860.0
876.0
840.0
844.0
868.0
872.0
860.0
824.0
856.0
876.0
880.0
864.0
848.0
860.0
884.0
872.0
828.0
848.0
868.0
884.0
868.0
844.0
868.0
872.0
860.0
848.0
852.0
856.0
884.0
852.0
856.0
848.0
860.0
876.0
852.0
840.0
856.0
860.0
856.0
860.0
848.0
848.0
860.0
864.0
844.0
816.0
816.0
876.0
848.0
840.0
820.0
856.0
864.0
860.0
828.0
828.0
848.0
852.0
852.0
836.0
836.0
860.0
864.0
844.0
832.0
844.0
856.0
868.0
844.0
824.0
844.0
856.0
860.0
840.0
832.0
848.0
860.0
868.0
844.0
836.0
852.0
872.0
848.0
840.0
836.0
848.0
876.0
844.0
828.0
856.0
848.0
848.0
816.0
836.0
852.0
852.0
860.0
836.0
844.0
852.0
872.0
840.0
828.0
856.0
848.0
856.0
840.0
816.0
824.0
864.0
872.0
848.0
832.0
852.0
864.0
856.0
840.0
844.0
836.0
860.0
828.0
816.0
832.0
832.0
844.0
852.0
588.0
1060.0
860.0
836.0
828.0
812.0
804.0
828.0
840.0
808.0
812.0
812.0
836.0
848.0
816.0
824.0
832.0
832.0
848.0
832.0
812.0
828.0
832.0
840.0
824.0
796.0
820.0
852.0
824.0
828.0
808.0
836.0
836.0
832.0
804.0
816.0
832.0
828.0
824.0
820.0
816.0
824.0
848.0
812.0
832.0
812.0
824.0
844.0
816.0
804.0
816.0
824.0
836.0
812.0
808.0
812.0
820.0
832.0
816.0
800.0
800.0
812.0
828.0
808.0
800.0
800.0
820.0
832.0
800.0
808.0
804.0
820.0
836.0
816.0
792.0
800.0
808.0
824.0
812.0
800.0
804.0
824.0
816.0
820.0
804.0
784.0
812.0
808.0
804.0
780.0
804.0
808.0
816.0
812.0
800.0
628.0
996.0
804.0
804.0
812.0
796.0
812.0
832.0
804.0
796.0
800.0
816.0
832.0
816.0
784.0
816.0
820.0
820.0
796.0
800.0
800.0
816.0
824.0
812.0
808.0
804.0
816.0
836.0
800.0
800.0
812.0
812.0
832.0
812.0
776.0
800.0
688.0
952.0
824.0
792.0
800.0
816.0
820.0
812.0
800.0
788.0
816.0
804.0
812.0
784.0
808.0
812.0
820.0
816.0
796.0
800.0
596.0
1032.0
800.0
796.0
784.0
796.0
828.0
796.0
788.0
804.0
796.0
824.0
800.0
784.0
800.0
816.0
808.0
808.0
800.0
800.0
816.0
824.0
792.0
804.0
800.0
804.0
820.0
648.0
936.0
792.0
792.0
800.0
788.0
792.0
772.0
788.0
796.0
800.0
784.0
780.0
788.0
808.0
804.0
780.0
780.0
788.0
632.0
888.0
836.0
780.0
784.0
812.0
792.0
780.0
768.0
780.0
784.0
788.0
764.0
768.0
696.0
848.0
824.0
780.0
764.0
788.0
780.0
804.0
788.0
784.0
760.0
768.0
780.0
752.0
768.0
752.0
760.0
776.0
604.0
956.0
776.0
764.0
784.0
788.0
764.0
760.0
760.0
788.0
788.0
792.0
636.0
900.0
784.0
652.0
928.0
488.0
820.0
880.0
828.0
796.0
768.0
776.0
764.0
784.0
792.0
816.0
780.0
776.0
792.0
796.0
788.0
792.0
772.0
784.0
808.0
788.0
772.0
784.0
788.0
800.0
788.0
772.0
784.0
796.0
800.0
796.0
792.0
784.0
780.0
808.0
484.0
872.0
904.0
804.0
800.0
812.0
784.0
792.0
796.0
792.0
824.0
788.0
768.0
796.0
792.0
808.0
788.0
780.0
776.0
804.0
800.0
780.0
488.0
852.0
900.0
804.0
788.0
756.0
780.0
792.0
780.0
800.0
768.0
768.0
780.0
776.0
780.0
796.0
756.0
764.0
796.0
792.0
772.0
768.0
768.0
768.0
788.0
792.0
768.0
776.0
780.0
776.0
488.0
764.0
828.0
828.0
844.0
812.0
800.0
776.0
764.0
780.0
800.0
760.0
772.0
768.0
760.0
800.0
768.0
740.0
764.0
760.0
784.0
780.0
756.0
736.0
772.0
760.0
780.0
752.0
736.0
468.0
768.0
864.0
840.0
756.0
736.0
732.0
768.0
768.0
728.0
744.0
744.0
772.0
720.0
788.0
744.0
736.0
756.0
572.0
872.0
788.0
748.0
740.0
764.0
752.0
756.0
740.0
752.0
484.0
836.0
888.0
752.0
728.0
768.0
768.0
756.0
760.0
748.0
748.0
764.0
776.0
752.0
752.0
756.0
756.0
780.0
772.0
740.0
764.0
776.0
