832.0
836.0
868.0
552.0
1136.0
600.0
1140.0
580.0
1120.0
600.0
1136.0
600.0
1148.0
632.0
1132.0
468.0
1112.0
920.0
912.0
468.0
1112.0
880.0
876.0
860.0
840.0
844.0
824.0
820.0
852.0
848.0
852.0
480.0
1144.0
920.0
912.0
908.0
900.0
908.0
876.0
868.0
856.0
848.0
832.0
456.0
1088.0
856.0
844.0
832.0
836.0
868.0
852.0
844.0
896.0
872.0
864.0
860.0
496.0
1152.0
960.0
936.0
484.0
1076.0
624.0
1128.0
880.0
880.0
868.0
864.0
496.0
1096.0
600.0
1112.0
888.0
888.0
884.0
872.0
872.0
884.0
892.0
868.0
880.0
872.0
492.0
1104.0
852.0
864.0
876.0
824.0
812.0
472.0
1064.0
536.0
404.0
1104.0
1412.0
656.0
816.0
976.0
1432.0
668.0
792.0
1044.0
1424.0
672.0
684.0
960.0
1480.0
672.0
400.0
428.0
1032.0
668.0
396.0
1028.0
480.0
996.0
488.0
552.0
932.0
660.0
400.0
864.0
488.0
552.0
616.0
892.0
1416.0
532.0
384.0
1084.0
516.0
528.0
868.0
1440.0
540.0
376.0
1068.0
480.0
980.0
560.0
1072.0
480.0
980.0
856.0
864.0
864.0
860.0
848.0
852.0
836.0
824.0
504.0
1092.0
628.0
200.0
1220.0
568.0
1064.0
828.0
820.0
788.0
768.0
484.0
1036.0
600.0
388.0
1032.0
856.0
848.0
496.0
1076.0
836.0
828.0
796.0
796.0
796.0
812.0
804.0
820.0
492.0
1100.0
868.0
480.0
1072.0
828.0
780.0
772.0
764.0
764.0
772.0
468.0
1084.0
852.0
520.0
1076.0
848.0
844.0
516.0
1100.0
880.0
872.0
536.0
1076.0
860.0
856.0
820.0
852.0
828.0
860.0
856.0
828.0
812.0
436.0
1060.0
616.0
388.0
1040.0
600.0
1084.0
856.0
844.0
848.0
840.0
512.0
1048.0
592.0
388.0
1060.0
868.0
896.0
884.0
872.0
864.0
852.0
840.0
836.0
792.0
780.0
784.0
432.0
1056.0
612.0
388.0
1020.0
824.0
832.0
504.0
1060.0
832.0
820.0
832.0
808.0
612.0
200.0
796.0
748.0
780.0
472.0
980.0
764.0
748.0
736.0
760.0
760.0
764.0
764.0
764.0
764.0
756.0
532.0
1008.0
792.0
792.0
500.0
992.0
760.0
764.0
496.0
1028.0
604.0
1352.0
800.0
800.0
768.0
756.0
540.0
220.0
748.0
748.0
756.0
752.0
200.0
536.0
740.0
732.0
744.0
736.0
732.0
448.0
1024.0
608.0
408.0
972.0
776.0
464.0
1004.0
484.0
388.0
1020.0
500.0
844.0
484.0
884.0
596.0
412.0
984.0
544.0
1008.0
800.0
800.0
812.0
796.0
468.0
1024.0
584.0
412.0
960.0
788.0
792.0
808.0
788.0
784.0
464.0
1052.0
624.0
416.0
960.0
804.0
780.0
800.0
788.0
772.0
756.0
784.0
784.0
476.0
1008.0
776.0
768.0
768.0
748.0
748.0
752.0
476.0
1020.0
784.0
784.0
776.0
776.0
776.0
780.0
788.0
792.0
792.0
812.0
800.0
808.0
812.0
784.0
780.0
764.0
848.0
516.0
1060.0
572.0
384.0
1064.0
684.0
1028.0
632.0
1036.0
640.0
1052.0
660.0
1008.0
652.0
1012.0
656.0
984.0
824.0
800.0
832.0
808.0
448.0
1076.0
596.0
1080.0
860.0
844.0
804.0
800.0
776.0
816.0
816.0
784.0
776.0
800.0
796.0
808.0
808.0
824.0
844.0
820.0
788.0
804.0
796.0
812.0
808.0
812.0
780.0
788.0
792.0
788.0
468.0
1076.0
636.0
976.0
836.0
804.0
796.0
808.0
804.0
792.0
792.0
804.0
796.0
796.0
816.0
800.0
784.0
796.0
784.0
788.0
796.0
784.0
780.0
780.0
788.0
812.0
796.0
808.0
804.0
796.0
792.0
796.0
784.0
788.0
780.0
784.0
768.0
796.0
796.0
784.0
764.0
772.0
780.0
780.0
792.0
784.0
796.0
832.0
880.0
832.0
800.0
832.0
844.0
836.0
816.0
788.0
788.0
796.0
792.0
808.0
816.0
800.0
800.0
792.0
788.0
788.0
780.0
792.0
804.0
804.0
796.0
800.0
804.0
800.0
792.0
780.0
776.0
780.0
772.0
768.0
760.0
756.0
760.0
756.0
744.0
768.0
760.0
748.0
756.0
784.0
792.0
804.0
788.0
792.0
808.0
800.0
804.0
832.0
872.0
864.0
828.0
820.0
796.0
784.0
784.0
780.0
768.0
780.0
780.0
780.0
792.0
788.0
776.0
768.0
804.0
796.0
784.0
796.0
820.0
844.0
860.0
836.0
796.0
792.0
804.0
816.0
792.0
796.0
792.0
804.0
820.0
800.0
812.0
800.0
788.0
792.0
780.0
776.0
764.0
776.0
776.0
780.0
776.0
768.0
776.0
776.0
776.0
780.0
776.0
776.0
788.0
788.0
784.0
788.0
792.0
804.0
804.0
804.0
804.0
788.0
800.0
812.0
788.0
792.0
800.0
800.0
800.0
800.0
788.0
784.0
792.0
792.0
792.0
800.0
780.0
788.0
796.0
796.0
796.0
788.0
784.0
800.0
792.0
780.0
780.0
788.0
784.0
788.0
788.0
784.0
784.0
800.0
800.0
792.0
792.0
784.0
784.0
780.0
788.0
780.0
772.0
780.0
780.0
776.0
780.0
784.0
788.0
784.0
776.0
772.0
756.0
776.0
784.0
780.0
780.0
788.0
792.0
796.0
792.0
800.0
804.0
792.0
808.0
808.0
792.0
792.0
796.0
788.0
800.0
804.0
796.0
792.0
784.0
800.0
788.0
800.0
792.0
788.0
792.0
796.0
780.0
788.0
792.0
780.0
780.0
776.0
776.0
776.0
780.0
780.0
796.0
792.0
788.0
804.0
796.0
792.0
784.0
788.0
780.0
776.0
772.0
768.0
780.0
780.0
784.0
784.0
772.0
768.0
768.0
764.0
772.0
772.0
756.0
772.0
776.0
772.0
764.0
768.0
772.0
772.0
772.0
780.0
788.0
792.0
784.0
792.0
788.0
772.0
776.0
784.0
784.0
792.0
792.0
808.0
792.0
784.0
792.0
804.0
832.0
824.0
812.0
800.0
784.0
784.0
820.0
836.0
580.0
952.0
836.0
560.0
1020.0
780.0
580.0
1024.0
868.0
564.0
1088.0
852.0
836.0
580.0
1068.0
800.0
556.0
956.0
828.0
864.0
884.0
888.0
876.0
848.0
860.0
872.0
860.0
820.0
832.0
812.0
796.0
800.0
800.0
796.0
788.0
784.0
780.0
776.0
780.0
776.0
764.0
760.0
776.0
760.0
764.0
768.0
760.0
768.0
772.0
768.0
764.0
760.0
768.0
772.0
776.0
784.0
788.0
780.0
780.0
788.0
784.0
780.0
796.0
788.0
780.0
776.0
776.0
796.0
792.0
768.0
776.0
776.0
780.0
784.0
784.0
780.0
772.0
764.0
768.0
784.0
776.0
764.0
780.0
780.0
776.0
776.0
780.0
776.0
768.0
780.0
780.0
772.0
780.0
784.0
776.0
772.0
788.0
760.0
768.0
772.0
772.0
764.0
776.0
776.0
800.0
792.0
816.0
792.0
796.0
776.0
788.0
800.0
788.0
788.0
776.0
784.0
776.0
764.0
756.0
776.0
800.0
840.0
824.0
788.0
800.0
792.0
780.0
772.0
772.0
768.0
760.0
768.0
780.0
772.0
788.0
776.0
756.0
756.0
756.0
748.0
784.0
812.0
828.0
828.0
788.0
792.0
800.0
784.0
800.0
840.0
860.0
828.0
808.0
824.0
824.0
844.0
840.0
852.0
836.0
844.0
832.0
824.0
804.0
788.0
812.0
820.0
616.0
988.0
848.0
552.0
1020.0
872.0
556.0
1124.0
920.0
536.0
1104.0
896.0
544.0
1100.0
896.0
544.0
1112.0
896.0
868.0
552.0
1108.0
852.0
872.0
540.0
1116.0
892.0
888.0
872.0
852.0
864.0
876.0
888.0
892.0
888.0
880.0
840.0
784.0
556.0
1120.0
936.0
864.0
544.0
1132.0
832.0
816.0
564.0
976.0
836.0
808.0
568.0
1028.0
880.0
848.0
840.0
556.0
1040.0
848.0
844.0
556.0
1120.0
832.0
816.0
548.0
1016.0
828.0
792.0
560.0
940.0
852.0
816.0
560.0
1076.0
896.0
892.0
848.0
548.0
1064.0
880.0
892.0
872.0
864.0
836.0
840.0
864.0
872.0
876.0
844.0
904.0
884.0
868.0
888.0
872.0
832.0
840.0
864.0
860.0
868.0
844.0
832.0
856.0
860.0
856.0
868.0
872.0
884.0
