832.0
788.0
788.0
796.0
796.0
804.0
812.0
812.0
812.0
812.0
500.0
1124.0
804.0
804.0
480.0
1128.0
796.0
788.0
796.0
788.0
800.0
800.0
812.0
820.0
816.0
832.0
836.0
832.0
832.0
832.0
800.0
840.0
840.0
872.0
844.0
844.0
836.0
836.0
840.0
788.0
864.0
832.0
828.0
792.0
860.0
832.0
824.0
824.0
500.0
1132.0
820.0
864.0
820.0
816.0
496.0
1104.0
848.0
816.0
812.0
812.0
812.0
804.0
808.0
816.0
812.0
812.0
816.0
772.0
860.0
828.0
828.0
824.0
508.0
1168.0
840.0
836.0
832.0
832.0
828.0
832.0
492.0
1192.0
832.0
848.0
836.0
840.0
804.0
872.0
848.0
852.0
852.0
852.0
856.0
852.0
808.0
848.0
528.0
1176.0
880.0
844.0
840.0
840.0
836.0
836.0
836.0
820.0
788.0
856.0
824.0
812.0
820.0
816.0
780.0
856.0
824.0
828.0
836.0
832.0
832.0
840.0
836.0
844.0
844.0
836.0
836.0
840.0
840.0
832.0
832.0
824.0
824.0
824.0
812.0
828.0
816.0
800.0
812.0
816.0
496.0
1148.0
804.0
788.0
864.0
816.0
496.0
1152.0
776.0
864.0
816.0
808.0
744.0
868.0
808.0
816.0
808.0
820.0
784.0
848.0
816.0
812.0
820.0
824.0
480.0
936.0
896.0
832.0
828.0
828.0
832.0
832.0
836.0
844.0
844.0
840.0
508.0
1188.0
844.0
840.0
828.0
816.0
820.0
808.0
804.0
796.0
796.0
800.0
808.0
816.0
812.0
824.0
836.0
848.0
848.0
848.0
848.0
812.0
888.0
852.0
840.0
836.0
844.0
836.0
840.0
840.0
836.0
836.0
516.0
1168.0
532.0
1120.0
808.0
808.0
424.0
368.0
784.0
780.0
780.0
788.0
792.0
788.0
792.0
792.0
808.0
812.0
800.0
484.0
1136.0
804.0
804.0
796.0
788.0
784.0
788.0
780.0
788.0
780.0
780.0
784.0
776.0
488.0
1076.0
780.0
772.0
772.0
764.0
780.0
772.0
776.0
772.0
772.0
744.0
812.0
784.0
780.0
780.0
784.0
496.0
1064.0
828.0
792.0
760.0
836.0
808.0
764.0
844.0
804.0
812.0
816.0
808.0
808.0
812.0
808.0
808.0
804.0
808.0
800.0
800.0
812.0
816.0
816.0
816.0
820.0
820.0
824.0
816.0
820.0
808.0
816.0
812.0
780.0
848.0
808.0
812.0
812.0
820.0
816.0
820.0
820.0
492.0
1156.0
808.0
816.0
820.0
820.0
812.0
816.0
824.0
828.0
820.0
832.0
488.0
1184.0
836.0
836.0
820.0
824.0
488.0
1188.0
832.0
820.0
828.0
828.0
832.0
832.0
828.0
828.0
840.0
844.0
492.0
1188.0
832.0
844.0
832.0
836.0
828.0
828.0
836.0
836.0
824.0
832.0
828.0
836.0
844.0
836.0
836.0
832.0
840.0
844.0
500.0
1172.0
816.0
836.0
824.0
820.0
492.0
1160.0
820.0
820.0
816.0
812.0
808.0
808.0
820.0
812.0
820.0
820.0
820.0
824.0
828.0
828.0
832.0
832.0
832.0
836.0
828.0
800.0
872.0
832.0
828.0
832.0
484.0
1156.0
828.0
860.0
820.0
820.0
484.0
1152.0
808.0
804.0
812.0
812.0
808.0
804.0
800.0
816.0
812.0
780.0
852.0
812.0
484.0
1180.0
824.0
816.0
492.0
1156.0
816.0
816.0
812.0
816.0
816.0
824.0
828.0
788.0
832.0
516.0
1184.0
824.0
828.0
824.0
812.0
788.0
848.0
808.0
804.0
788.0
844.0
808.0
812.0
488.0
1148.0
804.0
812.0
804.0
800.0
812.0
812.0
804.0
812.0
820.0
816.0
820.0
820.0
820.0
828.0
824.0
824.0
824.0
820.0
712.0
908.0
808.0
804.0
808.0
796.0
800.0
784.0
780.0
776.0
776.0
764.0
768.0
756.0
748.0
756.0
756.0
752.0
752.0
752.0
756.0
764.0
768.0
768.0
772.0
784.0
788.0
800.0
808.0
812.0
812.0
816.0
824.0
832.0
828.0
832.0
836.0
836.0
504.0
784.0
1180.0
852.0
852.0
492.0
860.0
848.0
488.0
872.0
848.0
848.0
488.0
868.0
856.0
860.0
492.0
880.0
872.0
496.0
900.0
880.0
876.0
876.0
872.0
492.0
884.0
872.0
868.0
872.0
864.0
496.0
888.0
880.0
884.0
876.0
496.0
904.0
888.0
896.0
892.0
884.0
892.0
892.0
892.0
772.0
492.0
788.0
924.0
896.0
892.0
884.0
880.0
880.0
884.0
880.0
876.0
876.0
876.0
880.0
872.0
868.0
880.0
880.0
884.0
880.0
884.0
884.0
888.0
888.0
884.0
876.0
888.0
872.0
876.0
876.0
868.0
872.0
872.0
872.0
868.0
872.0
876.0
880.0
876.0
872.0
876.0
872.0
864.0
864.0
864.0
872.0
864.0
864.0
880.0
880.0
876.0
876.0
880.0
884.0
884.0
880.0
876.0
872.0
880.0
884.0
876.0
876.0
880.0
876.0
884.0
876.0
880.0
876.0
876.0
888.0
876.0
876.0
884.0
888.0
884.0
884.0
888.0
884.0
884.0
880.0
876.0
880.0
880.0
880.0
888.0
888.0
888.0
884.0
884.0
876.0
872.0
856.0
852.0
848.0
844.0
856.0
852.0
844.0
848.0
848.0
848.0
848.0
852.0
852.0
844.0
844.0
852.0
512.0
1196.0
848.0
856.0
848.0
844.0
848.0
852.0
492.0
1220.0
840.0
848.0
500.0
1196.0
812.0
824.0
832.0
828.0
828.0
828.0
836.0
844.0
856.0
856.0
852.0
864.0
864.0
876.0
872.0
864.0
880.0
880.0
888.0
884.0
880.0
888.0
888.0
888.0
880.0
880.0
884.0
888.0
888.0
888.0
884.0
884.0
884.0
880.0
872.0
884.0
884.0
880.0
876.0
884.0
892.0
884.0
884.0
884.0
876.0
884.0
880.0
872.0
884.0
884.0
880.0
888.0
892.0
888.0
888.0
892.0
884.0
884.0
880.0
884.0
504.0
1240.0
868.0
876.0
868.0
864.0
872.0
868.0
884.0
876.0
868.0
740.0
964.0
888.0
892.0
892.0
896.0
892.0
892.0
892.0
896.0
892.0
896.0
892.0
888.0
896.0
896.0
896.0
692.0
996.0
896.0
892.0
884.0
888.0
888.0
892.0
884.0
884.0
888.0
884.0
888.0
884.0
888.0
892.0
888.0
884.0
880.0
892.0
892.0
892.0
892.0
888.0
884.0
888.0
888.0
880.0
884.0
880.0
892.0
880.0
880.0
872.0
876.0
876.0
872.0
856.0
864.0
876.0
864.0
860.0
868.0
852.0
488.0
1244.0
500.0
1228.0
540.0
1192.0
840.0
840.0
828.0
832.0
824.0
828.0
824.0
824.0
832.0
840.0
836.0
848.0
852.0
860.0
872.0
868.0
876.0
880.0
880.0
876.0
880.0
872.0
872.0
876.0
876.0
880.0
880.0
896.0
888.0
884.0
896.0
896.0
896.0
896.0
896.0
904.0
900.0
900.0
896.0
896.0
904.0
896.0
896.0
888.0
888.0
888.0
892.0
888.0
888.0
892.0
900.0
892.0
892.0
904.0
896.0
896.0
892.0
892.0
896.0
900.0
896.0
888.0
892.0
900.0
900.0
892.0
888.0
892.0
896.0
900.0
896.0
892.0
904.0
904.0
900.0
900.0
908.0
908.0
896.0
900.0
504.0
1264.0
896.0
888.0
892.0
888.0
892.0
892.0
896.0
904.0
908.0
908.0
900.0
908.0
916.0
908.0
904.0
904.0
500.0
1292.0
904.0
900.0
900.0
904.0
896.0
884.0
892.0
900.0
904.0
896.0
908.0
916.0
920.0
920.0
916.0
920.0
924.0
924.0
920.0
912.0
920.0
920.0
912.0
904.0
904.0
912.0
900.0
896.0
892.0
884.0
884.0
880.0
876.0
880.0
880.0
884.0
884.0
884.0
884.0
884.0
884.0
876.0
876.0
868.0
876.0
876.0
872.0
868.0
876.0
876.0
492.0
1240.0
852.0
868.0
496.0
1216.0
852.0
856.0
864.0
860.0
864.0
868.0
876.0
888.0
888.0
888.0
888.0
904.0
900.0
904.0
896.0
916.0
916.0
924.0
912.0
912.0
916.0
900.0
900.0
892.0
504.0
1260.0
880.0
876.0
876.0
880.0
888.0
884.0
884.0
900.0
896.0
896.0
896.0
896.0
900.0
908.0
912.0
912.0
916.0
920.0
916.0
908.0
912.0
916.0
904.0
896.0
904.0
900.0
