836.0
832.0
812.0
840.0
824.0
812.0
828.0
828.0
816.0
824.0
824.0
820.0
828.0
836.0
840.0
828.0
844.0
840.0
828.0
848.0
860.0
840.0
860.0
856.0
832.0
856.0
852.0
852.0
872.0
868.0
844.0
864.0
852.0
860.0
872.0
888.0
908.0
924.0
924.0
940.0
960.0
936.0
956.0
956.0
956.0
960.0
932.0
928.0
928.0
932.0
932.0
928.0
948.0
948.0
936.0
956.0
948.0
936.0
940.0
944.0
952.0
972.0
956.0
952.0
944.0
968.0
956.0
948.0
964.0
948.0
920.0
940.0
940.0
932.0
944.0
936.0
900.0
900.0
884.0
904.0
904.0
920.0
936.0
932.0
944.0
932.0
920.0
948.0
928.0
932.0
912.0
912.0
908.0
932.0
936.0
924.0
956.0
972.0
520.0
1128.0
984.0
496.0
1116.0
980.0
512.0
1132.0
976.0
952.0
980.0
972.0
952.0
980.0
980.0
992.0
972.0
952.0
496.0
1140.0
972.0
980.0
944.0
956.0
948.0
928.0
948.0
940.0
912.0
928.0
924.0
908.0
920.0
928.0
916.0
928.0
924.0
956.0
940.0
916.0
936.0
932.0
944.0
940.0
924.0
932.0
928.0
944.0
952.0
936.0
968.0
948.0
928.0
936.0
944.0
928.0
944.0
692.0
1100.0
976.0
956.0
916.0
928.0
916.0
680.0
1124.0
936.0
960.0
952.0
940.0
944.0
932.0
948.0
940.0
924.0
940.0
928.0
924.0
936.0
928.0
924.0
948.0
936.0
920.0
944.0
952.0
936.0
932.0
928.0
936.0
936.0
924.0
944.0
936.0
932.0
952.0
944.0
924.0
940.0
932.0
908.0
924.0
932.0
912.0
936.0
928.0
904.0
940.0
940.0
932.0
952.0
948.0
948.0
940.0
928.0
908.0
932.0
940.0
924.0
940.0
944.0
928.0
932.0
928.0
948.0
932.0
904.0
932.0
916.0
888.0
912.0
904.0
896.0
904.0
876.0
912.0
916.0
900.0
912.0
908.0
908.0
908.0
900.0
932.0
920.0
908.0
928.0
940.0
924.0
948.0
940.0
944.0
928.0
916.0
936.0
920.0
908.0
924.0
904.0
936.0
932.0
920.0
936.0
932.0
916.0
924.0
928.0
928.0
956.0
940.0
928.0
920.0
916.0
916.0
920.0
924.0
944.0
952.0
936.0
960.0
956.0
940.0
956.0
940.0
920.0
936.0
928.0
916.0
920.0
900.0
932.0
916.0
900.0
920.0
928.0
912.0
928.0
932.0
912.0
936.0
936.0
916.0
932.0
928.0
908.0
912.0
892.0
924.0
920.0
896.0
908.0
900.0
916.0
904.0
884.0
912.0
908.0
888.0
904.0
892.0
912.0
912.0
900.0
924.0
916.0
888.0
908.0
896.0
892.0
912.0
916.0
916.0
920.0
912.0
924.0
912.0
892.0
920.0
900.0
908.0
908.0
888.0
920.0
916.0
900.0
916.0
916.0
904.0
924.0
920.0
908.0
912.0
892.0
876.0
876.0
848.0
880.0
892.0
880.0
928.0
924.0
928.0
956.0
968.0
956.0
980.0
972.0
972.0
976.0
968.0
956.0
972.0
972.0
968.0
972.0
976.0
972.0
972.0
968.0
952.0
968.0
964.0
960.0
972.0
964.0
960.0
964.0
940.0
972.0
980.0
956.0
964.0
960.0
936.0
964.0
956.0
956.0
968.0
952.0
976.0
964.0
936.0
960.0
952.0
940.0
952.0
940.0
936.0
940.0
932.0
916.0
944.0
932.0
920.0
932.0
936.0
940.0
916.0
948.0
948.0
972.0
952.0
960.0
960.0
948.0
948.0
980.0
944.0
948.0
952.0
932.0
952.0
948.0
968.0
968.0
988.0
988.0
968.0
968.0
952.0
948.0
952.0
952.0
948.0
964.0
968.0
976.0
968.0
964.0
964.0
952.0
940.0
952.0
960.0
948.0
968.0
956.0
940.0
952.0
944.0
956.0
948.0
952.0
956.0
956.0
956.0
948.0
976.0
956.0
964.0
984.0
980.0
984.0
984.0
964.0
968.0
976.0
940.0
960.0
956.0
940.0
940.0
928.0
924.0
924.0
908.0
892.0
900.0
884.0
864.0
872.0
856.0
836.0
872.0
852.0
820.0
844.0
828.0
824.0
840.0
240.0
300.0
312.0
824.0
856.0
828.0
856.0
856.0
832.0
868.0
880.0
856.0
876.0
872.0
852.0
880.0
860.0
888.0
892.0
864.0
904.0
908.0
904.0
948.0
968.0
936.0
976.0
976.0
956.0
956.0
992.0
976.0
968.0
944.0
980.0
988.0
956.0
964.0
972.0
968.0
968.0
960.0
968.0
984.0
956.0
976.0
996.0
540.0
1168.0
980.0
1004.0
992.0
960.0
972.0
1012.0
972.0
1000.0
1000.0
964.0
972.0
956.0
972.0
988.0
972.0
964.0
976.0
964.0
980.0
968.0
948.0
984.0
984.0
944.0
960.0
956.0
948.0
960.0
956.0
944.0
944.0
932.0
952.0
952.0
928.0
960.0
964.0
944.0
960.0
956.0
976.0
960.0
936.0
944.0
948.0
924.0
948.0
952.0
944.0
952.0
948.0
948.0
956.0
964.0
968.0
984.0
980.0
988.0
1000.0
964.0
972.0
980.0
952.0
968.0
956.0
972.0
980.0
940.0
964.0
972.0
952.0
972.0
972.0
972.0
960.0
948.0
944.0
940.0
944.0
964.0
960.0
928.0
944.0
936.0
912.0
932.0
940.0
932.0
940.0
928.0
936.0
916.0
884.0
912.0
908.0
884.0
900.0
908.0
936.0
948.0
924.0
952.0
964.0
936.0
952.0
948.0
952.0
944.0
924.0
952.0
928.0
960.0
956.0
936.0
980.0
976.0
940.0
964.0
976.0
944.0
952.0
968.0
940.0
960.0
964.0
948.0
968.0
980.0
960.0
976.0
964.0
972.0
964.0
952.0
968.0
960.0
944.0
964.0
968.0
932.0
960.0
948.0
924.0
952.0
960.0
924.0
940.0
928.0
948.0
928.0
908.0
940.0
928.0
904.0
916.0
916.0
892.0
892.0
860.0
884.0
884.0
884.0
892.0
900.0
884.0
900.0
904.0
924.0
912.0
944.0
940.0
932.0
940.0
928.0
952.0
968.0
952.0
948.0
912.0
928.0
928.0
904.0
924.0
920.0
932.0
924.0
904.0
932.0
920.0
920.0
924.0
916.0
932.0
920.0
908.0
932.0
928.0
916.0
940.0
916.0
932.0
920.0
904.0
936.0
936.0
956.0
948.0
524.0
1096.0
964.0
928.0
960.0
972.0
932.0
948.0
924.0
952.0
960.0
928.0
964.0
964.0
928.0
956.0
956.0
940.0
944.0
936.0
956.0
948.0
924.0
948.0
944.0
928.0
940.0
956.0
932.0
948.0
948.0
924.0
940.0
940.0
940.0
960.0
940.0
960.0
948.0
920.0
932.0
928.0
928.0
936.0
940.0
964.0
948.0
948.0
964.0
964.0
936.0
952.0
952.0
928.0
944.0
932.0
900.0
912.0
912.0
900.0
908.0
896.0
912.0
920.0
908.0
928.0
920.0
908.0
924.0
912.0
904.0
924.0
908.0
920.0
916.0
912.0
924.0
916.0
896.0
912.0
912.0
900.0
908.0
904.0
920.0
924.0
892.0
920.0
928.0
896.0
916.0
916.0
916.0
924.0
916.0
948.0
956.0
920.0
944.0
932.0
908.0
920.0
908.0
924.0
932.0
908.0
940.0
928.0
912.0
940.0
936.0
916.0
924.0
936.0
908.0
920.0
904.0
872.0
880.0
864.0
884.0
884.0
868.0
896.0
908.0
884.0
916.0
908.0
892.0
924.0
912.0
896.0
924.0
920.0
900.0
928.0
932.0
924.0
936.0
920.0
940.0
932.0
932.0
940.0
936.0
912.0
936.0
932.0
920.0
944.0
956.0
920.0
936.0
940.0
924.0
944.0
936.0
532.0
1104.0
948.0
944.0
916.0
896.0
924.0
932.0
900.0
912.0
920.0
896.0
908.0
904.0
908.0
924.0
900.0
920.0
928.0
908.0
924.0
940.0
924.0
940.0
952.0
916.0
928.0
928.0
920.0
924.0
908.0
936.0
932.0
916.0
932.0
924.0
912.0
916.0
928.0
920.0
916.0
920.0
940.0
932.0
912.0
936.0
940.0
916.0
932.0
928.0
908.0
940.0
924.0
936.0
936.0
912.0
944.0
944.0
928.0
948.0
932.0
904.0
912.0
932.0
916.0
928.0
936.0
928.0
928.0
936.0
936.0
924.0
904.0
928.0
932.0
892.0
916.0
920.0
908.0
928.0
924.0
920.0
940.0
928.0
924.0
944.0
936.0
928.0
932.0
