789
789
789
817
656
994
842
811
792
769
842
856
819
831
822
794
797
789
825
867
825
783
797
769
786
814
814
828
847
806
772
800
792
856
844
822
803
836
792
792
817
847
881
819
778
803
811
800
836
828
825
814
786
783
806
842
836
828
806
778
797
783
792
856
847
819
786
783
789
814
814
847
836
808
783
772
786
806
842
822
814
778
800
789
797
819
858
828
789
781
794
828
825
833
828
822
800
775
797
811
858
847
811
794
789
797
811
825
850
847
808
769
800
803
814
836
819
828
797
781
778
817
819
864
831
792
786
800
792
822
828
839
822
772
750
794
822
811
839
819
786
742
831
783
831
861
825
803
775
789
797
797
814
847
825
775
764
781
769
828
828
797
783
789
778
761
786
819
847
808
769
778
792
789
797
817
819
806
772
775
772
808
808
825
800
767
778
778
783
783
833
817
786
750
772
786
792
808
828
828
803
769
772
800
817
839
839
800
792
803
789
789
831
847
842
789
756
800
803
817
817
828
806
794
781
769
822
522
942
842
817
778
817
814
808
847
869
811
772
786
794
828
831
833
850
811
775
794
819
842
864
833
789
797
789
608
961
833
844
828
781
1553
814
825
806
825
800
794
764
794
842
842
831
811
794
786
797
811
833
847
836
808
781
786
842
858
842
842
833
814
769
806
839
850
839
831
792
800
1611
828
844
839
1578
789
828
844
819
847
811
775
794
808
819
1703
800
806
775
814
825
842
842
856
794
772
778
822
2494
811
808
778
781
819
828
550
972
800
772
792
806
806
1614
814
783
767
781
825
828
819
828
789
1589
803
833
858
831
792
783
769
822
825
814
825
839
783
758
797
794
847
828
831
803
781
778
797
825
825
850
806
778
783
797
811
794
800
792
775
742
744
747
794
789
794
761
778
756
772
775
789
847
844
817
783
792
831
833
875
861
844
792
778
808
1636
861
844
756
794
792
747
789
819
817
769
772
756
753
1575
806
806
533
936
764
722
758
1578
717
725
694
697
708
703
717
744
747
719
689
706
692
717
758
750
733
742
761
700
703
728
767
778
806
775
747
756
772
778
775
1642
806
764
767
778
806
811
825
786
750
753
725
719
733
758
742
1439
694
697
719
1481
761
778
750
1447
742
767
808
767
769
764
744
739
739
758
772
803
786
781
725
761
756
758
761
789
814
761
731
761
753
792
819
783
775
750
772
753
742
786
825
767
744
728
703
717
731
728
736
733
761
711
667
678
700
706
717
733
717
686
689
694
694
683
733
753
758
736
728
714
750
742
747
786
1525
725
706
703
714
769
744
1503
750
1469
753
775
817
833
803
764
781
769
819
817
619
986
831
778
744
775
783
817
808
792
769
772
747
767
1589
831
794
744
744
786
753
769
758
761
764
725
1442
1500
750
761
736
711
725
725
1478
797
797
761
747
750
758
789
817
844
814
803
803
789
775
825
886
858
806
803
803
792
797
1669
839
786
775
797
819
847
828
836
811
808
789
772
842
847
814
797
789
769
2383
817
814
800
753
761
1578
808
800
792
783
750
736
764
778
797
1558
739
767
744
758
775
772
775
758
728
722
1522
783
794
794
756
781
772
764
778
844
833
772
775
758
772
772
792
808
844
1536
750
1536
811
1611
786
1536
769
775
803
825
769
761
767
778
747
778
800
794
1547
742
767
783
800
806
806
775
778
1547
772
825
819
800
744
1547
786
794
814
831
794
1528
769
772
814
808
794
1542
769
731
786
811
817
775
1522
781
756
772
803
783
786
761
761
731
772
808
797
783
786
767
772
753
767
825
833
781
1531
750
756
789
794
797
794
767
733
750
761
808
1606
781
781
764
731
769
808
800
797
758
739
761
761
767
789
775
1511
747
711
703
750
742
719
719
717
689
700
1419
739
786
750
742
711
728
747
767
761
794
822
797
742
742
758
767
783
797
1586
767
756
786
1581
836
836
783
750
783
1642
786
811
822
794
744
758
839
853
775
783
792
803
747
769
800
825
783
750
711
722
703
719
742
764
725
753
736
714
1442
778
792
758
769
758
764
758
761
797
808
806
797
781
761
803
811
828
819
808
808
794
789
769
842
833
781
792
772
775
783
794
808
822
817
753
758
764
794
828
808
800
850
789
753
781
811
825
825
811
775
753
747
769
797
778
803
828
794
722
761
803
850
822
792
786
539
950
808
839
844
819
811
778
758
775
778
800
819
811
786
756
758
764
794
819
806
806
786
764
764
769
803
839
842
800
781
781
797
783
825
817
844
797
778
1592
825
800
817
808
794
1544
803
836
828
792
794
764
794
1597
822
850
2361
781
797
819
839
814
811
794
772
756
822
856
842
769
753
789
797
783
789
825
842
814
728
750
1636
769
792
797
797
586
908
836
844
842
806
778
642
883
1561
797
1678
733
758
778
819
797
789
806
817
1514
769
617
1022
872
831
786
783
811
797
814
825
839
1586
772
803
789
819
622
1000
814
808
2383
883
833
803
811
794
833
808
847
853
1617
783
797
847
872
822
833
803
794
775
800
850
853
839
803
806
803
817
806
839
839
842
783
781
814
844
853
822
844
797
814
792
808
858
858
839
775
803
800
1633
833
847
817
778
769
794
817
833
839
803
814
1578
806
842
839
858
806
775
800
797
819
844
850
803
811
783
761
819
814
822
803
792
1567
792
1650
819
808
800
575
956
853
847
1689
808
767
797
781
839
853
828
1583
792
600
944
817
836
819
767
750
811
789
1647
1639
797
769
772
853
831
817
800
783
786
806
792
825
853
825
772
747
747
775
803
814
800
814
781
747
744
800
783
817
811
797
756
1581
789
808
856
861
764
769
808
819
794
831
867
792
800
786
814
794
833
847
822
744
772
792
806
764
825
842
814
717
769
803
844
1589
844
808
722
750
797
844
786
803
800
792
614
897
819
850
842
831
772
758
781
808
1614
831
800
761
778
758
806
814
833
794
800
764
794
789
1631
836
806
783
781
783
828
836
808
836
1583
758
800
831
856
828
794
822
806
2472
847
822
786
778
1603
822
836
822
1583
767
781
819
850
819
811
775
792
814
800
561
1025
1636
764
792
792
825
819
814
831
767
775
794
803
850
839
833
792
797
786
814
822
822
842
814
786
764
803
811
819
817
808
806
786
753
803
839
836
817
789
789
786
789
822
833
847
806
781
775
789
806
853
844
811
814
806
769
1592
850
822
797
756
811
781
778
817
842
811
789
772
769
814
803
806
828
808
769
1561
806
831
836
814
633
906
786
1556
828
1672
1533
1589
847
822
803
842
781
767
797
831
1681
2397
792
783
856
831
844
792
778
781
831
822
828
833
806
786
786
2353
836
828
792
764
1614
550
1861
828
786
781
786
844
839
1631
1617
786
808
858
864
825
800
822
817
825
603
1028
867
2419
828
642
989
839
822
803
775
778
814
847
822
819
789
789
789
800
839
844
850
806
800
781
800
828
856
847
819
803
800
781
811
817
853
839
806
575
961
825
817
833
839
828
789
761
797
842
836
644
986
811
800
769
1628
856
825
797
806
792
797
814
839
850
1600
789
786
789
867
842
1647
783
781
792
3342
1583
797
817
842
844
825
828
1583
833
2536
1597
792
792
831
872
825
814
783
803
1614
817
861
842
792
781
803
817
1681
817
1617
767
786
811
836
828
797
767
794
769
789
836
831
828
794
1517
778
789
822
806
794
775
797
775
803
828
872
844
1589
819
1656
1711
822
783
786
811
839
842
836
833
811
1564
2500
1639
789
806
794
811
831
819
1564
767
1597
592
1006
839
800
1569
800
817
1683
789
