933
956
900
869
867
864
914
914
917
897
906
886
867
911
917
900
847
842
867
889
897
889
858
853
844
819
856
903
911
856
839
814
794
803
806
803
786
806
756
761
786
803
844
853
786
756
772
797
808
831
847
836
817
781
783
792
825
811
803
808
808
839
869
889
911
956
925
861
894
892
917
958
919
881
875
872
881
889
925
919
844
836
911
917
933
883
867
861
875
842
814
869
872
853
828
836
825
903
903
869
303
572
842
836
828
842
8
292
83
103
369
878
831
800
836
858
861
869
847
869
853
844
858
897
908
917
886
861
881
878
894
903
1322
447
803
772
797
822
819
814
769
769
775
750
775
811
803
836
811
789
794
828
842
861
861
831
822
475
328
786
803
842
847
825
769
775
753
775
800
831
792
800
772
758
758
783
817
814
794
778
761
822
825
817
828
844
836
822
833
864
931
942
933
881
825
844
889
900
922
931
889
853
847
850
922
919
839
867
894
1394
228
147
292
642
903
933
839
875
919
917
886
944
903
858
864
894
922
950
903
850
858
867
903
931
928
933
869
858
864
914
917
1742
817
867
881
908
944
881
897
881
872
906
936
919
933
917
889
908
944
956
992
936
856
844
856
931
958
936
897
917
917
931
906
953
1808
853
939
958
931
878
842
867
858
869
969
961
939
914
919
964
981
1006
939
939
922
911
964
975
981
956
942
947
961
944
997
978
917
914
933
1008
1008
975
956
911
936
947
992
1011
964
928
897
958
1006
1008
947
958
947
953
1025
1033
997
906
914
939
928
878
925
889
917
897
939
1017
997
972
931
894
956
989
1000
1011
967
956
989
1008
1061
1039
989
994
1014
1031
1025
1025
1964
922
967
969
961
925
911
931
964
1014
1022
947
900
931
928
903
922
892
900
864
839
919
983
992
950
1886
986
992
1936
917
908
936
1014
1003
961
939
919
897
947
981
1022
947
869
906
878
944
919
908
861
861
858
931
1006
1044
1025
964
989
1067
542
1181
1008
964
975
978
1028
2014
969
981
1044
1053
1036
1031
950
975
1022
1053
1047
997
939
997
1036
1056
1056
1025
967
975
2061
983
992
983
989
1056
1067
1044
986
986
1003
1050
1081
1011
983
1006
1011
1047
1086
1064
983
1008
1064
1053
1050
2047
969
1025
3103
986
992
1028
1008
1031
1050
969
994
1047
1064
1064
1028
1025
1008
1069
1086
1047
1006
994
1006
1075
1089
1028
989
1003
1036
1006
1042
997
942
906
936
1039
1011
978
1008
967
961
1011
1028
1036
961
939
1033
1072
1022
1050
1000
978
1025
1033
1050
1022
961
886
925
997
1008
1050
1003
958
1050
1067
1047
1022
967
978
956
964
944
978
950
936
953
997
972
936
911
922
933
989
1000
1011
906
867
894
919
975
972
939
933
908
886
956
983
989
908
1822
939
967
956
933
936
922
1897
1019
1003
939
953
961
950
972
2869
947
981
994
989
958
953
939
956
967
986
1006
969
942
1933
958
1878
922
975
2050
1039
1003
994
989
1081
1086
1006
1025
1008
1011
1042
1086
1061
986
1044
1039
1025
1019
978
942
953
978
1072
925
1150
989
978
1944
919
1867
889
986
1044
1047
2025
1019
1014
1075
1028
975
947
931
981
1011
986
969
944
1914
1042
1044
1025
1006
981
986
1058
1058
997
1014
1969
2114
1033
947
1003
1028
2078
1042
1014
1989
1103
1050
1022
1000
1006
1025
1092
1083
983
964
986
978
1042
1036
964
964
1000
1025
2108
1031
972
1017
1078
1081
1042
1014
1031
989
1056
1094
1028
969
989
1056
1039
1050
2031
942
1000
1047
1006
1006
961
972
967
1022
1056
1006
992
989
1028
1053
1050
1033
964
2061
1056
1086
1044
969
1014
1067
1053
1033
1019
994
944
981
1044
1039
978
969
997
2044
1044
967
989
983
997
1061
1039
961
972
1017
1017
1025
1028
1000
969
964
1047
1058
1006
992
1011
978
1033
1067
1008
986
983
1006
1031
1036
1025
967
992
1017
1000
1058
1044
967
953
1014
1067
1008
994
1019
969
969
1053
2089
986
1011
1022
1028
1064
1028
975
1006
1014
1067
1031
1025
983
969
1033
1044
1022
1000
1961
1006
2097
994
1006
958
1000
1056
1014
983
978
972
1011
1050
1044
975
975
992
992
1006
1019
975
961
981
1061
1042
1008
1042
989
981
1042
997
1011
1803
919
1908
1022
1025
975
989
1033
1081
1047
1033
1017
1006
1017
1044
1083
1003
992
989
3036
950
961
953
997
1053
1050
967
956
964
967
1019
1019
950
961
969
956
1008
933
886
853
864
867
917
939
914
1936
1967
2119
1967
1000
1028
1061
1014
1011
978
967
2064
1025
975
953
1000
1022
1014
1011
958
875
869
881
981
1006
975
972
986
2078
1025
1042
1003
1033
1044
1050
1025
1019
1008
1919
1022
964
911
861
844
864
858
2708
1750
908
969
1000
986
961
1011
1969
975
917
908
922
972
1061
1061
1056
1019
1033
1031
2072
1008
944
908
953
1969
892
917
925
919
1964
1014
939
856
836
839
853
853
897
894
944
958
1014
1064
1014
975
917
914
897
950
992
1989
964
1019
2133
1025
1011
994
997
1056
1042
1939
914
989
947
1906
847
828
1642
914
978
931
878
1786
1008
1047
1064
1047
1025
1042
1089
1097
1036
942
992
992
994
1014
992
981
958
981
1047
1003
986
1961
1003
1031
1058
1003
1944
1008
1022
1006
997
997
1911
1033
1042
983
947
947
1008
961
919
958
908
1814
964
1044
981
1939
969
1006
1039
1047
1975
981
964
1019
944
892
864
903
936
967
969
992
978
969
975
1053
1039
978
947
981
986
1006
1061
989
917
953
2011
1031
1031
983
953
972
1019
1011
1014
983
964
942
972
964
950
939
969
2000
1069
2078
975
1025
1053
1033
2081
986
981
1061
1078
2008
989
967
1039
1058
1025
975
975
975
1042
1036
1000
981
992
969
1011
1086
1003
1953
975
1036
1022
1000
983
958
964
1022
1053
981
969
989
969
1033
2011
983
947
978
1025
1047
992
939
936
939
919
925
964
953
936
961
986
1064
1042
986
1953
3106
981
972
1017
997
1031
1028
958
964
1875
1006
1006
967
931
981
1017
1022
1033
2947
1017
1067
1017
967
964
961
972
978
1961
950
914
972
1964
942
883
892
883
922
1000
967
911
919
933
1964
2014
958
939
986
972
1014
1911
967
969
953
1942
956
950
953
1000
992
981
950
928
969
947
1017
1019
972
919
936
961
997
956
950
972
931
947
1986
994
961
894
975
1931
958
1867
925
986
1056
989
975
931
961
986
1008
983
1836
908
964
972
1003
958
894
942
953
969
1014
981
975
944
947
1011
1003
1000
1958
981
944
1003
1958
1856
1008
997
1025
969
953
911
958
1006
1986
1939
994
986
1044
1008
931
939
947
1028
958
2833
950
953
2011
983
972
2050
1067
992
972
1947
989
994
1014
969
1858
989
1964
3653
944
983
936
911
914
1903
1003
1003
969
2719
939
928
875
833
886
864
