514
797
811
878
858
825
808
797
814
808
833
886
850
808
806
797
831
836
839
878
825
789
794
808
853
856
842
869
808
1581
828
858
847
828
839
794
786
822
856
869
839
817
822
800
794
836
864
858
819
800
825
811
817
856
864
847
792
797
833
817
831
850
850
819
794
803
844
844
839
842
833
803
794
811
858
850
833
825
825
806
800
842
869
844
819
800
811
806
811
867
867
828
814
797
822
817
786
858
831
783
769
767
786
806
822
825
831
792
747
764
797
828
800
683
681
811
786
803
828
864
850
828
842
800
786
819
842
869
842
792
814
786
786
819
839
858
806
772
811
786
783
839
836
833
1567
797
800
819
833
817
831
772
772
1611
831
831
808
1589
767
800
844
819
803
794
778
789
764
789
867
831
792
792
772
781
783
800
2447
4792
3936
819
811
2414
761
2428
2433
1522
794
2481
800
1619
792
831
869
867
3253
800
842
867
847
803
803
828
819
833
850
858
822
786
1631
833
844
1683
814
794
817
850
844
842
831
819
800
794
833
869
1675
814
817
1611
861
858
833
817
797
817
808
828
878
856
822
808
794
825
831
836
872
842
789
800
806
847
847
839
872
819
781
803
819
861
1675
844
806
789
814
847
1717
814
828
800
794
825
853
875
819
794
831
811
811
850
853
858
800
783
831
814
825
853
850
833
800
794
839
842
836
844
1647
789
800
858
858
825
833
822
808
1625
869
844
828
806
808
806
806
856
869
842
817
800
814
814
831
864
858
817
1592
825
836
844
869
847
794
792
806
839
844
839
861
1603
806
817
869
853
833
842
806
786
811
836
1719
808
831
2442
858
867
825
789
825
808
811
847
856
853
1594
831
2514
847
833
792
786
836
842
844
844
831
831
789
797
861
850
831
828
808
808
797
817
2558
817
808
1619
844
872
842
806
794
811
817
833
861
872
831
786
794
819
833
839
858
853
797
786
806
839
856
842
856
1608
797
814
858
858
836
1644
792
811
842
878
847
814
1628
789
825
850
869
831
797
825
808
817
856
850
861
806
783
825
1650
1708
1642
783
842
844
836
850
828
819
786
792
1725
836
1650
1606
814
881
850
825
808
800
1625
842
889
844
808
794
1631
831
850
872
1603
797
817
839
850
858
853
800
783
803
839
847
842
853
825
792
797
817
869
858
828
836
2403
831
1719
811
833
1608
831
853
864
831
789
822
806
808
850
853
861
817
786
828
2506
844
842
794
783
836
842
836
850
833
822
794
794
858
847
833
836
811
1606
817
878
861
828
817
806
1619
836
1728
800
1608
817
833
2564
789
794
817
831
842
858
853
800
792
803
842
856
844
856
825
783
794
811
861
856
1672
814
789
808
842
872
844
811
825
803
1617
850
872
831
1628
808
811
850
850
864
806
778
828
822
822
856
850
844
794
789
839
836
836
844
833
1603
1658
853
1672
822
1606
819
869
847
831
808
811
811
808
853
878
842
1611
567
1653
844
878
833
797
797
814
833
842
858
861
817
783
794
828
1689
853
847
800
789
806
856
861
833
847
817
786
797
822
867
856
1658
808
794
819
847
1714
803
811
1608
1700
869
1614
1639
819
2542
800
1617
828
842
858
842
828
786
789
850
847
836
1661
811
794
803
878
864
819
825
811
808
797
831
881
847
811
803
811
811
822
858
872
833
797
792
811
825
839
858
864
808
794
1633
853
839
861
839
786
1594
844
858
839
850
817
789
811
828
1717
828
828
800
2461
878
844
803
825
808
797
844
850
867
817
783
2464
861
853
1647
786
833
828
836
850
1661
1581
853
850
2508
817
789
806
867
853
1642
814
811
2519
844
814
803
811
811
814
1722
2439
822
825
836
864
858
811
786
1628
833
839
1708
794
803
806
850
850
2500
1589
1692
853
831
839
806
789
822
844
872
842
800
825
803
792
842
861
864
1617
1631
1669
853
847
1589
833
1667
853
1678
789
1642
847
1672
831
806
792
819
1722
831
1642
797
794
1711
844
825
2431
1689
861
828
808
792
819
819
828
875
856
806
803
1633
839
833
875
1614
1606
847
847
842
864
811
789
806
825
869
844
825
842
800
781
814
853
1708
819
831
797
789
839
858
853
819
803
819
803
819
856
869
842
803
806
817
817
839
847
861
817
786
819
831
836
853
844
836
797
1614
844
839
853
825
1625
792
861
864
4089
806
881
861
825
819
1625
808
1722
844
1600
797
825
828
844
883
2419
811
1694
1703
1581
800
1703
850
842
833
1578
814
864
853
836
828
811
786
808
842
878
3289
797
831
847
872
831
1608
819
814
856
853
861
806
778
831
825
831
850
844
836
794
789
842
844
842
844
825
817
794
797
1711
836
1647
822
797
822
878
4897
844
875
844
814
800
817
817
831
861
864
819
792
792
825
836
847
864
856
800
792
797
844
850
1697
819
786
800
817
867
1686
847
1589
811
839
869
842
814
825
806
797
836
858
875
825
789
828
806
806
844
853
856
806
792
1647
833
853
850
1625
792
833
836
1683
842
1608
808
1708
831
831
822
3289
844
839
811
2422
864
858
1653
1608
1636
1739
817
808
797
825
831
836
875
1628
797
806
839
850
842
875
814
1586
817
864
1672
850
803
786
814
1722
842
814
1633
1614
2544
1633
1617
1714
847
1603
819
814
1678
858
831
797
808
828
833
844
839
850
806
783
819
842
839
850
836
828
1589
844
856
836
844
814
2406
869
1703
1631
814
1625
883
856
808
797
2442
1739
836
789
794
1639
839
850
867
811
781
1625
861
1700
1639
1586
853
2536
1611
1628
2550
822
3264
869
844
803
1631
806
850
856
858
822
783
1636
822
856
1703
800
786
836
833
839
1689
2394
856
850
842
847
1633
1600
875
853
1642
808
811
803
833
886
847
808
1614
808
822
858
867
825
800
794
822
828
839
1725
806
797
792
833
844
833
864
839
1589
1669
850
831
1667
783
806
828
864
844
825
836
1597
819
853
872
836
806
822
797
803
839
858
869
817
1625
806
817
2542
797
797
1650
839
856
856
814
794
811
836
844
842
2469
2478
1694
822
1617
794
858
861
1664
803
2433
878
1689
1606
819
814
2561
1600
803
839
839
844
875
825
781
2450
3347
786
806
2547
1664
1583
1681
2522
2419
839
1714
811
1625
797
833
856
869
1619
3303
847
853
1589
828
825
836
1708
836
794
786
842
844
828
844
1639
794
806
861
853
839
1644
1603
831
869
850
1631
1625
814
1736
1639
797
3328
2475
803
825
836
842
872
833
1589
806
844
1681
869
814
1594
822
869
844
828
847
1578
808
1714
842
822
831
797
789
831
867
853
1631
814
2464
875
847
800
806
817
1650
1711
817
781
819
828
833
1706
842
794
1617
2528
831
822
794
797
856
