564
864
836
844
839
867
925
878
836
831
842
833
856
911
908
914
878
906
864
903
936
886
850
842
831
881
889
894
892
261
572
842
833
878
883
869
869
825
786
814
831
842
839
833
828
797
789
808
856
869
836
836
817
808
853
864
922
881
839
856
833
817
856
886
894
839
822
853
833
850
883
886
833
797
844
831
833
869
875
869
814
831
850
831
858
858
850
822
803
831
839
833
867
847
811
778
778
850
1694
872
850
839
825
869
903
889
892
856
858
844
839
911
892
858
833
839
850
856
894
911
864
839
836
856
850
875
908
858
817
822
844
842
856
881
856
814
806
803
850
861
836
886
850
794
806
836
861
858
847
836
794
786
794
850
833
814
819
789
775
789
800
856
850
825
833
814
803
842
861
892
853
833
839
819
808
847
867
842
819
806
792
792
819
833
831
792
761
789
811
825
881
894
908
894
886
878
883
1794
883
844
814
858
869
869
886
872
853
822
872
925
908
917
872
864
836
833
925
897
875
869
853
850
847
919
919
900
867
867
867
875
922
931
903
861
850
867
856
894
917
858
828
817
853
847
853
900
858
800
817
825
839
856
867
869
806
786
797
842
850
836
861
833
800
1614
869
853
825
872
828
789
822
844
875
839
1633
783
758
800
839
839
819
806
794
781
781
814
844
833
794
789
803
775
797
836
850
839
789
797
808
797
828
836
836
797
778
792
786
800
831
806
808
742
1431
756
781
800
825
828
822
794
836
906
850
850
861
844
814
800
872
897
878
883
1719
847
881
906
886
886
858
875
850
889
950
903
878
853
872
878
881
947
906
831
842
856
856
864
897
883
839
828
831
881
878
883
886
1664
836
883
908
1819
881
836
1717
897
881
881
853
831
842
867
900
886
872
864
825
825
844
889
883
839
833
814
803
842
861
872
842
792
828
800
792
839
853
850
811
803
842
847
867
892
917
875
831
861
869
878
886
878
853
808
814
864
850
847
1731
814
800
831
1639
786
772
783
781
825
911
950
1847
922
906
892
975
1847
878
878
878
1803
928
881
856
864
869
864
906
903
861
839
836
853
833
856
897
1667
806
847
869
869
892
900
836
850
853
903
894
883
911
850
831
858
903
897
867
883
831
811
814
869
917
886
886
858
836
872
886
925
889
839
867
833
1706
908
878
1681
819
819
875
903
914
861
864
883
872
1825
939
878
839
872
850
853
881
869
814
803
831
842
858
878
881
844
803
814
875
867
858
858
869
844
1700
908
881
889
847
836
822
839
917
881
853
867
858
842
839
908
881
853
833
814
828
822
864
881
853
822
803
806
808
819
858
867
822
836
842
872
889
889
931
872
828
853
878
872
878
914
842
817
836
847
900
875
869
861
819
850
856
900
894
861
872
831
808
856
892
886
872
872
856
4467
858
1736
897
919
944
897
850
900
875
897
917
928
883
839
869
867
861
897
892
853
822
844
856
886
892
878
875
828
836
892
883
894
1742
836
800
850
892
867
864
861
853
853
869
906
878
869
842
847
808
831
903
864
839
822
803
819
817
822
864
819
783
778
783
800
817
847
861
831
806
806
836
844
861
908
864
831
822
836
883
875
892
900
825
822
833
872
872
853
894
842
794
831
867
883
872
883
1669
833
853
908
878
1717
819
806
839
875
861
831
811
831
792
794
858
894
875
817
839
833
819
844
858
1678
800
839
828
1772
903
914
1706
875
881
894
872
867
825
1692
869
872
869
853
811
808
869
872
1731
861
833
814
861
894
886
894
847
842
806
817
892
878
844
853
842
1683
894
1775
844
825
839
822
861
917
875
844
844
867
1781
942
908
847
839
844
875
894
908
900
844
833
844
875
869
875
897
825
817
825
875
294
594
886
897
861
828
1731
903
881
858
864
825
819
864
897
883
856
864
811
814
847
883
892
844
842
847
836
858
903
925
875
831
875
836
833
875
886
869
819
822
831
822
864
878
878
817
797
1703
856
869
875
844
814
842
878
872
903
892
875
833
831
919
1767
850
839
789
783
853
883
889
878
861
875
1781
942
911
1783
883
878
908
947
894
886
1753
872
911
942
900
850
858
889
883
900
944
1731
850
886
906
908
944
881
836
853
856
892
894
900
886
825
839
875
917
897
886
886
831
808
844
906
886
858
878
842
825
856
881
914
892
856
864
831
881
911
919
878
853
864
839
847
894
925
878
842
881
853
861
897
919
892
844
872
892
894
933
922
908
828
839
875
872
892
1772
831
853
900
903
911
911
894
883
1778
906
914
961
919
1769
944
931
1808
878
847
1836
936
911
886
908
892
878
950
906
886
856
878
883
897
950
919
1719
858
875
908
944
919
850
833
844
2494
850
811
792
819
867
911
1825
1758
869
894
939
903
883
856
792
819
850
889
886
878
1736
842
883
1811
836
864
833
842
883
900
922
1733
869
864
925
922
931
917
886
922
914
933
936
942
869
892
894
908
931
919
911
864
861
875
878
1797
875
836
822
875
903
900
928
933
892
886
944
928
925
897
878
850
839
922
894
869
867
2525
889
917
892
869
842
847
847
875
919
894
861
836
872
850
878
942
886
864
839
858
1750
936
908
875
864
1775
908
917
922
872
861
889
919
1844
911
847
861
886
908
883
883
872
800
817
853
892
875
864
881
839
806
847
917
911
900
889
1694
861
892
908
853
853
1675
847
897
903
875
842
881
847
847
903
928
883
847
872
875
878
906
917
897
836
850
853
850
892
883
1714
811
886
886
894
906
908
864
839
889
900
881
869
864
842
1689
906
1786
1742
828
847
1811
2511
819
1597
1547
717
3406
1419
689
656
650
656
681
675
700
758
786
767
739
761
794
825
850
872
897
853
842
856
911
917
944
936
878
897
914
953
928
944
925
861
856
844
889
889
869
911
856
861
1808
922
911
894
814
1669
953
897
889
2608
869
928
914
808
775
761
722
714
744
750
756
733
706
742
733
733
789
806
839
836
825
853
775
1006
939
1811
844
883
900
892
942
917
883
1753
919
911
950
914
883
850
1761
1778
869
872
861
889
964
1878
900
892
881
928
986
914
925
889
889
869
919
947
906
836
783
756
739
739
794
800
789
775
756
772
772
764
792
800
1442
703
711
731
731
739
792
769
742
753
775
814
822
831
894
858
844
847
900
953
925
947
906
1725
922
950
922
956
908
858
892
936
925
914
917
864
856
881
928
914
881
883
1689
881
883
897
1689
856
819
1669
903
864
817
850
853
853
886
908
1772
881
1792
956
919
925
883
892
911
1886
944
903
875
903
931
903
903
900
892
858
908
931
936
919
881
856
831
883
1778
889
1683
800
806
883
889
839
836
856
844
861
947
1833
869
861
858
858
914
1725
842
828
842
828
850
908
869
819
847
906
839
808
831
789
747
728
714
744
750
747
775
803
758
744
792
825
864
883
919
1764
883
903
917
922
931
906
861
858
867
928
889
911
903
861
903
939
972
936
1831
864
728
2097
925
903
897
1786
906
925
853
836
853
839
900
897
928
886
858
872
861
914
933
1781
853
869
856
872
1836
1703
