428
400
397
808
753
867
831
806
808
400
406
814
756
847
847
825
811
792
808
844
742
419
436
817
825
808
800
839
725
861
836
378
25
411
400
408
839
756
775
839
847
822
831
819
772
778
800
861
350
483
419
397
850
767
775
772
867
842
811
817
836
753
381
394
825
850
428
403
825
844
758
772
789
864
392
436
1594
844
789
1619
847
811
808
264
67
461
656
172
747
822
844
819
294
547
806
397
408
836
719
856
833
814
814
392
419
722
847
800
842
8
819
822
797
1547
831
906
769
828
814
803
772
783
381
469
778
803
900
756
792
772
831
411
8
425
819
1575
833
772
794
844
831
822
403
408
814
753
833
814
367
464
814
825
406
408
386
403
736
847
839
828
836
811
364
450
369
400
772
842
814
869
794
814
347
442
767
842
844
375
2058
772
797
803
847
372
450
386
450
353
200
267
383
428
358
425
317
458
1669
694
506
369
792
1564
817
844
2469
389
414
775
300
50
433
381
844
439
364
361
725
81
817
817
811
792
836
822
822
817
319
72
408
306
467
181
617
842
825
778
786
878
744
775
847
831
811
828
358
461
328
75
750
378
753
875
822
836
814
806
781
789
831
828
761
772
869
786
764
294
1083
289
386
422
831
825
792
778
808
825
825
844
714
806
808
769
836
833
858
825
789
789
772
814
833
825
839
817
808
764
825
344
481
478
328
828
833
775
756
744
803
811
806
817
811
786
767
767
817
808
808
819
808
769
744
797
808
803
1394
322
494
336
433
772
833
817
822
831
833
789
769
814
825
1650
833
808
769
794
825
819
839
883
819
764
761
819
817
800
833
839
786
769
825
675
856
839
822
314
508
778
778
819
817
833
833
842
389
400
328
442
319
506
356
453
811
378
456
386
447
800
769
808
817
225
589
847
367
467
350
386
650
761
775
789
808
800
822
794
747
767
789
794
800
811
825
756
750
806
772
808
831
803
819
761
769
828
806
814
850
842
775
772
817
811
331
494
811
842
375
447
756
825
517
292
619
194
856
831
500
306
792
442
339
828
783
869
864
342
442
486
364
703
825
353
453
808
2492
772
278
517
397
417
564
3
242
839
833
1608
786
817
797
828
839
2403
819
803
803
831
408
442
819
778
1606
803
842
833
842
781
781
814
797
817
842
1656
769
861
747
758
794
789
794
1483
794
761
781
806
836
794
758
797
794
800
822
833
856
786
781
819
811
831
856
842
811
778
761
792
800
833
844
831
775
803
803
797
836
836
847
1628
797
778
794
819
856
808
744
819
794
814
836
858
842
797
1561
797
831
836
853
789
783
808
1600
839
858
803
775
819
2406
861
736
711
806
806
797
825
839
853
811
806
817
753
794
831
869
828
775
819
789
775
1667
369
469
800
731
794
808
858
806
864
806
778
811
786
786
831
858
836
783
811
800
783
725
814
886
794
789
839
800
750
831
858
831
778
817
792
778
819
850
839
1600
794
783
819
747
783
853
781
817
783
772
825
858
853
819
817
731
772
817
364
478
853
808
2372
808
833
858
2333
772
772
839
858
875
1642
733
769
806
833
844
814
808
369
428
772
803
1689
742
764
1636
803
811
806
850
811
814
794
775
806
828
853
819
800
811
769
786
822
708
869
839
836
803
719
803
3311
811
764
797
828
861
392
433
739
828
814
806
758
850
839
808
825
792
769
803
828
1681
731
814
803
822
767
867
831
806
831
781
761
797
383
467
842
814
1572
725
822
869
867
753
819
814
1561
806
1694
806
836
2289
792
881
839
878
736
772
794
806
2492
825
772
772
797
808
797
881
817
789
767
783
822
1675
833
808
764
761
750
925
789
817
839
1547
792
836
847
814
844
803
767
847
758
844
828
1656
3981
817
894
769
756
792
831
836
825
850
803
769
786
1608
811
856
878
728
775
3300
850
789
1533
828
794
797
886
864
714
786
1631
831
1664
778
786
786
817
853
861
822
797
753
786
825
828
819
864
817
750
792
794
831
1672
833
778
789
1617
831
781
886
794
764
781
1658
819
869
817
761
783
736
850
825
842
836
783
786
1622
819
822
864
806
683
844
772
822
822
856
839
3178
814
825
878
844
719
2417
822
1686
767
778
814
814
1686
1614
778
781
1647
722
892
797
1564
1625
819
875
808
811
739
1619
814
1708
792
781
789
789
828
886
808
800
792
781
817
800
819
881
822
1475
828
825
847
1642
2361
1622
1697
1544
814
867
744
1683
825
778
786
797
800
811
867
908
731
1578
797
797
844
856
819
803
781
814
794
808
881
833
1564
808
2464
844
806
792
783
800
789
842
892
778
803
789
2403
875
831
767
808
850
756
789
872
847
794
786
1583
725
869
922
744
814
789
803
778
806
869
825
753
836
789
789
789
1717
1597
797
772
828
4094
797
778
811
886
797
819
1600
786
783
1706
806
803
806
1575
839
1672
836
769
800
775
808
3292
828
783
783
858
839
811
803
811
753
803
839
1672
2422
772
1644
872
794
1617
772
781
861
1631
833
869
728
775
831
847
822
817
803
831
1553
1669
833
1617
1603
794
828
819
1644
778
811
836
800
1639
819
797
767
844
847
2428
811
767
792
842
872
778
825
817
778
767
836
828
814
825
786
819
772
817
1628
842
833
1583
786
2478
2497
711
2469
828
833
794
772
864
775
822
839
833
2372
822
864
1622
833
775
767
836
822
811
836
839
786
767
822
814
817
858
806
817
775
792
1633
839
839
831
775
778
817
803
822
836
844
1556
1631
800
836
853
758
800
800
1614
842
833
836
781
783
786
828
825
842
850
783
769
822
794
2464
800
767
814
803
792
833
842
814
811
786
2433
839
861
800
769
817
786
794
2511
1597
811
1600
850
1625
797
800
786
833
842
847
800
781
814
792
803
833
867
814
772
825
792
781
797
881
828
794
808
794
789
825
1656
828
844
753
1575
842
861
822
781
772
850
736
822
858
836
786
817
792
736
844
842
847
811
803
797
783
811
831
886
1575
2372
828
1719
772
1617
767
800
850
844
831
792
1569
806
828
858
828
861
747
1567
814
872
1628
858
747
764
811
1689
817
1633
806
742
831
2494
806
772
769
850
1686
1633
783
761
800
1661
839
2400
794
822
847
819
1636
828
2403
825
822
1600
775
1656
836
4825
844
817
853
800
764
1631
808
828
833
817
778
786
819
831
828
822
1633
1553
833
833
817
864
803
1536
819
836
781
889
881
706
789
1622
836
831
839
1567
767
839
825
1689
792
758
1611
811
825
864
819
1558
794
831
839
831
842
1567
1611
825
872
817
808
761
1606
814
822
919
778
767
781
1611
822
889
811
792
1569
1631
1728
761
783
783
1633
1697
819
764
775
811
803
814
872
1575
858
2364
2506
794
747
839
792
828
1686
1569
1606
811
931
783
781
781
800
789
800
869
819
853
775
781
2439
856
819
803
842
753
786
1689
825
792
792
833
761
794
869
839
2408
817
747
853
850
822
1603
828
1569
875
825
800
794
811
783
792
881
839
803
794
794
792
736
925
808
817
811
789
797
2406
850
1614
808
781
786
1700
800
1631
742
778
856
1650
2378
781
842
1675
831
803
800
772
800
883
792
828
1622
1547
858
836
806
1644
1550
1672
853
789
811
797
778
803
842
1697
1597
772
786
1656
828
1642
786
2431
1625
900
1514
1642
828
836
1617
753
786
836
817
1667
2325
864
817
1644
1628
1592
1583
1697
808
778
792
1628
1656
856
775
