714
714
731
761
753
733
700
694
694
725
756
742
744
278
458
736
706
703
431
1000
758
758
744
719
697
722
722
436
1019
758
736
733
714
697
681
722
764
736
731
722
711
697
708
711
731
492
1006
733
556
150
692
694
689
731
750
742
717
731
719
694
700
708
731
761
753
725
711
703
717
711
733
739
753
731
728
703
703
694
742
478
1036
728
728
694
1414
708
725
736
767
733
692
686
464
967
753
750
736
711
731
706
692
703
714
736
756
744
708
683
706
1431
736
742
736
722
708
692
694
703
739
758
747
719
694
692
711
717
728
733
744
767
717
681
694
719
731
756
742
447
994
725
703
692
697
736
728
739
739
703
675
708
708
717
714
733
731
708
1386
689
692
747
739
731
700
681
675
697
706
692
722
731
750
433
936
681
689
694
731
733
731
706
700
703
692
683
711
739
744
733
711
694
675
717
717
736
731
739
708
267
444
714
697
697
739
303
467
733
706
708
694
703
717
719
736
742
761
706
697
686
414
978
761
747
733
711
708
708
706
692
722
744
758
736
703
692
689
722
1472
725
742
703
703
700
256
444
689
739
761
1422
697
689
28
661
708
711
725
453
997
719
692
672
689
694
736
744
1428
694
708
681
697
711
742
736
744
700
686
689
444
1000
1478
733
722
714
392
994
717
739
769
742
711
694
700
700
722
725
747
728
742
714
689
686
708
706
742
756
1428
1422
1383
728
736
736
739
700
681
686
731
719
742
1450
706
714
706
689
708
753
758
736
697
697
683
708
722
728
753
739
750
708
700
686
714
719
756
753
739
703
703
719
708
706
742
753
742
753
703
681
708
753
733
739
756
739
717
708
703
714
725
775
753
736
711
703
686
1475
747
739
758
736
706
689
700
717
756
764
722
714
439
983
694
706
725
744
1453
1394
678
711
736
739
719
731
714
697
703
689
708
719
758
422
1017
700
692
678
714
736
736
722
739
1419
675
694
708
736
753
722
711
694
714
689
708
725
747
733
739
1400
1389
1494
1458
714
708
708
692
714
472
1031
742
711
692
697
694
711
733
747
717
742
717
700
678
708
1467
761
736
697
697
725
697
703
742
753
739
742
706
394
986
744
739
747
742
728
703
717
711
706
722
756
764
736
697
694
703
708
725
731
739
731
739
694
689
686
717
731
756
747
728
686
703
719
711
708
747
744
747
728
700
1392
753
1483
731
736
694
714
1417
736
1528
731
703
689
697
733
1492
731
750
728
703
689
711
731
758
761
733
719
697
714
708
719
731
750
414
1053
708
697
689
722
750
1475
717
700
697
714
703
714
739
764
722
1389
1394
722
742
742
728
739
714
700
2150
761
767
714
694
703
1156
1003
736
742
739
719
686
692
689
731
742
1472
708
692
694
1408
719
744
761
1406
686
697
703
728
419
1061
736
731
703
694
692
719
464
1025
767
722
686
708
717
711
722
744
739
736
722
689
697
711
758
2222
725
1406
706
1456
753
747
728
686
689
486
944
753
731
736
714
731
261
428
689
1428
750
742
733
711
678
706
711
714
708
744
725
722
717
681
686
717
758
736
731
728
706
694
708
711
722
733
764
742
719
689
692
694
742
753
744
736
731
719
706
689
711
1497
750
717
703
1400
703
1450
750
736
714
703
694
692
728
758
1472
728
694
703
717
717
733
744
769
731
703
694
708
711
756
750
744
731
739
711
706
1436
461
1792
706
689
706
714
708
725
728
736
722
706
683
692
708
742
742
744
717
706
692
703
711
731
722
747
758
719
681
686
1431
750
747
736
733
1433
1406
753
747
761
2142
728
717
1478
742
722
728
722
686
694
739
769
753
1458
706
717
722
711
744
753
769
733
1403
711
717
744
758
747
722
722
711
708
1431
747
758
758
719
692
711
728
733
736
744
747
728
733
697
703
722
775
747
1469
717
706
269
1167
739
747
761
742
417
1694
703
1511
750
725
733
2122
725
744
1242
997
708
694
731
736
733
750
753
733
722
703
703
711
772
761
750
728
725
697
711
731
750
742
1519
394
994
1408
731
772
742
717
725
714
700
689
708
744
747
425
1031
711
689
700
717
736
731
728
1433
700
686
694
728
764
742
717
711
706
700
700
1444
736
758
725
1375
703
697
744
767
739
714
711
722
694
686
728
742
756
756
711
694
706
731
1206
1019
753
728
728
1406
722
769
764
758
736
714
706
728
739
750
750
769
1475
703
708
725
761
781
767
739
733
733
725
703
742
764
767
2186
1458
733
744
756
753
736
728
708
706
733
786
750
1475
714
703
728
728
456
1806
731
1411
700
714
756
758
739
728
1442
714
703
733
753
767
750
1406
700
736
725
733
739
744
719
703
703
711
706
767
756
750
719
1397
714
742
733
725
756
1453
675
697
700
736
758
733
2164
2094
739
733
742
719
697
683
703
708
739
725
731
725
711
706
1381
708
756
747
731
692
703
689
706
1458
731
753
739
708
1372
706
1492
733
717
708
719
686
692
717
742
725
744
719
414
950
717
717
731
725
725
714
1417
1372
719
758
736
1425
697
694
708
711
736
731
736
728
697
669
686
697
2919
694
697
683
339
339
692
2178
1403
656
1400
719
711
717
722
694
692
1356
689
742
733
722
697
392
958
692
700
697
711
719
733
678
667
656
314
350
667
278
425
728
678
689
672
664
664
1339
703
708
719
711
678
667
294
375
706
700
708
261
444
725
697
1364
686
678
722
744
722
1386
686
681
1394
731
725
736
719
689
675
1389
731
761
722
708
708
719
686
697
714
750
742
1464
694
697
1450
742
742
1458
714
706
697
706
744
767
744
719
697
1408
714
1469
733
1475
694
1403
717
1514
742
708
717
1414
1439
742
3600
733
733
736
1489
725
719
692
1433
764
736
747
717
708
700
2953
764
744
722
1403
728
1533
758
728
733
725
717
708
739
756
1489
714
1406
742
742
1492
742
731
725
708
717
736
783
744
1458
1428
739
744
758
764
1525
1431
1469
761
747
744
725
722
703
714
725
747
753
756
736
708
686
272
444
728
753
736
739
736
717
708
694
706
719
778
750
728
706
706
694
1425
731
728
753
728
694
678
697
1422
753
722
706
703
1378
681
1144
289
511
936
703
675
2042
706
706
711
1403
686
669
681
692
1458
2083
2044
689
714
711
731
689
669
661
672
683
714
733
714
689
681
692
667
661
689
714
706
717
703
672
647
669
700
694
692
1406
675
672
664
656
653
1433
700
683
675
1331
678
678
2114
1392
650
1339
694
717
714
714
689
675
689
675
1347
722
1442
681
1342
686
692
1414
711
700
1375
667
672
694
739
1428
697
683
664
389
1003
703
706
731
739
692
672
683
686
1436
731
722
697
706
692
692
683
1444
747
744
689
678
1397
703
722
719
728
700
694
1372
686
2208
689
689
681
672
686
678
722
706
728
1414
167
492
675
281
400
714
739
717
703
692
689
672
675
689
1436
736
725
692
669
700
711
706
719
1461
714
700
683
686
703
739
731
733
703
686
667
694
697
692
1442
736
1378
675
1383
725
728
717
703
697
697
683
661
694
719
725
719
689
675
664
683
1103
981
719
1375
683
658
658
669
719
703
1392
1006
186
778
436
242
661
250
433
692
708
672
658
631
261
369
1008
311
672
306
394
686
397
339
992
1200
314
786
267
606
358
686
672
947
342
492
678
1053
114
1675
667
1308
381
881
631
683
1061
292
642
442
200
1278
314
964
658
250
411
811
569
1925
231
417
228
486
1289
1342
658
669
636
642
639
1331
694
694
653
639
1278
789
1192
672
667
661
653
953
300
631
658
683
678
672
647
1275
1283
644
675
1367
678
656
622
1272
664
681
678
686
650
1314
481
778
275
372
867
478
681
1331
1244
656
642
1311
669
653
656
642
619
614
1281
681
658
647
653
639
617
625
644
417
1100
447
686
647
644
1233
622
647
667
1336
653
653
3172
661
1000
358
250
403
239
1650
644
903
64
850
822
669
647
631
25
614
2128
783
381
667
656
1250
658
642
658
678
400
783
842
619
633
628
644
281
781
281
669
906
31
639
106
917
625
644
1339
689
1333
633
647
658
644
675
675
1356
681
344
308
1278
642
678
1389
675
656
650
650
1958
1344
694
1294
631
639
633
2008
403
908
1933
619
647
1758
939
1275
1922
1325
669
1325
639
1894
1342
675
669
1278
644
647
639
658
669
694
1350
628
625
631
1319
667
675
661
675
661
639
