1003
1006
1061
1022
1036
967
875
936
1000
975
919
928
856
842
847
867
825
792
800
808
775
783
794
811
786
742
686
681
700
750
767
744
839
1000
956
961
978
1008
975
883
828
836
861
936
939
911
917
942
958
1000
1092
992
961
903
853
864
889
864
844
806
742
750
792
825
864
936
1033
989
906
906
967
986
914
872
894
906
911
994
1033
1017
981
975
925
942
975
942
836
844
842
844
867
861
822
808
747
756
736
797
894
922
553
483
1211
489
467
1347
1000
531
275
903
519
464
1297
519
294
1006
536
475
1281
919
497
481
1364
506
489
1325
867
761
211
1283
883
1003
1231
464
1211
514
481
1325
511
267
975
758
911
514
486
1344
794
942
956
1272
500
1264
1019
1239
489
456
1233
1008
1286
519
1117
967
1219
794
978
1006
1250
753
953
839
822
1053
1286
478
483
1381
522
1333
892
814
928
889
1047
1314
525
1272
750
189
1219
514
1331
567
1236
539
1261
1025
1081
931
847
1031
533
475
747
1214
550
1447
1158
1111
1061
1111
1156
1111
1092
1025
1128
1114
1014
914
878
939
1056
1136
1133
1047
1019
1072
1086
1092
992
892
931
1100
1044
1092
1056
1064
981
1047
286
742
1072
956
989
1122
1081
1064
947
867
264
664
1031
1150
1136
1033
283
714
1006
992
1031
1114
1114
1044
1075
1144
1025
1042
1047
1039
1061
1139
1144
1072
928
864
875
947
1053
992
892
831
811
1703
989
297
756
886
892
950
947
903
942
933
522
1194
911
961
894
800
806
856
822
850
875
936
933
864
900
958
1006
1025
1014
961
914
975
1086
1019
1042
1019
1022
961
1053
1100
1081
956
961
1081
1139
1050
1064
1067
1022
1053
1097
1025
989
967
928
1008
1094
1078
944
969
1022
1075
297
658
931
956
961
933
992
1139
1050
1028
1036
939
1036
1097
1061
958
1014
1036
1056
1117
1103
1019
969
981
942
911
961
1108
1014
1103
1075
1067
1033
289
619
933
1003
989
1100
1086
986
1019
1033
1106
1033
1014
986
925
1003
1108
1056
1028
944
989
1078
1025
1033
1006
931
964
1014
1003
1047
1025
931
967
975
1956
992
986
992
958
1006
933
964
994
1003
931
1006
1047
992
908
864
908
889
903
858
908
1031
1050
1078
1031
1025
958
931
886
914
1019
1150
1069
961
981
1094
1108
1097
992
992
1047
1078
1050
986
842
811
842
894
872
872
853
797
753
761
778
797
769
775
764
731
714
686
1517
836
936
1747
900
947
928
906
969
983
492
1147
942
1003
961
892
906
947
975
961
1736
844
922
931
956
1003
1025
947
906
889
928
1042
997
922
908
961
1028
1008
961
969
947
889
875
900
917
831
842
811
800
869
881
878
872
797
753
828
858
939
958
900
856
867
889
942
1003
997
917
875
886
886
889
919
950
944
872
892
942
1006
981
950
961
911
906
1000
953
994
947
892
908
878
892
881
914
850
258
628
958
1011
1017
1022
986
1839
961
956
972
972
903
1894
1000
1008
1011
969
933
928
953
975
1033
969
886
931
994
1000
1000
922
864
856
869
831
847
844
819
800
817
869
942
1047
1033
956
972
953
1011
1094
1031
972
969
1997
1011
992
928
936
964
1014
1003
1014
947
931
997
997
983
992
942
814
872
964
1011
1008
917
875
861
908
906
897
911
1831
908
944
981
1042
997
967
1033
1094
1114
1058
1017
994
964
1000
1000
928
919
889
856
883
892
1761
806
828
822
900
1853
908
936
883
833
853
922
944
958
925
839
886
958
969
936
903
894
906
1833
967
992
928
906
878
908
958
1842
892
919
997
1003
953
889
819
800
856
956
978
1014
2025
956
992
1000
931
947
922
939
989
969
950
928
825
814
831
872
847
853
828
833
819
794
836
858
833
850
769
786
817
850
989
983
925
861
806
842
814
867
906
864
856
844
778
861
839
839
808
767
775
775
819
508
1144
806
506
1086
758
922
811
811
833
806
767
744
731
942
1219
808
744
28
800
742
778
1603
797
858
1728
1069
725
814
744
1014
1058
675
703
758
697
775
658
722
678
694
639
456
900
481
994
481
1003
1392
444
975
1503
497
1033
461
1419
906
747
689
489
942
494
914
456
917
453
972
497
994
478
1356
861
444
911
483
906
481
897
458
886
439
939
436
981
733
697
481
867
439
864
472
939
475
939
458
914
1319
450
922
461
983
475
1019
447
967
442
989
472
1061
497
983
461
897
467
917
489
939
494
931
475
894
464
922
464
1006
481
1067
483
964
706
700
750
686
556
944
494
972
464
983
467
1081
1653
494
1133
464
1128
481
1269
508
1197
489
1183
486
1222
506
1203
528
1114
492
1017
489
1131
511
1222
511
1144
472
1178
528
1211
536
1100
775
789
500
1147
517
1200
539
1147
481
2722
547
1606
1042
942
1186
1606
506
506
1150
683
850
489
1094
783
817
767
703
472
997
503
1067
492
1061
486
1075
481
1081
494
1131
781
836
494
1686
1033
1947
856
733
806
1633
803
847
1525
728
953
1117
797
781
756
767
797
486
1050
606
1003
1283
475
1161
739
811
1672
783
819
819
861
756
975
947
897
906
978
892
917
969
939
897
889
833
861
878
911
1697
814
811
803
878
894
867
886
872
842
875
956
928
950
950
864
889
953
936
942
897
878
886
825
886
931
906
911
864
814
789
747
803
819
564
447
1103
500
983
1503
508
978
1483
683
497
447
1136
517
1122
756
739
486
1639
803
892
1644
736
725
733
756
844
861
814
1622
756
839
939
825
889
847
786
978
1200
786
922
822
758
931
1178
789
969
1631
1550
767
786
853
819
811
833
814
769
1583
875
867
806
786
1606
839
853
839
803
822
858
850
875
911
1789
869
806
908
992
969
869
847
781
806
872
953
914
997
989
903
964
1000
608
1328
1694
1658
936
547
492
1281
1719
492
458
1300
825
1031
497
1178
506
1264
528
1386
506
1250
506
1281
506
1389
519
1342
494
1256
1900
550
1283
961
892
522
483
1383
808
1072
2222
1819
553
1283
914
1733
950
572
494
1286
803
944
511
1247
542
1325
964
983
1292
792
1092
1044
947
989
811
1047
1075
997
1047
803
989
975
1117
1339
814
953
514
1247
614
1297
947
1036
1219
506
1286
925
544
497
1211
481
1244
536
1806
1739
1167
506
1239
533
1303
500
1189
494
1272
536
1333
525
1242
497
1267
542
1286
539
1267
506
1722
1294
553
1303
506
1236
486
1256
542
1314
511
1256
503
1200
497
1331
519
1281
511
1233
497
1342
536
1311
506
1200
506
1231
542
1244
964
961
531
1194
936
286
706
953
556
1231
961
964
1000
1008
992
956
1008
544
1317
1114
1039
2033
533
1339
1072
564
2303
531
1317
569
1272
1817
1006
1331
550
1336
519
1261
500
1267
544
1861
1292
1742
528
2317
553
1197
506
3017
558
1092
519
1192
1467
1292
2369
3036
994
553
1239
967
533
1350
547
1372
539
1794
1319
567
1350
547
1253
508
1294
569
1331
547
1289
511
1203
906
975
561
1350
978
933
1044
1133
1061
1081
1067
1067
1031
1092
1097
1061
1028
1042
1153
1128
1072
1014
1089
1122
1047
1072
1022
1053
1061
1067
1108
992
975
1072
1078
1033
1067
1019
1014
961
992
1086
1161
1131
1106
1108
1117
1125
1094
1044
1008
1106
1119
1086
1156
1022
1017
1075
1128
1156
1014
1086
1086
1136
1022
2028
1000
936
1008
1078
1036
961
1000
975
1122
1022
1036
1058
992
1078
1094
1003
969
994
1000
2147
1064
1003
942
969
1000
1042
1083
992
1000
1056
1069
1089
1067
994
956
942
989
983
1017
1008
