869
836
828
825
850
353
514
872
872
864
822
811
833
861
892
872
847
828
844
839
847
875
867
858
822
817
828
889
883
861
856
822
833
833
858
344
531
894
850
811
825
822
878
892
875
844
844
825
336
483
1725
883
1683
814
850
867
875
872
856
833
833
822
836
892
886
850
825
828
833
872
878
867
864
842
822
817
850
869
894
858
831
1678
853
861
872
856
839
825
828
836
900
881
850
839
822
836
864
867
864
883
669
867
817
844
875
894
867
833
828
842
844
856
881
867
853
344
472
814
847
894
883
336
525
847
817
828
344
492
347
514
881
350
542
842
814
822
833
883
356
531
869
842
842
822
825
861
872
361
522
853
825
817
864
869
864
864
847
831
828
831
853
381
522
872
836
831
819
844
872
875
864
872
822
814
825
853
892
892
853
814
842
836
856
867
1733
842
814
814
869
894
878
389
458
836
822
842
333
511
864
886
869
828
811
831
847
892
881
861
1669
831
836
872
872
872
836
819
819
872
886
864
858
831
828
836
847
856
894
867
831
814
833
858
894
869
853
842
833
828
833
878
875
878
833
817
833
867
878
861
875
831
831
819
831
875
906
869
831
317
506
819
856
1736
869
353
511
817
811
836
864
897
878
844
817
844
839
856
1739
853
833
819
825
894
1742
847
1644
847
858
867
894
1658
819
831
881
369
528
867
839
839
822
828
853
878
883
864
825
808
847
683
942
858
858
828
831
822
836
886
900
858
822
825
825
867
872
869
858
853
819
814
844
872
894
867
836
817
1700
864
872
1700
836
822
833
892
372
517
864
825
822
833
858
867
864
2542
817
850
878
894
864
831
825
842
844
858
883
861
850
822
819
842
903
883
856
842
811
1681
864
875
361
536
839
808
825
839
883
883
864
839
844
822
825
861
878
878
858
314
511
814
858
872
864
344
525
344
500
828
839
828
853
900
875
842
819
822
842
878
875
858
864
825
817
822
861
892
892
850
817
833
333
506
856
869
875
858
1656
817
867
367
533
881
842
831
822
333
511
342
506
864
372
514
872
828
811
828
856
897
872
850
828
842
831
344
492
878
867
867
836
825
822
881
881
861
858
825
831
844
844
861
897
864
828
814
831
861
886
872
850
844
828
825
833
881
883
875
833
817
833
339
525
875
867
869
828
831
828
836
875
906
875
825
822
819
858
869
872
864
861
822
811
842
867
894
872
839
817
847
839
856
875
864
853
828
822
831
900
350
1389
356
489
1644
856
858
867
894
844
1631
836
2636
833
333
511
819
822
361
497
881
881
861
825
814
2594
867
847
831
328
511
825
844
897
883
850
819
1658
881
867
861
867
833
819
308
511
861
2622
817
831
1703
867
878
850
839
819
825
853
367
539
881
847
831
814
842
736
919
869
881
828
1633
344
503
892
889
864
822
833
828
842
1747
872
850
814
817
861
892
875
858
839
819
839
839
856
889
883
839
808
833
847
889
872
856
847
836
828
828
872
875
2536
828
867
344
528
861
872
308
525
1653
836
1769
872
839
819
817
853
869
872
867
353
514
822
806
833
867
894
875
847
1664
328
506
850
875
867
858
317
511
819
828
892
886
858
1667
836
839
2622
853
817
819
828
878
892
869
625
906
828
822
842
878
883
869
825
811
844
867
872
867
864
828
831
825
839
881
897
864
828
822
822
864
342
533
661
911
1675
811
833
869
892
881
847
808
839
844
864
872
869
850
833
1642
883
894
875
1667
822
850
861
358
506
878
861
2478
869
3436
839
836
850
878
2550
814
1731
883
858
853
819
828
833
856
878
900
850
819
819
828
878
883
1717
847
822
814
853
878
886
858
828
817
1214
500
861
339
533
353
500
836
828
828
844
903
881
847
342
492
817
842
858
875
864
881
831
811
822
847
892
894
333
522
819
842
831
842
344
1400
869
842
817
811
867
886
344
533
858
836
822
1681
861
1764
836
814
831
844
889
881
858
836
336
1331
825
869
875
878
842
1642
1742
864
872
836
828
831
842
861
894
875
839
819
822
856
886
872
856
856
828
822
825
869
892
886
842
1389
853
861
864
875
342
508
836
819
822
858
908
878
844
831
817
839
856
875
872
878
831
808
828
847
897
881
858
828
842
828
833
872
875
869
914
564
814
869
875
867
867
839
825
836
839
856
894
872
839
817
825
853
1636
856
858
833
822
822
867
1769
842
817
833
853
869
867
872
844
833
817
822
864
903
878
839
333
494
819
1464
872
861
878
831
817
825
844
889
900
861
819
836
836
844
858
883
867
842
817
817
856
894
883
856
842
1414
844
864
869
894
842
817
822
1722
894
869
833
839
825
828
856
881
1747
819
811
858
875
875
864
847
831
831
828
844
900
881
847
822
825
839
881
872
858
864
344
1058
319
497
847
875
892
867
831
825
850
850
858
872
858
844
819
822
844
897
881
853
842
814
839
847
867
869
892
833
811
1425
881
900
869
836
836
828
833
850
878
881
358
506
817
808
853
881
972
606
858
825
828
825
844
883
897
853
819
828
1431
892
881
856
853
819
817
839
869
889
886
836
811
839
856
869
864
872
842
828
1647
881
892
872
833
833
822
853
867
1739
861
825
811
839
861
897
875
844
822
847
842
847
881
864
858
825
892
575
328
558
889
864
850
831
828
842
847
867
897
856
817
819
831
1767
875
844
844
886
561
836
872
881
881
325
503
811
839
861
881
861
869
1664
819
833
878
897
867
317
497
572
819
633
925
878
861
1700
811
828
850
1786
853
817
842
1717
594
878
867
1658
814
1750
883
856
1664
833
839
858
881
889
2472
833
889
883
1711
1664
825
864
872
883
856
833
583
844
878
881
342
522
853
831
831
825
844
892
886
850
819
833
828
878
878
1492
853
819
817
844
869
894
872
833
814
850
858
861
872
864
842
831
822
833
900
1517
839
828
828
850
861
861
883
856
822
814
836
869
894
869
842
836
836
836
853
878
1733
819
811
839
883
886
1492
828
828
831
847
2628
1639
825
867
2614
856
1636
847
867
975
589
833
808
844
1722
867
867
850
833
817
822
875
1467
2492
844
856
3208
806
825
844
4311
831
844
2619
583
336
486
817
833
1775
856
847
825
864
1433
3436
819
828
864
950
594
858
844
836
3408
883
3964
869
872
844
836
825
828
1761
872
331
506
825
825
1719
875
864
647
1697
819
853
1778
850
819
844
628
914
867
1742
847
814
814
853
892
878
853
842
1664
842
1744
1714
811
831
842
883
878
331
531
850
836
828
833
872
1758
836
808
828
1739
867
1717
833
817
828
1772
872
1653
819
1722
875
869
872
822
806
833
2628
1667
847
1694
878
681
914
844
814
817
872
886
872
1675
833
844
1719
886
864
825
808
839
850
894
4233
1728
1739
1639
833
872
883
867
867
831
833
828
842
878
900
861
2467
1736
875
867
856
819
814
844
867
892
867
1650
1703
867
1742
850
819
819
842
897
1731
833
817
839
850
872
1767
833
803
1664
883
881
861
2514
1708
869
881
2475
2603
869
842
836
828
836
864
903
869
1647
819
844
1753
1733
2469
861
1772
844
811
839
839
3472
847
1633
872
889
872
836
2500
858
1467
886
1631
831
844
