472
539
436
500
433
494
419
519
417
564
450
586
467
503
447
56
483
444
483
414
283
739
458
419
564
472
597
436
597
417
692
375
636
419
667
478
669
428
692
431
594
419
619
1036
414
661
453
619
450
628
486
522
378
636
683
25
1403
447
572
439
542
417
975
508
419
614
450
703
397
794
433
667
1058
425
603
453
639
447
1097
1061
1103
592
414
628
450
581
1156
472
528
153
1000
406
461
158
903
450
1136
772
844
444
522
33
150
297
47
514
486
119
456
461
586
442
572
450
647
433
750
433
733
467
683
456
661
433
636
431
631
433
606
431
664
469
633
469
631
1017
464
606
1064
447
650
467
1067
564
403
536
419
550
444
636
483
733
461
764
1239
414
442
261
439
747
481
717
447
622
461
597
1036
436
1019
631
11
472
83
1014
503
997
969
481
564
467
772
481
869
464
31
675
414
683
428
8
647
1111
3197
442
625
1067
400
67
622
481
1669
425
1642
467
653
144
936
1069
461
44
558
456
592
1486
747
2106
508
289
183
300
664
1047
1281
358
417
286
1217
2142
317
758
431
453
142
869
8
1394
1628
469
1828
881
156
1044
1017
1036
1103
1050
1036
1028
1081
1092
1117
1050
1067
1019
1075
1111
2197
978
1025
1161
1081
1122
1025
1031
1047
1086
1114
1058
1044
1019
1053
1108
1108
1022
1058
1031
1067
1078
1083
1047
967
1039
986
1050
1031
336
914
1200
1300
1197
1114
1058
867
189
1025
1153
1081
1033
1014
1050
1067
1153
1100
367
631
1036
1031
1086
1097
397
672
281
553
167
314
717
1069
1067
1064
983
953
956
1053
1100
1269
1147
339
1853
31
1042
172
2211
1072
1331
11033
653
7192
1050
1072
997
958
950
1042
383
789
1331
1183
1089
1119
1156
356
1708
1003
850
194
1056
892
194
1011
11
358
650
1003
1003
1028
1014
1033
1236
1117
1169
1158
1067
1069
1039
1058
1106
1153
1058
425
728
350
636
1092
1103
1128
1083
989
1147
2219
1108
1008
350
717
1131
1094
1078
1069
1053
1033
1153
1089
1086
1028
350
719
1025
1161
1111
1064
1064
1094
325
756
1158
1056
1028
1072
1108
1122
1089
1053
989
1014
1058
1106
1044
1044
986
1067
1075
2158
1061
1056
1053
2261
981
1069
1086
2206
1075
1056
1022
1094
358
719
1100
1014
1936
1014
1056
1069
342
433
375
186
1222
369
769
1111
1161
1033
1058
1075
1067
1150
1072
1039
1042
1083
1117
1081
1078
1044
1047
1147
1122
1125
1078
1067
1061
1169
1117
1083
1111
1058
1144
1139
1133
1056
1089
1094
1122
1158
1075
1058
1094
1092
1131
1072
1061
989
1094
1064
1069
1019
1031
1033
1058
2186
1006
2097
1050
1094
1025
994
992
1114
1325
1272
1106
1094
1050
3483
517
161
853
3
450
1083
772
7789
1783
1050
1056
1114
1067
997
1047
1047
1072
1094
1042
1028
989
1078
1058
1042
1000
975
942
1050
1183
350
903
1108
1061
1042
1100
1089
1008
969
333
686
958
956
769
2519
1033
1089
1019
1103
1017
981
1039
1083
1058
1044
1025
958
1011
1344
1253
1125
1081
1044
2214
1036
986
1036
431
569
1067
1067
994
933
1006
1025
1256
1283
589
1606
1167
1092
1033
1053
1047
997
986
1089
1028
992
2556
1150
1167
1067
1031
1050
1089
1078
1103
1031
1006
1025
1097
1019
1050
1100
1267
1194
906
1347
1106
1003
1022
1044
1097
1028
983
1014
989
1017
1233
1192
1050
1039
1039
381
486
214
1128
875
183
992
1097
1081
1053
1067
1042
1022
1047
1125
1044
1000
1036
958
1019
1294
1331
1172
1111
1083
1089
606
1475
969
997
994
1142
1244
1078
1069
1069
1125
1069
1081
1028
1033
1069
1122
1025
1039
1003
1028
1042
1042
1053
967
1297
1169
1147
1106
1125
1050
1133
1044
1081
1053
975
1008
1006
1133
1053
1031
1036
1011
972
1294
1386
1119
1208
1067
1169
1144
1008
2125
1111
1117
1044
1994
1033
1117
1058
1089
986
1022
1083
1128
1094
1086
1064
1075
1128
1122
1044
1014
1058
1075
1106
1069
1025
967
992
978
1083
1261
1072
364
647
319
19
769
1081
1061
1003
978
931
956
1192
947
961
914
1278
1106
1181
2083
983
1022
997
1022
1000
1347
1975
1433
2119
1019
1014
2203
1042
1011
961
1033
1608
525
772
1089
1150
1097
1100
1150
1072
1044
1058
1081
1075
1031
989
992
1281
1231
1133
1072
1014
3131
1069
947
1069
1019
2150
1003
978
986
1233
1317
2317
1061
1100
1133
1089
1092
1028
1006
1097
2161
1025
1014
1019
1067
1061
986
1083
1167
1117
1053
1058
989
961
989
2017
1053
1981
9461
617
1467
578
12039
1136
1142
1108
1097
1044
1011
1053
1067
1000
1053
1031
850
692
792
1161
1108
2142
1053
1089
1089
1017
1017
1000
997
1031
1253
2347
2211
1122
2122
3275
1078
3181
1111
1094
2142
1033
2256
1067
1064
1017
1053
1069
2167
5325
1067
1011
1067
1072
583
4633
1056
7822
1125
4369
2083
1386
731
1217
33
719
8
5511
1225
1161
1122
1103
1158
1094
1058
1025
1067
1044
1125
1022
1036
992
1044
1061
1056
1089
1492
1231
1194
2219
1017
1022
358
514
214
389
497
197
353
519
197
1053
319
683
1008
2172
1036
1081
1019
1039
1086
1086
1036
2072
1069
1100
1133
1039
1039
1072
1094
1097
2078
1078
1100
1117
3264
1106
3317
1058
1094
2158
1114
1044
1036
1039
2133
1094
1000
994
1006
2050
1033
2008
1278
1225
4169
2211
2558
1578
267
1197
56
617
881
433
7722
24722
1878
2650
900
903
1767
944
867
894
911
964
3792
1681
1917
1661
881
828
847
1750
911
844
831
881
900
950
950
969
908
1808
950
894
975
975
886
3006
947
961
914
969
956
2044
911
906
939
5161
1356
1144
2081
2786
1094
1017
1233
5631
18667
517
1172
314
786
2517
1008
3353
2150
1000
2128
3989
1017
1128
2283
1053
367
1150
553
1133
1036
1114
1511
1294
3381
1075
3106
1094
1614
1108
3397
1031
3717
344
961
42
1219
1203
461
8119
1025
539
844
172
917
519
481
617
1097
469
583
981
4539
1933
1025
836
178
4722
481
950
739
997
947
756
164
933
944
986
981
925
917
4767
2744
2942
1847
1900
1958
1039
908
939
997
969
933
975
2733
2881
944
950
872
6458
897
1931
5608
917
1714
875
908
889
872
906
4533
2683
864
892
1936
1800
958
894
3858
881
5653
894
950
1864
2731
2811
939
903
1861
2850
3856
1750
1192
903
1781
886
933
933
881
847
822
1819
1853
933
875
2678
950
936
900
853
928
903
