667
653
678
639
617
606
622
619
650
653
647
633
633
625
594
583
611
611
639
644
636
633
594
611
597
617
600
619
631
664
678
625
611
625
650
628
631
656
675
681
675
636
622
642
656
661
653
683
686
681
678
642
644
653
700
581
797
694
697
681
678
653
647
689
731
714
689
694
672
683
664
667
700
742
711
697
686
667
681
686
675
692
747
722
697
681
675
675
692
689
703
722
744
694
664
667
667
694
711
719
711
747
697
667
667
681
708
728
719
711
558
856
667
686
686
722
753
722
703
725
697
681
675
706
728
758
722
694
703
711
689
675
561
881
736
725
686
683
714
692
681
719
731
742
717
694
683
711
706
708
731
728
742
722
683
669
708
714
728
722
728
711
706
678
672
697
747
722
708
719
692
694
692
689
697
756
731
706
706
689
689
636
742
683
733
1444
667
675
661
689
683
706
722
747
706
667
667
667
703
714
700
703
739
697
669
661
678
689
722
714
697
719
708
667
653
672
678
708
714
706
678
703
664
656
669
689
731
739
703
681
697
689
686
678
714
739
744
706
683
700
703
689
697
736
725
742
703
672
681
706
697
692
719
703
711
689
664
650
689
700
700
700
714
714
1367
656
703
731
731
703
717
697
692
669
675
700
744
719
706
1383
683
694
686
686
742
733
711
692
683
681
703
697
694
739
758
711
667
683
672
697
717
731
1472
711
672
683
686
719
739
719
717
725
706
1350
692
714
750
717
703
717
706
683
672
697
711
750
728
703
694
717
681
481
886
706
744
719
689
661
686
658
656
672
692
689
681
653
636
628
681
653
653
669
694
1381
636
633
667
692
692
1386
697
703
678
664
681
1467
714
736
717
714
703
700
700
769
758
733
736
714
717
708
711
722
781
758
714
708
694
719
703
717
736
775
725
697
694
675
703
711
714
719
761
719
686
686
694
703
714
769
722
750
728
686
675
700
708
744
736
719
725
731
694
675
711
731
750
747
731
711
719
1375
714
731
1494
711
694
728
697
706
739
736
767
736
697
681
731
708
708
742
736
747
731
694
678
742
719
725
739
725
711
694
672
667
711
708
703
697
683
675
650
642
614
650
697
661
672
639
636
631
658
619
617
656
700
664
636
661
633
642
650
642
650
681
706
669
636
644
633
653
675
658
672
711
708
683
642
650
653
683
692
700
700
733
689
664
661
669
703
736
708
706
736
717
681
667
700
708
744
731
717
719
719
692
669
708
719
747
739
717
683
717
686
669
700
728
747
744
708
667
703
694
1403
731
739
722
681
667
1392
703
700
728
703
714
681
669
675
719
1433
722
711
711
706
681
672
742
753
725
708
708
703
1375
683
739
758
731
689
700
689
697
686
697
747
750
722
525
847
669
711
692
547
1650
717
672
675
661
692
703
711
692
736
683
658
661
675
694
725
733
703
733
711
669
1361
714
750
717
711
725
706
692
669
700
719
758
722
703
708
711
694
681
719
731
753
731
694
694
719
694
686
728
728
747
731
700
683
731
708
711
747
736
750
717
703
683
733
1436
739
722
733
717
683
669
725
731
725
708
719
692
694
664
664
717
675
792
692
714
669
689
692
686
700
1472
692
672
669
683
694
686
686
733
750
711
658
689
689
714
706
722
761
753
717
539
844
703
761
739
733
767
739
697
689
706
714
761
736
725
742
719
697
683
714
739
775
733
711
728
700
564
808
717
767
764
719
697
719
694
686
700
722
1500
700
667
706
694
692
703
739
742
739
697
669
694
714
711
706
742
731
725
689
683
706
739
742
731
753
739
733
689
692
725
744
747
736
744
714
725
700
700
742
775
756
1472
703
731
708
1475
786
747
1436
706
719
714
731
761
769
731
1386
689
714
719
1478
747
711
678
689
692
731
739
731
722
753
697
681
697
700
753
750
733
733
747
692
683
544
889
758
756
722
719
731
697
686
725
739
764
1444
703
1433
703
731
742
758
719
686
703
719
706
708
1481
753
711
678
708
728
725
725
756
744
736
694
1394
733
742
733
744
739
722
692
686
731
750
753
722
731
725
722
686
683
747
756
1461
711
703
706
683
686
747
753
917
519
706
694
708
708
725
747
769
2139
700
719
731
736
1519
725
683
694
700
736
742
744
1497
703
686
706
708
1503
744
733
736
703
686
722
725
769
597
2353
1400
742
744
764
742
703
714
722
714
700
744
1506
717
694
719
719
722
731
753
761
753
703
678
717
714
728
1475
736
736
697
678
722
731
1456
744
731
714
694
1428
750
736
733
2164
697
700
756
753
1472
700
714
706
697
708
769
747
711
714
689
1428
706
733
783
747
706
697
1406
722
733
742
769
731
700
694
692
725
742
747
731
761
1389
683
692
725
767
736
711
1439
692
672
706
728
750
731
703
717
711
1367
722
731
742
725
703
689
708
692
692
733
736
756
728
706
694
731
717
714
753
742
761
1397
1447
725
731
750
739
739
700
683
719
744
739
733
750
728
719
689
683
719
756
744
728
1447
714
692
692
744
761
747
719
714
706
717
1397
761
753
722
728
700
706
719
714
717
769
750
711
708
694
711
719
728
728
769
744
700
686
697
719
736
731
1511
719
686
694
1433
747
742
731
761
706
681
689
700
733
764
1450
731
703
686
694
722
753
772
736
703
1422
706
708
750
1517
733
697
1431
1450
1511
1458
1403
717
731
747
742
744
733
689
1397
739
733
728
744
2111
675
733
1492
728
728
714
711
694
692
756
747
744
731
1428
722
703
717
775
753
731
719
697
711
725
706
731
2219
1389
2150
731
775
722
683
692
681
1431
731
733
1478
686
694
686
722
744
736
728
744
697
675
683
689
731
753
722
711
589
847
667
700
703
733
744
733
689
1394
681
683
717
736
1472
692
700
692
694
853
581
722
2831
717
697
706
744
728
739
703
686
1428
719
719
753
733
722
708
692
694
747
750
728
739
722
1425
697
1469
756
731
725
700
725
700
703
728
783
750
719
714
689
1411
706
742
769
739
1411
2108
733
2244
697
700
1419
1464
753
1478
678
1417
742
2944
689
681
703
711
1506
1486
717
700
703
717
756
781
750
719
739
714
1394
1497
764
739
711
739
700
697
725
739
756
747
711
689
728
689
694
739
733
747
1436
681
1417
711
725
744
739
1419
683
719
739
1458
672
808
706
694
686
725
742
750
719
1444
1339
744
731
761
744
717
714
1394
694
700
744
769
736
700
706
686
703
706
714
753
772
722
683
697
697
714
725
578
1675
731
1383
2186
1472
739
694
683
694
711
758
742
719
739
711
686
672
708
717
753
733
1442
706
692
686
722
753
764
736
1422
2100
1478
756
722
683
711
708
700
703
747
597
903
694
686
719
1417
719
739
2178
1392
725
639
833
1481
719
1378
708
742
747
1458
719
719
2111
758
742
719
717
692
1397
694
733
778
731
708
1386
2131
728
2033
869
683
1453
744
733
772
731
683
697
697
1275
1672
772
700
681
700
697
739
1467
733
742
1358
692
697
1489
1433
722
694
1369
714
1492
719
697
714
686
681
700
728
1486
717
708
1414
697
736
731
756
722
692
692
1417
708
744
728
744
1408
1411
725
711
742
736
731
694
689
694
739
731
725
739
722
719
683
689
694
753
731
719
1428
703
700
689
2208
719
2119
717
711
700
769
753
719
694
703
1419
714
719
1506
711
1381
2167
1483
742
703
686
1417
750
736
725
742
728
686
669
1417
2192
742
1408
681
717
744
764
1436
2811
2236
1417
725
706
694
711
731
747
764
708
678
714
694
703
728
747
753
744
703
686
728
706
714
736
744
744
714
692
1406
1447
736
1453
1392
686
733
731
1453
717
714
703
683
686
761
739
2856
700
697
694
753
744
722
706
1392
708
700
708
747
744
728
2053
1414
706
742
1469
675
686
689
717
722
733
744
758
706
1372
1433
742
739
728
1453
1372
714
647
853
731
717
733
700
672
703
1481
739
722
700
1406
683
717
1475
736
703
697
717
700
3633
700
683
1419
703
742
1469
703
686
689
722
717
714
725
733
2092
1422
719
714
731
717
722
692
678
1442
733
719
731
706
706
692
689
692
1514
1431
2092
694
711
767
731
711
2078
703
703
722
761
731
1403
683
697
1453
719
761
725
700
678
689
708
742
