269
628
839
861
250
586
844
822
267
625
881
836
856
853
833
811
875
17
864
853
886
828
819
825
908
267
614
850
864
844
842
836
886
861
861
889
250
603
836
847
267
647
919
883
889
875
856
881
919
897
869
886
842
836
872
264
614
908
842
861
833
814
892
1136
614
847
892
853
261
569
261
631
903
903
869
869
853
833
922
917
908
864
872
242
617
850
269
619
278
631
856
253
628
256
611
833
842
864
42
933
900
886
858
244
383
250
239
656
261
664
914
850
869
864
256
606
867
897
939
881
878
231
631
842
258
386
269
267
658
894
844
850
867
844
903
908
894
878
886
289
564
839
264
400
247
503
406
267
594
833
833
1669
919
889
861
889
872
617
247
858
900
914
886
886
775
58
833
881
278
636
897
847
878
864
853
883
925
917
269
603
867
847
831
906
917
917
839
608
242
856
842
261
636
856
886
244
603
864
858
822
883
922
894
1697
789
908
911
275
617
269
1461
861
844
797
883
875
872
878
844
831
839
900
633
256
853
869
258
578
1669
872
875
856
872
256
575
811
817
267
606
1128
881
803
606
228
606
831
286
592
861
1692
836
264
803
783
836
1439
797
792
1789
586
867
853
817
842
831
792
800
864
861
839
2506
794
881
269
317
233
33
267
581
803
833
1600
869
869
853
836
2411
611
244
864
861
264
578
853
242
581
842
839
39
878
869
847
858
261
583
839
242
611
894
906
881
878
853
1747
922
892
853
864
250
608
839
1147
892
872
622
864
836
239
833
889
650
881
839
847
3425
1106
597
878
244
583
817
267
617
264
622
864
856
258
583
811
808
886
886
864
847
825
839
828
889
1769
856
856
817
806
869
917
889
1683
861
836
894
1133
650
828
867
831
814
886
903
856
831
839
833
819
894
886
881
861
892
850
822
886
892
881
853
239
603
4300
844
850
850
253
611
878
875
906
881
831
36
819
844
906
906
850
872
842
242
614
811
886
881
853
869
1925
589
258
628
261
639
856
867
842
819
814
903
883
844
861
253
603
850
808
872
264
628
264
583
864
844
806
806
6
906
269
628
8
858
239
592
256
350
197
56
844
833
269
631
889
858
892
250
600
236
594
261
564
1800
872
872
853
858
867
1797
261
600
1708
244
611
839
1786
856
2517
853
272
642
922
858
869
858
825
842
883
900
839
864
1653
847
900
867
833
856
247
594
842
847
903
892
867
881
847
844
872
903
2636
244
581
2636
881
853
247
367
247
253
583
817
889
894
1789
847
250
606
844
1822
889
239
617
869
867
842
878
897
897
875
850
842
250
583
897
900
1719
839
850
856
919
897
867
908
253
619
844
850
917
897
864
867
819
828
844
853
36
275
628
853
878
850
850
856
906
883
858
264
597
847
842
869
894
264
656
858
858
261
578
858
1739
892
861
861
850
822
872
881
911
1678
822
814
869
903
881
836
861
847
828
853
889
894
856
875
825
792
886
1758
814
844
256
564
825
847
264
606
881
864
267
603
825
819
869
900
906
867
844
839
864
881
1778
258
589
3
242
367
250
850
814
953
1681
828
261
550
250
6
539
256
547
244
325
250
878
847
814
1683
244
589
797
933
894
856
872
878
847
1792
1758
853
833
2636
928
878
875
856
822
897
1150
864
847
2231
867
861
1094
581
839
4186
1653
797
819
811
875
864
822
844
828
822
228
569
850
261
606
844
850
256
597
828
803
861
875
850
825
831
825
1689
856
864
828
269
567
819
794
258
614
881
864
256
572
839
808
1661
875
1692
1669
2500
864
842
1644
1606
861
861
275
3769
264
589
1694
808
1658
800
850
881
858
814
817
831
1653
886
878
1694
842
1717
889
1147
592
883
2572
922
869
847
869
856
1075
639
886
1731
858
819
817
897
914
1139
869
1375
1761
897
1731
869
250
583
828
1808
1764
861
828
842
922
894
878
869
1697
1694
875
892
1711
842
839
4400
844
850
1772
850
906
856
3469
878
869
1669
842
906
872
856
828
36
842
836
219
1464
619
267
869
1117
597
850
850
1203
589
847
1719
839
847
892
267
622
1117
1447
3414
836
856
842
1717
897
894
894
886
858
1742
1819
867
853
831
1686
881
872
3333
1733
917
864
2539
1839
1753
1694
814
875
864
861
856
872
1642
911
908
2550
833
1683
1764
1694
828
811
883
3456
794
814
897
1769
847
250
617
869
831
869
892
275
642
858
833
831
831
894
903
1128
836
597
3383
886
1703
833
850
903
939
911
867
883
1731
928
3547
867
836
2683
872
850
833
3514
2506
828
883
1692
864
5094
853
3358
4192
2547
867
839
2475
892
1733
850
1686
822
872
889
900
875
839
819
822
1772
850
1661
825
814
861
1703
833
1653
803
869
1781
1081
581
825
1667
850
861
814
2422
800
869
881
833
1647
786
25
8
808
881
1689
822
1619
772
1706
844
817
1861
556
872
881
264
606
2464
250
583
853
867
1742
856
819
817
844
875
1133
1392
806
828
814
1750
858
858
858
861
833
892
908
1750
856
864
853
914
906
858
858
856
1681
894
325
564
850
856
1067
1669
636
883
836
4247
886
856
875
1667
836
1728
844
839
808
2519
833
1667
4128
872
1653
2511
903
869
833
853
844
239
583
1778
861
2547
814
900
903
3422
822
875
867
1697
1639
783
1728
872
836
1681
822
861
1133
625
244
1444
1653
1739
914
847
853
836
833
894
917
2625
869
836
889
908
881
869
861
831
1731
894
886
861
861
847
825
903
911
872
883
867
839
811
1778
2575
831
842
900
892
856
1739
839
842
900
897
892
869
847
847
853
906
906
853
2583
869
1822
1733
1731
883
900
903
1714
844
833
897
892
881
2542
811
883
900
900
1725
244
589
844
917
1794
883
1750
2656
914
1761
864
2661
856
1694
856
867
906
906
850
886
883
861
881
2739
875
847
853
922
908
2664
839
819
903
1789
867
864
836
1775
914
872
897
3500
886
883
881
1672
861
917
919
856
3447
878
289
608
844
1736
828
861
3508
847
256
567
267
636
4528
2736
878
897
858
844
2667
856
878
861
853
869
911
928
1783
869
847
2794
906
894
894
2714
900
256
658
422
469
881
1806
944
881
881
2589
919
900
1742
856
839
897
917
2642
844
833
914
908
878
247
608
875
867
869
1817
883
900
3464
922
889
1756
872
886
1786
858
858
1647
856
883
1761
836
253
814
592
842
2581
1683
825
842
886
883
281
597
889
856
1714
925
886
847
872
831
1703
1775
861
856
2506
872
881
2436
2781
597
1650
825
828
814
4203
2419
1700
819
839
839
806
264
603
5919
2581
842
1614
861
1725
831
850
811
1639
864
867
828
2411
817
850
844
3286
1644
2567
847
828
825
2667
844
856
1669
856
878
861
836
2458
1781
889
828
5081
836
850
822
800
1131
2300
3167
828
803
9494
794
4464
5561
