3
3
569
147
578
153
686
714
678
708
675
711
681
661
694
689
694
681
689
689
694
708
686
692
669
711
689
678
700
692
700
708
725
561
147
706
731
708
703
694
722
711
706
728
708
697
711
725
714
681
742
683
706
717
708
706
694
731
697
694
681
689
697
675
725
689
694
708
708
719
697
708
689
703
708
719
683
697
708
692
708
686
708
694
714
725
717
708
714
714
711
697
717
678
706
697
714
689
686
714
683
711
681
700
692
703
703
683
683
686
694
686
686
689
689
692
686
708
692
697
697
694
711
678
697
686
692
689
694
678
692
689
692
692
678
681
697
686
694
692
675
675
697
675
675
678
672
683
689
700
692
686
694
703
697
683
703
706
689
711
703
700
683
717
697
694
700
706
700
683
725
686
694
711
700
703
675
708
678
700
689
686
692
681
719
697
692
692
708
692
703
728
703
556
144
719
722
706
686
725
697
708
728
714
694
703
739
708
717
719
714
708
714
728
706
1431
714
703
675
703
681
692
711
694
689
697
703
550
142
703
694
703
700
697
719
689
703
706
2097
711
697
700
703
703
692
689
711
689
697
683
697
703
700
714
692
706
711
731
719
706
719
717
706
717
717
711
706
736
714
717
725
717
731
719
733
717
1458
731
722
711
714
706
714
719
708
683
731
697
714
694
719
708
700
728
692
700
692
708
692
667
706
689
692
703
714
714
703
739
714
708
697
711
711
700
731
692
686
725
703
703
686
719
703
719
725
722
692
714
722
711
694
717
700
708
708
731
694
711
742
728
731
714
728
703
731
744
731
717
742
722
722
706
722
714
1444
703
564
153
553
153
347
381
700
703
700
2775
1369
703
683
700
672
692
669
689
675
683
675
1364
672
692
661
686
678
686
675
689
667
681
692
681
689
678
683
708
703
708
689
700
692
708
714
692
714
344
347
11
342
364
336
356
725
697
692
717
700
700
669
694
675
683
1375
683
1367
686
672
678
681
542
139
342
186
122
17
344
361
342
331
669
686
700
678
664
1372
678
686
706
689
678
2136
686
717
703
1433
708
700
717
1439
689
719
694
567
139
572
156
706
703
700
733
1414
708
706
706
1469
1425
742
731
703
731
694
714
711
731
706
708
714
708
700
669
717
678
694
697
706
1392
714
1397
683
683
694
683
708
667
1375
706
694
692
711
672
1400
717
683
692
1403
703
683
703
694
697
711
331
369
711
692
1411
692
700
672
700
683
700
686
681
697
694
694
683
689
694
692
1403
703
692
703
694
697
678
697
689
686
689
697
683
683
711
689
686
706
686
686
692
708
2047
689
1369
708
697
694
714
706
708
700
742
717
711
719
719
703
722
708
706
692
733
1419
700
719
706
722
739
719
708
739
722
722
697
719
708
717
739
711
1436
717
714
692
728
708
706
722
3
711
714
706
731
692
692
700
697
675
706
692
692
683
717
692
697
1381
681
686
706
697
694
694
717
703
706
697
703
708
1433
703
706
725
719
714
692
717
686
708
714
703
708
694
728
694
711
1389
700
708
717
700
703
706
711
717
703
1425
711
1431
725
717
744
725
708
725
708
725
706
722
703
706
1436
706
697
717
1422
728
708
1436
719
714
697
708
711
706
717
1414
1447
719
2131
714
1456
719
708
739
725
711
736
717
725
744
747
1478
753
2211
1453
742
719
1436
742
731
711
744
725
717
736
728
728
2186
1431
706
719
725
1414
719
717
1411
1392
686
1381
1344
692
700
694
1375
1364
1411
2086
694
700
678
686
692
692
697
706
689
1425
703
706
703
697
694
694
703
689
683
689
700
686
689
703
686
697
700
703
686
694
692
1386
661
697
686
678
700
683
692
689
706
694
700
689
692
1392
692
681
678
683
692
683
664
683
672
3422
689
700
700
672
700
678
689
697
694
692
681
708
692
1381
678
1394
717
703
694
722
706
711
669
714
683
1397
706
2122
706
697
1411
700
708
708
706
689
731
694
703
683
703
694
686
719
694
686
706
717
717
683
2847
714
692
1422
706
703
1403
689
708
711
692
683
1411
697
683
706
1367
694
703
675
689
714
1389
681
711
681
706
697
1381
689
714
683
683
700
1378
697
711
1383
714
703
1386
711
1369
697
681
2058
686
697
681
697
703
711
714
697
694
700
703
706
686
694
1375
694
1386
542
156
333
378
331
386
1419
711
722
328
378
328
386
336
361
347
347
14
331
369
714
722
1464
742
761
631
964
811
836
792
747
750
1453
722
706
722
683
733
697
711
1392
697
697
567
147
686
342
347
692
1392
664
694
686
686
2769
719
1397
3469
2053
1375
2017
678
686
706
681
678
711
692
686
675
1408
694
1428
689
700
722
700
686
706
1378
1383
678
681
1394
681
667
703
664
683
692
694
678
686
703
694
686
669
692
1350
692
683
672
672
703
533
817
672
1378
708
706
706
708
708
728
711
700
711
1386
1394
697
692
722
694
714
689
708
700
700
714
678
694
692
692
689
681
686
683
2072
1369
1386
692
658
689
667
675
675
681
661
658
681
669
672
656
675
675
675
694
681
681
1372
681
1350
672
1322
681
1975
675
675
656
653
661
672
661
675
667
667
367
294
683
669
1328
678
2033
2008
697
667
1336
669
667
667
672
661
1331
1353
661
672
683
1353
692
681
664
681
692
681
1347
669
672
4094
694
661
697
678
528
150
544
144
697
675
692
700
692
686
672
694
678
686
708
683
1372
708
683
678
1375
1369
703
686
697
2119
700
714
708
711
725
714
714
564
144
733
700
708
711
2122
1417
700
725
703
722
694
714
700
714
711
697
1406
1422
686
714
1419
725
722
714
714
2136
706
1397
1428
711
1436
703
711
697
706
703
714
711
708
708
722
703
4275
1417
714
711
1406
722
703
1428
1417
1408
708
689
692
700
703
708
708
706
689
706
703
1392
706
697
4925
1408
706
708
711
725
697
697
711
708
706
686
553
164
697
694
1414
689
700
711
700
689
700
697
692
703
714
1378
2825
733
722
731
739
1456
2217
708
739
717
717
3658
3611
1436
703
706
2094
697
689
692
711
722
703
708
731
708
2133
692
708
711
672
689
703
697
700
678
714
689
700
1403
697
694
722
683
708
692
700
1436
719
714
717
744
714
728
703
703
1419
719
706
2111
725
689
728
722
728
742
725
739
733
736
742
714
1453
725
728
717
1433
1442
706
1422
706
703
711
697
694
1406
694
686
700
694
692
711
2097
719
708
689
703
706
711
708
719
706
697
2153
692
717
703
703
722
700
686
714
711
711
683
714
694
694
711
1419
694
739
711
714
1436
711
714
728
703
700
728
706
714
686
1408
711
722
711
2125
1397
719
2806
2125
697
1419
711
1447
747
714
728
756
1458
2883
739
2919
731
725
2183
728
719
1458
719
722
739
708
1461
736
733
728
1472
1447
708
717
728
725
714
1444
719
717
708
714
725
733
736
717
2178
1422
2139
725
714
711
722
1467
714
733
719
1464
719
719
1431
719
703
725
714
5078
717
717
719
1436
1456
722
739
728
728
719
739
1453
1464
725
733
725
719
2903
747
728
1461
733
3625
736
719
706
750
728
2208
1475
756
733
719
1478
728
728
2917
719
708
750
1450
719
731
719
717
744
708
2181
1425
1453
736
744
719
722
747
731
2158
1442
1439
706
733
1436
708
728
2192
1428
733
1456
711
1456
733
750
1464
753
2964
722
722
1447
1442
722
1419
1439
725
1458
722
1464
1425
2892
2150
744
708
2142
719
728
722
714
708
736
3578
719
736
714
722
728
733
742
706
736
2189
725
717
719
725
725
2153
719
744
733
731
742
742
742
1461
731
1475
747
733
753
1494
731
756
750
747
2242
1500
733
728
728
1461
739
731
2228
2206
2203
2181
1436
2883
1464
2167
2150
714
1469
711
717
753
736
728
1478
2906
1458
1414
1419
708
708
1450
2914
1433
711
1461
722
2186
4431
2183
1461
717
722
708
717
2169
731
731
