397
3
144
1144
1067
1000
1047
1083
1158
1006
1050
1100
1028
931
967
1069
1022
892
1053
1200
1092
978
1111
1078
928
536
1119
1122
1050
1019
1058
1142
1097
997
1044
1044
1053
1014
1028
1036
1067
928
978
1136
1042
911
997
1053
1081
992
1017
1058
1050
947
1108
1136
1089
978
1003
1006
1064
1025
994
1122
986
1019
1136
1133
975
944
1064
1061
992
1064
1086
1017
906
1114
1125
1078
1064
1067
1025
1014
1008
994
1025
983
1017
1083
1075
944
1014
1067
1083
1053
1031
1100
1058
922
1017
1131
1086
975
992
994
1089
1011
1000
1106
322
719
936
1094
1106
989
953
1072
967
1028
1014
989
994
911
978
1114
1161
1011
1025
1053
1083
1028
1031
1103
1056
914
1044
1142
1075
975
972
975
1094
1006
1047
1125
1078
1056
1133
1122
989
1053
1028
1161
2086
1050
1036
883
1042
1139
1056
956
997
1008
1008
919
1036
1039
1008
889
1144
1133
1031
967
992
1061
1122
1039
1039
1072
1033
928
931
1033
1133
875
781
797
939
881
919
1258
1250
1103
1267
1175
1192
1092
1069
1169
1197
1083
975
1031
1161
1128
989
1078
1056
994
969
986
1028
1044
1028
936
1086
1144
1061
869
878
989
1158
1086
1050
1103
1033
975
1053
1044
1050
947
986
1083
1175
997
961
983
897
1056
1169
1156
1003
1056
1069
2089
997
1108
1056
961
1081
1164
1075
1008
1028
1103
1106
992
1056
1064
1064
1044
1006
1011
1033
944
317
650
1206
1125
1022
1075
1081
1056
953
964
1008
1017
897
953
1161
1122
1056
1042
1050
1111
1011
994
1083
1044
894
1014
1142
1100
972
997
1064
1114
1033
892
986
981
892
1122
1172
1089
981
1019
1078
1039
1028
1056
1039
925
1050
1058
1033
978
2017
1142
1056
1008
1094
1086
950
978
1083
1142
1042
1092
1142
1181
1039
1067
1075
1069
1086
1103
1072
1078
986
1008
1192
1061
931
964
1008
1067
989
1036
1047
1028
886
1033
1083
1008
1000
981
1067
1136
1019
964
1061
1108
889
961
1106
1133
1042
1067
1086
1083
1006
1050
1075
958
1000
1047
1083
1075
989
492
992
1042
972
886
994
1106
1058
1150
1150
1083
992
1008
514
1167
1028
1044
1103
1008
961
1083
1139
1036
972
1036
1153
1089
956
1033
1008
997
1042
1053
1050
1069
956
292
650
1150
1111
958
1036
1056
1033
1111
1142
1067
892
1006
1172
2128
1067
1036
1047
1064
1092
1058
319
711
947
986
1136
1089
972
997
1058
2144
1008
1064
1047
894
1086
1136
1033
978
1014
972
1047
1000
994
1031
1050
964
2119
1042
917
958
997
1103
1019
1014
1086
1003
867
1044
1114
1075
944
997
1058
1103
1003
1017
1011
972
981
1017
1039
1019
1000
506
1017
1147
1092
986
1019
1050
969
939
969
2025
953
1031
1203
1017
1006
1067
1019
1014
1028
1067
1031
925
944
1081
1103
942
986
994
994
1056
1028
1067
1067
1008
969
1186
1103
908
1028
1072
1014
1092
1125
1042
928
897
919
1169
1047
1094
1089
1000
986
1083
1061
1058
1008
961
1117
1100
975
925
989
975
964
1006
1044
1072
919
844
1142
1117
994
1022
1067
1028
1039
1125
1047
1069
1017
967
1067
1092
1047
914
994
1103
1133
981
1047
1089
950
983
1047
1025
978
889
969
1089
1028
933
994
997
906
1028
1097
1044
1086
994
1017
1144
1103
936
1019
1044
1011
1036
1069
1039
969
872
878
1081
1106
994
1019
1017
981
1019
1081
1036
2950
1150
1050
978
1039
1011
2072
989
1053
1061
939
1111
1167
994
931
964
989
1106
1047
1053
1019
967
861
997
975
1017
1000
950
1947
983
953
1069
1075
917
1058
1122
1072
953
978
997
2100
933
1011
1061
978
1122
1108
1033
947
981
1011
2183
1003
994
942
861
819
778
814
828
758
728
769
1353
1239
942
825
803
756
1211
1136
1036
1022
1100
1103
1125
1117
1092
931
831
883
1011
1044
1042
1061
997
894
956
903
969
1069
1081
953
900
836
778
1506
739
669
806
1025
986
947
1153
1092
1192
1192
1100
1128
1125
1058
1056
994
1031
2053
1144
1156
1108
1944
864
1139
1114
989
1133
1119
1089
1086
1042
1006
1000
944
878
919
1103
1114
1025
1019
1122
1169
2081
967
981
1103
1036
1008
1053
1050
925
917
1017
1069
1033
908
931
1181
1100
933
953
1008
964
1000
1017
1000
1031
961
944
1011
1022
961
922
956
1014
1892
956
1183
1106
992
1208
1236
1067
881
947
1097
1169
1017
1031
2119
1186
1136
1092
967
1861
1219
1075
1047
1111
1089
1094
1194
1161
1061
944
950
1122
1111
1033
942
950
1006
1161
986
925
1075
1061
986
1103
1139
1022
911
983
1058
1008
922
978
1008
908
992
1114
1042
931
953
958
939
953
981
964
1014
869
856
953
956
900
1025
1044
983
1006
1083
1067
1103
1842
1097
1186
1039
997
2131
981
1039
1081
942
867
900
1047
900
906
1178
1122
1014
1161
1067
914
853
931
1003
989
1031
1056
997
897
967
1136
1061
1778
906
1881
986
969
1061
944
931
1139
1100
933
911
908
939
958
956
1011
1108
936
889
1097
997
842
883
1036
1006
961
1128
1072
972
1714
1044
1192
2106
1031
911
911
914
2561
747
711
828
964
2208
1100
1117
1117
1186
1111
1097
983
1094
1122
1033
936
886
956
1050
1133
1047
983
1081
961
983
839
789
833
953
767
744
836
1367
1186
1197
1161
1122
1206
2172
1097
2253
1078
1119
1100
1053
1053
1175
1108
1028
942
903
1122
1131
922
2169
1058
967
1944
2022
975
1214
1089
986
989
1056
1064
1097
1069
1069
1100
983
1019
1094
1092
1033
981
1006
1094
1003
914
1100
1064
969
1061
1036
1092
986
953
1033
1161
1028
856
994
1033
1019
2186
1022
869
919
989
1150
972
1028
1094
1003
992
1047
1061
944
850
964
1092
1119
1006
1033
1022
1967
1125
1047
983
1056
1008
1069
1036
1033
1058
1858
1036
1133
2194
1083
1086
1164
1111
1111
978
958
1144
1025
1008
967
956
819
1014
1092
1017
917
947
936
931
1728
842
858
781
1772
1047
906
861
933
986
850
875
908
914
817
808
900
1058
1078
1111
1075
986
1056
1175
1044
1011
2094
1006
1133
1056
983
1036
1028
906
1017
1203
1128
1106
1047
1194
1161
1075
1131
1133
2339
1083
1008
1100
1100
1094
1081
1031
956
2150
1064
1014
1006
1031
997
1119
1033
997
936
936
872
989
1200
1117
1031
1006
892
894
939
953
825
836
906
958
983
928
931
928
889
828
878
981
867
764
764
789
1131
1147
1047
1047
1019
903
800
900
1197
1075
839
836
933
1036
1125
1014
933
1042
1019
853
878
958
989
1017
483
947
1019
1014
897
889
969
917
817
908
958
989
936
944
1006
1108
969
1014
1089
1069
1003
1211
1114
1014
1064
1061
1078
1158
1092
989
1069
1075
2178
1119
964
861
1092
1231
1014
850
947
1008
1022
1031
1047
2006
1858
1053
975
1019
1044
958
847
1028
1042
931
903
964
1058
1092
2050
1033
978
472
1097
1164
1036
939
1064
1044
983
1047
933
947
847
839
1006
1017
869
889
914
892
792
894
961
817
1675
1064
1075
972
1081
1075
1839
1000
1997
997
1008
944
997
1061
983
936
950
894
875
1083
981
903
1036
989
914
1092
1097
994
