1136
31
831
286
250
817
1117
100
767
300
150
447
219
267
64
69
464
231
272
1081
772
294
853
297
167
950
1100
1067
53
994
1086
2231
583
500
1083
1069
1164
1169
28
553
225
292
69
28
1000
1117
1186
894
322
1100
217
397
500
1103
814
286
617
531
636
233
267
1111
233
800
814
322
1119
1144
600
517
1050
786
264
233
364
239
297
214
869
828
269
17
22
11
50
483
3
231
267
1036
847
167
6
128
686
297
781
303
550
514
58
111
383
214
286
742
275
1050
1017
114
1067
1103
28
506
214
269
1014
219
50
333
244
286
17
33
83
36
81
531
44
289
19
1050
100
133
567
283
747
269
31
19
181
286
211
306
19
78
483
236
281
19
81
650
44
208
83
214
319
233
300
53
11
156
328
217
267
186
331
225
258
183
883
83
1017
569
497
1081
747
256
17
1017
211
303
86
583
300
169
217
478
583
267
100
500
225
278
97
436
481
514
522
131
950
33
1083
747
283
1067
1003
4347
1083
742
275
1133
1117
2164
1064
1069
1131
1117
1317
900
2147
1133
3286
1731
531
1103
1117
1064
219
281
1717
1133
3
28
1053
50
550
503
33
200
500
297
1167
28
539
350
167
86
742
286
1036
2183
781
333
69
514
503
1097
1067
1017
1167
83
1000
1131
825
294
1069
2194
1119
564
1264
322
550
178
256
33
231
350
533
217
900
44
1022
3417
864
586
331
50
136
2131
1036
3331
7667
1067
1111
1186
3250
1067
1133
1133
1064
39
1028
3
17
1031
311
292
14
350
936
297
1083
567
497
969
1081
67
1064
219
17
3
833
550
517
33
1014
550
497
50
731
306
250
864
50
1067
1117
2117
81
569
550
1117
1131
236
847
3319
4461
3050
1067
2050
2081
1103
1997
3217
1083
1083
1017
647
372
2331
2353
281
17
3764
1103
306
2992
100
967
1100
508
269
1322
1183
1117
167
1244
1869
167
2069
2167
1061
1086
3317
2131
1839
311
1217
1033
583
483
1117
614
367
36
117
47
103
81
914
1072
642
372
1067
1247
2439
297
1586
1164
1117
1067
294
1839
1050
797
236
214
967
183
269
947
700
50
917
500
517
1014
1139
64
678
1306
950
1047
2017
2183
50
19
150
314
556
1231
883
1578
2517
150
953
1100
1050
1064
1583
517
2233
581
2603
1814
603
114
3633
2136
981
3047
1064
2103
1017
1014
3233
3067
2183
581
4700
714
2439
339
1772
1117
2119
6381
2114
4367
583
6914
1131
119
997
2147
2447
4114
1053
286
314
3783
1497
2869
1825
1022
317
756
4558
3828
1489
5297
4336
3481
314
2797
8253
1928
4450
4547
1100
669
1578
4817
2847
8631
3383
1406
4394
900
314
283
2719
9139
292
4547
331
269
1683
3019
1031
7347
6481
1053
1464
5033
1100
1000
2231
3364
3203
1114
1183
697
1439
6731
5614
1294
342
13211
1014
36
653
967
275
2969
2025
1878
994
3653
5994
3733
1864
656
2081
3811
1800
2625
1189
1556
869
292
2833
2383
1883
2717
911
872
6764
9225
1842
2044
8017
6819
911
5944
1031
6158
1078
3331
7050
2100
681
519
500
464
1153
12414
1078
2083
989
7144
5669
12842
828
3483
3200
600
1525
1039
989
1086
1069
1047
1022
289
2683
1031
994
978
1842
1019
314
703
283
647
942
1861
925
1992
297
664
1875
903
1028
997
939
967
967
922
1022
1053
308
683
983
989
1228
719
314
742
964
994
961
939
1011
1042
975
958
944
928
275
708
1014
983
275
700
942
958
1989
1050
1922
1969
1017
1025
997
958
956
742
1314
1056
2008
994
992
1089
1022
1017
978
978
1036
1083
1064
1008
992
978
1053
1081
1003
1053
981
283
967
333
1497
1000
1028
975
283
667
1050
1056
983
2903
2036
3847
3053
994
972
942
1017
1058
1014
1000
1911
1050
1025
5950
989
953
953
1903
1028
994
272
675
942
947
936
1006
994
967
2828
983
1003
936
953
942
919
1031
978
942
981
922
914
1056
1019
981
1953
283
644
1061
1033
981
1903
917
969
1031
978
950
967
953
931
1044
983
958
953
2922
294
1658
964
1886
1025
1936
953
931
886
961
1000
967
1844
956
942
2042
936
953
950
950
992
1022
944
958
950
1908
1042
972
961
950
947
3964
944
4828
906
486
2175
2825
1022
5792
18831
16339
18314
21022
3494
875
7028
20017
2783
4711
4664
7347
3803
931
24783
15978
917
1208
642
4633
4636
936
917
2775
1000
7594
2731
953
2853
1822
4681
1197
633
942
11881
3731
8872
8167
3625
306
619
12119
6953
2553
1856
914
864
853
875
861
903
18681
914
861
1661
1742
2653
833
1658
925
878
908
1678
853
1731
1819
869
856
861
864
944
1833
1775
875
1878
2742
2656
947
903
892
2586
3636
2578
911
922
881
4392
903
4286
919
3472
822
922
911
3494
1744
881
1769
8031
4986
