1164
964
972
1033
1019
944
922
1044
1042
928
992
944
903
878
933
1003
897
875
947
967
925
869
925
928
953
881
928
936
917
875
881
894
878
853
975
933
864
983
1064
939
1061
1136
1011
983
1047
1047
983
1003
1044
986
961
978
978
872
892
933
933
833
869
958
933
972
997
947
894
922
1008
914
978
1025
1036
981
1006
997
933
872
906
908
886
861
892
1019
889
917
972
947
936
972
1069
953
950
961
967
908
942
972
969
883
1025
958
900
1019
1044
875
908
1061
1047
900
1022
1097
939
939
1008
1017
889
928
994
914
842
883
956
906
886
964
986
894
956
1022
931
936
1064
1008
881
867
914
867
875
917
939
917
967
983
922
892
1028
992
911
961
1022
911
864
919
911
839
861
925
911
864
917
1111
983
925
1028
964
856
956
1106
961
947
1006
981
858
939
969
961
875
931
1025
925
842
986
1056
922
950
1053
994
869
861
875
875
831
878
961
906
931
1200
1028
1036
1058
1058
994
1042
1028
983
1039
1028
1025
975
997
1008
958
981
992
1008
928
936
1011
1003
925
944
1019
983
897
894
917
867
878
875
897
878
947
992
983
889
358
575
889
844
878
881
825
833
875
836
1639
867
856
950
997
961
1047
1008
928
1883
847
833
889
992
961
958
1097
1111
1017
1025
1058
986
900
1014
1036
944
881
1006
997
1814
964
897
847
947
1025
914
1003
1036
878
861
931
911
856
886
933
897
972
1094
986
919
994
1056
958
944
992
356
575
883
942
1069
1064
969
953
939
872
881
856
1842
922
1008
1028
936
1008
1078
1025
928
983
1075
975
897
944
986
908
889
947
931
889
928
947
903
914
1006
1036
903
942
1067
908
914
950
981
892
919
964
994
306
572
972
989
886
853
931
981
889
892
1067
1042
911
947
950
922
833
931
1103
950
881
964
1019
869
881
967
950
850
886
961
1725
903
956
897
853
919
1039
1000
908
1072
1025
917
944
1022
914
1744
989
881
869
1003
1061
917
964
1111
953
869
986
1067
928
844
983
1022
992
939
1031
1106
981
894
1000
958
883
858
936
958
875
894
983
1050
942
1036
1067
925
872
894
911
850
881
925
953
856
867
925
939
844
939
1036
997
919
939
925
861
833
914
983
1736
908
861
819
836
981
969
900
1086
1092
917
944
994
925
875
883
936
1747
847
931
861
869
914
1036
989
875
892
1803
844
1628
831
1697
858
839
1231
2172
1017
1039
1056
2042
1039
1014
989
1011
992
892
936
1069
978
911
1028
1022
903
897
972
983
961
875
978
1031
1053
900
897
931
936
847
872
969
989
886
933
1039
983
1806
1047
933
881
933
922
850
872
911
892
864
908
967
969
894
981
1119
994
975
978
953
878
1917
925
911
1914
950
975
989
956
903
939
928
908
875
883
931
908
869
933
964
994
903
953
1017
925
894
917
875
878
931
994
936
944
1050
942
883
939
1892
897
969
978
858
914
931
886
858
917
1039
911
853
1033
1050
908
886
978
958
872
892
931
892
836
861
928
911
828
886
969
886
833
869
906
869
825
844
1022
897
836
906
1808
828
886
1008
933
844
889
961
869
833
947
1008
878
836
889
1064
939
967
1064
969
850
958
986
914
858
903
994
883
853
886
867
856
858
925
881
872
839
1625
908
914
1681
939
878
839
897
972
911
842
917
1022
917
850
986
1025
914
858
989
958
858
894
978
936
1756
992
889
842
914
964
903
839
869
1003
906
847
928
911
861
822
881
956
872
811
886
864
864
800
864
900
853
825
892
956
889
850
953
1008
894
933
944
947
881
875
983
1003
875
1025
1058
931
889
900
986
872
928
1125
1072
933
947
1019
889
847
872
883
869
903
1831
906
967
1092
972
933
906
869
867
878
858
872
828
864
914
1744
875
850
819
814
892
972
875
969
1186
1000
975
1025
983
881
928
1011
1772
958
1081
978
886
967
1025
1822
944
1031
908
889
967
969
861
939
1947
875
922
967
844
814
839
878
831
808
1797
847
803
881
931
878
1744
1047
883
906
931
894
842
867
883
881
839
1789
897
861
886
919
903
844
1008
1094
992
969
975
992
878
903
1975
917
975
1061
981
886
969
981
947
856
881
978
889
836
900
978
978
872
942
975
872
856
897
925
883
878
919
956
872
903
1106
1053
933
922
936
925
842
950
994
969
861
894
958
986
858
900
931
944
858
861
958
906
828
900
925
897
842
833
861
878
808
833
906
983
881
997
1247
1025
1050
1064
1047
1961
1036
942
917
969
972
872
892
1008
972
878
992
1044
972
861
950
1083
936
908
1017
986
883
828
944
933
842
831
847
858
825
814
892
1997
1044
1125
1028
1847
1069
878
869
931
922
853
919
967
939
853
892
908
894
872
922
1081
939
878
917
933
889
853
969
1008
892
856
956
986
911
864
1011
1089
906
867
889
861
867
875
994
989
867
969
1158
1000
933
2094
892
897
917
956
872
917
961
986
875
1964
1067
900
911
931
869
811
894
906
881
814
886
928
917
833
911
1967
861
922
972
858
814
850
856
850
808
825
836
842
808
831
883
900
1728
933
928
869
939
1136
983
939
967
919
839
897
992
875
872
894
947
889
850
886
936
881
850
872
908
956
869
878
903
889
853
883
900
911
861
986
953
1817
897
911
958
1758
2047
953
994
1056
931
844
1842
939
872
1725
858
819
858
878
864
828
869
936
917
833
853
1764
833
856
836
836
828
800
864
822
897
917
983
972
2239
1003
1781
836
856
867
1767
856
2219
1056
1142
1100
1039
1031
1014
911
883
889
1686
903
2864
1097
944
944
2047
917
919
925
886
914
925
892
861
983
956
911
900
986
1056
919
950
942
875
878
989
1069
1044
917
964
992
906
883
883
928
869
881
975
967
869
914
903
908
831
861
1756
872
878
925
1797
1822
861
847
928
953
844
833
833
922
836
1678
825
781
814
789
844
797
792
856
1694
844
956
919
875
872
892
878
858
875
953
892
914
936
989
867
861
908
850
883
1036
925
961
2128
914
983
1964
858
883
881
828
819
875
936
867
858
931
939
836
850
864
861
2686
969
878
967
1017
906
842
897
1797
1728
975
908
858
1028
1156
967
903
903
900
867
822
908
967
964
878
994
1108
931
925
939
939
825
822
806
797
792
764
828
1731
2031
1053
947
1089
1108
969
997
1014
903
836
836
925
822
828
850
911
842
814
814
922
839
811
831
867
897
839
869
936
894
819
1614
1633
814
808
847
839
867
850
839
858
858
1722
822
1583
769
778
775
753
736
758
758
736
719
4450
761
747
744
736
767
778
783
761
825
978
1083
1103
1047
1056
944
950
1947
906
839
867
903
925
844
906
961
892
847
842
897
869
786
806
833
819
786
839
858
817
842
875
897
856
1039
1103
950
978
1036
1944
875
869
939
889
850
1783
917
875
958
1042
928
878
1711
831
861
942
889
864
917
1011
964
858
894
950
1717
881
908
883
947
1161
1053
1036
989
944
911
872
828
822
836
864
831
811
914
